"V1","V2","V3","V4","V5","V6","V7","V8","V9","V10","V11","V12","V13","V14","V15","V16","V17","V18","V19","V20","V21","V22","V23","V24","V25","V26","V27","V28","V29","V30","V31","V32","V33","V34","V35","V36","V37","V38","V39","V40","V41","V42","V43","V44","V45","V46","V47","V48","V49","V50","V51","V52","V53","V54","V55","V56","V57","V58","V59","V60","V61","V62","V63","V64","V65","V66","V67","V68","V69","V70","V71","V72","V73","V74","V75","V76","V77","V78","V79","V80","V81","V82","V83","V84","V85","V86","V87","V88","V89","V90","V91","V92","V93","V94","V95","V96","V97","V98","V99","V100","V101","V102","V103","V104","V105","V106","V107","V108","V109","V110","V111","V112","V113","V114","V115","V116","V117","V118","V119","V120","V121","V122","V123","V124","V125","V126","V127","V128","V129","V130","V131","V132","V133","V134","V135","V136","V137","V138","V139","V140","V141","V142","V143","V144","V145","V146","V147","V148","V149","V150","V151","V152","V153","V154","V155","V156","V157","V158","V159","V160","V161","V162","V163","V164","V165","V166","V167","V168","V169","V170"
-3.24356642588628,-3.44191292106722,-3.27220540750451,-3.92705655116518,-3.57732664981581,-3.79862638402808,-2.84803932855497,-3.82207141359245,-4.03711146902542,-3.82561243483097,-2.7973027308695,-4.26653419310775,-4.74930302966579,-4.22419295670321,-2.58441733389403,-3.88097115087253,-4.42858391398965,-2.93185072629962,-4.44405889687409,-3.79770527788872,-4.30065342120705,-4.09637054137018,-3.42394725232714,-3.95299846196943,-4.53111764870594,-3.65564073516599,-4.47479030010751,-3.60497886905093,-3.26908815532209,-4.25620961299956,-2.62879874197543,-4.39212530036238,-4.60664521646096,-4.31828328878867,-3.13118992700032,-3.65499747016266,-3.96981167200661,-3.69859879036118,-3.70302876034657,-3.53261798962081,-3.10441054502098,-3.96950535185384,-4.37265828723757,-3.53565332780339,-3.94405152737572,-3.7631833685143,-4.45177512157467,-3.82249831580257,-4.21944408977997,-3.40047204074709,-3.13949857869582,-3.95862180332901,-3.21573316605523,-3.28682919596708,-4.21949526507317,-4.02970588235869,-3.29399969528662,-3.69793054988808,-3.37351786043358,-3.3248338456739,-4.94067565929486,-2.62119373256307,-4.08796780171593,-4.44060105841759,-3.79310334852429,-4.13076176940282,-2.28795761979041,-3.33341898691535,-3.53681495791898,-3.84897268274314,-4.07297928727823,-3.09793034415437,-3.7347780868834,-4.78565405131401,-3.53366016434025,-3.57731033183903,-2.82241939214262,-4.02853035010846,-4.15572968651577,-4.57416647760984,-3.73992740724876,-3.54006062845335,-4.59021713765854,-4.06761652199923,-4.73595596896357,-4.68808700579635,-3.27018857089591,-4.60933610752527,-3.40169449232831,-3.27752172527871,-4.64458598116977,-3.63070178848819,-3.4935677204396,-4.44465797585008,-3.77449573737278,-3.70982037087519,-3.54635345755178,-4.55703001298063,-3.41466900257682,-3.42453589384204,-3.66511477822895,-3.2600884533094,-4.30913479197427,-3.4743157666534,-4.14558583248993,-3.50763560667163,-3.62509564300187,-4.69509023025905,-3.3472958989444,-4.26489306490462,-2.9241827386546,-3.88290549024286,-3.85113101010891,-3.83632423772205,-3.61227637963343,-4.08479336203477,-2.54123993969877,-3.55778565821249,-3.57072879675135,-4.37695653370549,-4.53330547453954,-3.95857213272988,-3.00611228592704,-3.8756403960124,-3.54724484054937,-4.14704588960659,-3.89778847484227,-4.28335204141902,-3.11937257028568,-2.74962604697423,-4.7989766810355,-4.06963593169886,-4.12874560272378,-3.96685633629431,-3.61310451922497,-4.92124451112875,-3.73298279759063,-4.49786118376646,-2.60749907443232,-3.39290237036049,-3.35756124257107,-4.12089514990755,-3.48512239396774,-4.27867189723791,-3.96918836170226,-3.94863867438711,-3.46812988013474,-4.05026117485466,-3.65742982983298,-4.6630062916087,-4.02245684027271,-4.53701309599152,-3.88916985354731,-3.71467375747406,-3.73426436989468,-2.68151818376944,-4.18466933119308,-4.53750275090689,-4.06734731014062,-3.75623229868374,-3.99997417055384,-4.21105378436993,-3.00861709412805,-4.15773031273146,-3.94770100417431,-3.36129572575897,-4.49160951055206,-3.46152067817734,-3.37286737380723,-4.20128295088963
2.90332175756561,2.63866679829993,3.93128534017061,4.51515511645762,4.33646380925167,3.71996134990295,1.11528179342694,3.47130262767773,3.96276539586959,1.97109064668537,3.25900973978995,3.28726544250605,3.74043765849503,4.33228772033762,2.43511545166684,1.79348796704609,3.28239931311569,2.33894591667346,2.35737734650923,3.31042299487683,2.07394385341795,3.22889542473085,2.73506793187098,3.76020703671734,3.43474895284699,4.38491272492993,3.00462860721576,3.30263063712064,2.99646441595531,4.40465661513462,4.35823029878764,3.11242321997836,3.24624252858658,2.07508136679418,4.06651924515071,4.02655906800379,2.4580201562312,3.33292899742493,1.75379419400203,3.47172745980374,2.73116159786803,3.2630041227602,4.30547205767526,2.82660072783051,3.31208297331048,1.80938103051283,3.1292499624299,2.88269795878322,2.04990843156579,3.9175298122802,2.7204993067109,3.02536172963811,2.30916788415994,2.35695194984119,3.24651100683967,3.32151676366945,3.8065566523689,4.05441461500245,4.09767731314282,3.51605379256168,3.22354706810131,2.15612010240593,4.40586632887042,4.24359704359405,3.34623611396749,3.80012151086149,1.57616069682262,3.99023533256974,3.52253879079215,1.98675860044937,2.00284949053351,2.1941384330474,3.31603908002471,4.53135513346419,3.23035157662057,1.47407570405429,2.44069243854063,2.78395038486007,3.65849768401979,3.30392422002683,1.56648134893398,3.68117071244121,2.90309552079178,3.39149921313135,3.81594670207096,4.24897263354613,2.97725764293822,3.85783790724152,3.07868263220373,2.67059478960262,3.52577318377384,1.35217078970528,3.50474815929943,4.14167027683442,3.13140773944974,2.04281007523756,2.74927221630216,4.11381237654221,3.56108456107957,3.17532434370407,3.26022641043031,1.57722493510445,3.0633643179473,3.56881786132976,3.0458298791944,1.71387783948926,2.6812301116883,3.97209710328666,3.54017897591806,2.71009458245571,3.99710806851232,2.7219715520953,4.18518583397779,3.24443947482926,3.15174017677804,4.19038906639741,2.62107020789058,2.84305836501011,4.95544516449602,3.42066824143574,2.62678122367194,3.7663474727125,3.16250068394032,3.27914925055852,3.61826936117965,3.50245759262143,3.79466018288258,5.0173209212996,3.79420455431509,1.81840713216282,2.93128132554514,3.90744971606382,0.75442555605574,2.71676287498491,1.50553551168066,3.94282154328665,3.18376832595673,4.08840183015177,2.99297866663812,3.40098518641645,3.16747170492671,3.608266071447,3.3237788383882,3.04887214238545,3.59998740780681,4.42463295374624,2.45790420536088,2.15366257458122,3.44374702096083,4.56259967891793,4.08372809508447,3.84422391944234,3.45383214925756,3.22530743094399,3.94915803960688,3.80725550325422,4.29842532721074,3.76681109280029,4.10886473305802,3.13746241141955,1.84791141977628,4.17934849090779,3.68323702317837,3.97986749554879,3.45693022041838,2.46340136363259,3.16110673363189,4.76391795834347,2.62657687397846,2.69441766051384
9.12238779285742,9.78611078778679,10.3645727155437,9.45970805521157,10.2503081611697,9.85940984843971,8.51767955876681,9.60962899660855,9.42232760213318,8.67881633026923,9.2853953444973,9.3017426773242,9.23284023457231,9.91448831336626,9.50686970203962,10.236182838891,9.5393649515649,9.70163689542903,9.6910670180248,9.4845655583923,9.55972361513898,11.1179406119689,9.22023806188373,8.3184811329046,11.2045643818813,10.1815430042291,8.77993134010392,9.28422740373698,9.37179018848975,9.64136261706574,9.37170664426383,9.69610502619479,9.51339286919372,9.78579776178515,9.15691946942442,9.09510958804427,9.84790942404791,10.2419596169399,9.4774432475553,9.48058591343953,9.21524383036576,9.68360041296507,9.92450165692481,9.76279962644255,9.07478628231482,9.24795249866713,11.01004962808,9.50670825448225,10.2515884926504,9.66653893301744,9.53680573946162,9.89154294706914,9.37564729962181,9.1687653309704,9.53520609510101,9.60401043473215,9.75402434939921,8.38375856338884,9.05441626370521,8.51532915488634,8.8388445884384,8.31568137901303,10.272679871534,10.6000922793597,10.3488587579108,10.6704000238083,9.42864071544269,9.15120001683911,8.59814789887156,9.50561179528541,9.64500405621873,9.81505400012675,9.17153673470892,8.59374409841365,9.57555537947248,9.35719906924329,9.39006128127542,10.818398847041,9.99525025791726,10.522077947532,9.69862356690203,9.08812412012358,8.92647585311558,9.68508665919521,10.8893406597443,10.2711121552864,9.4382701723852,9.28886056778001,9.50206327836169,7.932977910459,8.14865300831127,8.99114213554699,9.65663764019896,10.5176462224642,10.0254027691458,8.90138262458959,8.33346498052559,9.24434153775937,10.7879632219786,10.3796761466379,8.42376569352273,10.128967405373,9.72321374730419,10.1146901100316,9.51175967334898,8.46070775711986,9.72082553003461,9.56989015475986,9.78156593243261,9.35174991042951,9.58974876948595,9.91173808412089,10.3005448121674,9.15426261804392,9.73799755977853,10.0358424113884,10.3278061134138,9.16142953136077,9.65631561314508,9.58214189909612,9.37091240639394,8.17956751620356,8.79770553384724,9.45983548406053,9.49542549796339,9.48455774065147,10.3252151514942,10.0142912810473,9.59676687502008,9.39624289622701,9.43825494155511,10.3761529234814,10.2902492757264,9.76168575471151,8.64610895027555,10.1272152806706,9.70299972588384,9.46277431243433,10.1271896082724,9.07119164752687,8.64182130017979,9.45499901001195,8.75216315312892,9.51065944352605,9.75758917839173,8.91401130341752,9.44243395183543,9.50848259810031,9.3456548813217,9.98549867450786,9.60361775120078,9.60625343981623,10.0068510206433,9.49820817801644,9.38180224982834,8.8977197641306,10.3197481454585,10.8138842882697,9.61718731314496,9.93784494393332,8.62440405634102,9.45735346057136,9.11589321703053,9.52645519522382,9.50857123604402,9.66393690925006,8.97669664252921,10.8067268449671,8.60218182433645,8.98844852609784
-5.26916581486342,-5.31974473648698,-4.16003276467624,-5.92433943855805,-5.38679488085401,-7.2193835463518,-4.515911822291,-4.76901522347558,-7.45722826015896,-6.84577813757185,-4.99865503224912,-4.83133874321968,-5.97107032316915,-5.98376899130423,-5.61919247618318,-4.24091381860527,-6.06467943630252,-3.89667474882879,-7.28577854987305,-5.04990885917489,-5.70014936491417,-6.58767287330045,-5.0038445185354,-5.47904719226538,-4.71524894311083,-5.47970720018163,-5.54047287373002,-5.75395776639958,-4.77715582810753,-4.61186109430539,-5.68584255119911,-4.7610179734342,-5.89749233189271,-4.69755030858712,-6.88623352136017,-5.24740921544222,-4.78144565599713,-5.42945874807139,-5.82167531645972,-4.98383171759395,-3.75494223250996,-6.31456640445194,-6.02696280143132,-5.4436584157066,-4.47737308657343,-5.40395853587651,-4.43819293770509,-2.66523914442844,-3.89294896381576,-2.67884094506362,-5.34543570057052,-5.36513750260523,-5.65805570481719,-4.49049523912811,-5.28487653364962,-5.9591463519446,-7.02018493305342,-5.22883228453499,-5.29793633701296,-7.1061525482695,-5.1790095131896,-4.10962079921988,-5.2350508868108,-4.41992536212395,-5.62268009226302,-5.10751659560737,-5.46287509226501,-5.04507782602006,-5.54794271522393,-5.63151894817532,-4.62890677138335,-4.74913947345083,-5.93772639428741,-5.64999410049877,-5.23778132169481,-5.44005269662159,-4.65156745025388,-4.53303991756605,-5.93534556465679,-4.80260950543189,-5.43163256764108,-4.92911780580346,-4.72651741304249,-4.20864627927245,-5.11057380931859,-7.21512029405621,-4.33969242347538,-7.13935402172983,-3.356984487627,-4.51259097492943,-5.78085341750917,-6.13069614898723,-4.982929512393,-4.71978797450591,-7.80145624328242,-4.87652666508295,-5.24171031406678,-6.37587408012994,-4.93348320867851,-3.91921697681476,-4.65252295091946,-4.20730596212071,-4.84498309906379,-4.5688673847814,-4.26678818009205,-4.40410893516618,-4.78351352831777,-4.63809854133999,-4.63302808734456,-5.98473077604613,-5.82428326120128,-5.33979766151655,-4.51531485575588,-5.99363289769217,-3.71227929031942,-3.84288343696352,-4.66860293203074,-4.99314248257947,-5.49178169845346,-4.8277817468427,-5.41786081579921,-5.64858637277883,-4.36733187893081,-5.03747844416996,-5.39584859585397,-4.93881787445221,-5.36042923940866,-6.01983316514352,-4.96822758668206,-4.73325616342244,-4.78361521693367,-3.28307449654931,-4.69073838301478,-5.00974509087255,-7.51052309973933,-6.33325464671704,-5.21395767449406,-5.50988928407271,-4.89639700852028,-6.47843971544529,-5.10112755992464,-5.78719129136616,-5.28283056962341,-5.18528199459448,-5.67514360973202,-4.08347856612917,-4.09704338415217,-4.76733894425958,-5.50162598657506,-6.67598880557166,-4.71387007683774,-5.73858625706612,-6.92800822193181,-4.96242040760299,-5.42308770999796,-6.29685930735584,-7.2753862460396,-5.62598097440364,-6.08105828232636,-5.49837567522184,-5.03969629832948,-5.21726786104752,-5.50536327665009,-6.18475329329765,-4.87739532210388,-4.32158669985278,-5.32168013672572,-4.71312817937989,-5.1813706113205,-4.01819200149012
-0.386002078146588,-0.208797019531939,1.08054805818333,1.96960634325139,1.4235618071074,1.58823648161066,0.63315388307706,0.81574949390247,2.35194465867031,-0.0756178854994689,0.356494751576114,1.2588701767633,0.192603271630396,0.662743222304858,-0.363239427572083,-1.22494820997026,3.21281022842952,-0.787241210980786,1.60233366692874,0.53230576260828,0.319688920963486,0.704050623797398,0.492391753773499,0.667341141261021,1.26027737896787,1.19179502578038,1.31007139763453,-0.103196980462595,0.886369103557741,1.42789656567258,0.414284916952153,0.215811428455609,0.604264118532888,0.0680332344675896,1.05526017683088,0.981068184694524,0.366611453460017,0.0344395966416361,1.2031404712913,1.79927465170625,1.54034212538249,0.910495971844143,1.83667105270399,1.15743804297987,0.970475155405983,1.05226720159783,0.945636355720906,-0.349060476096587,-0.509102784327818,0.451978632866728,-0.262489431459623,0.516720465818973,0.209934032242422,0.43004389223823,1.68351651114909,1.18226204963636,1.53004997119254,1.12358771265456,2.27263777336043,0.588039254019624,0.24717897801282,0.449455585213893,1.41789115849892,0.339408374739481,1.84257127493136,1.11901985348812,-0.555710891128616,0.548954547535793,-0.430899221391788,1.62877016383106,-0.120453002870875,0.236677765735601,0.683558233845951,1.78604325347938,1.55258023118308,0.310791701241799,0.479316309721054,0.832215310257257,0.868966452125503,0.394712338115447,0.165215029396161,1.18233485145059,1.26071205920633,-0.773774355103155,1.90549847515075,3.00311068832693,0.410997365765821,1.18349739177248,0.97299705005841,0.318128280233292,0.647359034211655,0.802915839153347,2.55815781398956,2.05511547313975,2.30393707653056,0.444038338716941,0.165093069621272,0.714721518610561,1.81462358659629,-0.737320685630402,1.29209776140973,0.0465536361865562,0.765786065296687,1.0777470233808,1.40223563753741,0.425716624840234,-0.018932787084465,1.07254263783597,-0.735386192351532,1.23930139036895,1.21634628931406,-0.113789348247399,2.3662788548067,0.212272984071796,0.349526852723783,0.460472735677113,0.667302986745718,0.41905691043317,0.707963838065538,2.72450400275001,-0.174970693368001,1.72201424237382,2.03614177636032,0.348569071091925,1.3584259915707,0.933943131251177,1.20786875501926,1.80807412454465,1.12191738581344,-0.229195360982139,0.679038551707362,2.37844757390825,-0.889145927463744,0.648773343157876,-0.80456977845799,1.95334113321342,1.39271331051553,1.19286385034255,1.2852743722185,1.23793093655286,2.02138605711435,0.375161847401257,0.65388833331291,1.39405341237691,0.455976135076618,2.39225242580543,0.420734945280348,0.869159378271901,1.50060406237219,2.13514138192467,-0.489212847195333,1.41299845258694,1.4542106595116,0.532574687472607,1.52626435121202,0.978636926084409,0.663194293661736,1.28490679848112,2.20950898274026,0.502784226531503,0.462133883192179,2.00676359424184,0.906500890426198,0.409352435405363,1.80103399363991,-0.282983152174706,-0.0292761743647303,1.04027214271316,1.12192933510536,-0.833410794562696
7.82813565122878,6.41112299935468,7.35366857256321,8.21917200104123,8.23011084433145,7.89979298584355,5.62081153670101,6.29663278329211,8.60659425834787,7.66567803616193,7.44591125510528,5.66520208616487,5.92894505921391,7.69207589149555,7.10030614341261,6.32197143374162,7.28645754902946,7.48870735498425,8.14481604208893,6.59066113019173,6.87022577431199,8.87929080084694,7.1497056500054,6.76093959742385,8.14248801407775,6.99787737496165,6.68416781426518,6.26664382279268,6.8008036491023,6.76124812370274,7.35862474009815,7.11426777392661,6.14005443812953,6.14229019132173,7.80897784215958,6.55480395473908,6.76716129483979,8.02279216234319,7.59697412542227,6.98646250426733,5.05210182297238,7.11669776232317,7.89690352281516,7.45309382029696,7.17087650303429,5.98463802758982,7.07480676729091,5.32918538113702,5.10382673900532,7.45366439908332,6.84681326382776,6.78014902906462,6.00098237130389,6.03464602637751,6.66787743491876,6.9852110910313,7.47719007671002,7.00322094902425,8.10726299705957,7.12962137862947,6.58787208994515,7.55201660734577,8.30021610017754,7.00326605560884,7.4502340429511,7.98597938710161,6.61783818087725,7.0379259142277,6.31245643997164,6.90976704821623,6.33284926422872,7.06182792139707,6.98239167659045,7.05250039628131,7.54188553182102,6.41729034320545,7.19502044412122,7.89958550846942,6.86273471376608,7.59991863333567,6.01398257004336,6.62916782605694,6.72715607652968,7.1453416783468,8.56600112566785,8.68044087592756,7.790839461144,6.57594369340767,6.90847195236266,5.44643250647514,6.46608176299129,7.03499767823449,6.71630875880198,8.50301244373391,7.58245747985198,5.77349381028766,5.87228944353005,7.53414064356521,8.61191896484343,7.00147694345024,4.44451936913107,6.46376773380583,7.41974553396457,6.64367956954703,6.63627922384699,6.64901366938857,6.83214136788605,7.18865435675684,7.06381978345929,6.84041293404401,8.21133524787025,7.46082368604813,8.61797651624749,6.80609687811119,6.52262910147595,7.25094638470995,6.80446997269534,6.0437630239561,7.52639099454538,6.66775631024812,5.96958194298327,5.30198411914098,5.73914210787934,6.33541019562835,7.42982552584748,5.96718211087937,7.29565125740639,7.69161668463158,7.35015034650904,6.53735867387624,6.684288769769,6.54637070161496,6.44585938524423,7.13952302945956,7.12752780575547,8.29248450059456,7.59234511829678,6.4418177157061,6.49885264605252,7.7316033033618,6.46526244576552,7.73373505856358,6.51504785384782,6.28092769408846,6.51911878545175,7.01322526211839,5.63743775044872,7.04018233153637,5.87666433553047,7.25146828410272,6.80089148678857,6.89452062631875,8.55895087664317,7.63367913733729,7.31438360286038,6.61913894172926,7.69661708885857,8.39469795207555,7.04144263377928,7.18679921587016,6.75345510531283,6.89582590320481,7.64821656290543,7.05617111686426,7.66381460224756,6.94113995442673,6.62480603264753,6.97774371306951,7.13282164906041,4.81138723525325
-7.93384443481386,-8.62111999215444,-8.54254351305184,-8.43029746457234,-8.41845503196933,-9.52092424756479,-7.69278846046585,-7.70953224342007,-9.55763344914802,-8.95963365076271,-8.22985581312372,-8.27867359294987,-9.40241234924296,-8.66732446141694,-7.99454310727005,-7.93966451037631,-8.778812101948,-7.41434068006385,-9.06327099309541,-8.18369629338418,-8.6711231278248,-8.47081211730656,-8.33432539432147,-8.63652316511263,-9.34631588066717,-8.64442126357685,-9.36296363231232,-7.76413898570545,-7.91667394939413,-8.26121601290192,-8.08648974686722,-7.836985081703,-9.69204015056009,-7.81693255248195,-8.27294576146094,-7.52991360980461,-7.84187943535322,-8.12477764626628,-7.14532537288828,-8.74032192814723,-8.97608014113342,-8.17606253132823,-9.35801730393742,-8.34433345640833,-8.37839946448443,-10.1368776876246,-7.93065124230723,-7.44814317788939,-8.39767747934166,-7.91966013070402,-7.56028160978798,-9.26621856430999,-7.42024699837447,-7.84429719129338,-7.40582141646256,-7.91775245208262,-8.72703505014922,-8.19836131380831,-7.67086213671167,-9.28548519690696,-8.19888307383494,-7.55436175837547,-8.44200034857879,-8.94366182423624,-7.79446610193779,-7.5501451075179,-8.11488529573285,-8.9625270453616,-8.07225296901422,-8.97718599933581,-8.04083412353526,-8.18898641689048,-9.75843057652267,-9.15137965669509,-8.23971896855668,-8.5275717930662,-8.33716163911605,-7.69407140652479,-7.78898827067163,-9.76417733562939,-8.20310853250989,-8.33671186576126,-8.89092488595488,-7.27551816915091,-8.37337036505356,-10.0706158351976,-7.45079492956511,-9.39742573360766,-8.22232069662051,-8.37548027412743,-8.80728487647917,-8.35886877010707,-8.06156387323718,-8.81986724179278,-8.05256896249605,-8.19776034515335,-8.53524946349947,-7.78252838471633,-8.28254927441965,-7.67074758661393,-8.90062273168752,-6.56898518603898,-7.76581173254054,-7.97303131619465,-7.78590726246865,-8.79872676203622,-8.13288948153295,-8.28957307144488,-7.73656241368393,-7.63813485398288,-8.65564447371213,-8.25189113317226,-8.16662619493992,-8.72257786531714,-6.00920139672689,-6.84449132441175,-8.34536234927764,-6.6722422824724,-9.03347232023268,-7.66654547803192,-9.44750183370692,-8.9676726011293,-8.11646464982856,-8.74388289240135,-8.17589338483263,-9.69236388505693,-8.595155326172,-9.43721335506044,-8.10903475027081,-7.84570207665126,-8.37914923494116,-8.75677204629855,-8.2005567723018,-8.14600011817425,-8.42997352375892,-8.02634133337661,-8.95664666988457,-8.48655127650789,-7.11639124349232,-9.43012963573507,-8.32264705985198,-8.320191010811,-8.4559888730745,-8.7574433869201,-7.64099332779161,-7.71340572952944,-8.12193576420397,-8.83599366593895,-8.24306395662691,-8.2389192373781,-8.05620914650294,-8.6677248675873,-7.48161423387596,-7.54585675936351,-8.33447437795658,-8.55608285762714,-8.18996159750262,-8.77185210675104,-8.68162810383572,-8.73329155734268,-8.09897087688621,-7.68788920698951,-8.83639264382407,-8.30664940790813,-7.97503881914457,-7.87974323054523,-7.7678125765803,-7.91858299082979,-8.68354181187219,-8.04760626495287
2.54448465123852,1.93476576840338,2.0195734692671,5.38022439923119,4.03772226850563,3.98713911565813,3.27896023594954,3.73825784779522,6.11434122345951,3.57717765649732,3.38180909190878,3.01833589431125,5.93976556762165,4.70914445296603,3.70757659510697,1.56044059519933,5.06259087707968,2.0677300606175,3.62082850068964,5.53630381234247,3.53930111630006,3.26632704140994,2.33491055596141,1.39805724594696,3.12525371826998,3.88696958380924,1.99806818098578,2.5325617344618,3.50466504103239,2.63719252314203,2.88929422078438,4.10700159648616,2.57750314565106,2.36705852559419,4.3986701855018,4.07079546102679,2.64988964684431,2.51306813524328,3.71165752878352,4.49005358035609,4.34226777568679,3.69176298124286,4.66071959804327,3.47627581376632,3.35016934756863,2.91625266784539,1.20602217804659,2.6295059252409,1.34926692158228,2.0563000736063,1.58244267914108,2.96128232737369,4.35988927825166,1.86083701204367,3.30795785655187,3.67304238575709,3.40477219663388,3.96618636910281,3.56269499050123,3.45428921976096,2.15390630729146,3.03899046488324,4.17563032402344,2.18238145975016,4.51383261249156,3.5576546680836,3.24494834759291,2.80769190124086,5.03186450954688,4.40402365832626,1.86190090930793,0.953151239461622,4.67037194934765,4.03477110384288,3.39223850963835,3.3083129507018,2.95344424300731,3.18266562209298,3.83580753798128,1.08976357878515,2.37379361080357,2.85726980324502,2.05134158250948,2.2853010247437,4.03210539160222,2.183847556343,2.35106489197157,4.71259563666988,2.81926492213919,2.30873719316659,2.7917534441626,3.08905126413285,2.69482507716823,3.97145585175123,3.75685380715267,2.05630379949199,2.58567238059581,3.46993448000898,1.27312438667313,2.30719012867948,3.58967133568776,2.69845173960382,4.7813888746231,5.1318279839245,3.46460969962772,1.98017587097307,2.1742491720592,3.08273587509363,2.28321271680377,2.91364733229538,4.00665649597804,1.5355202219439,3.78883891759706,3.29371358757673,2.71992168335129,4.93637792549686,1.35917494140528,3.34986184063803,4.17899663995925,6.15932343890201,1.61492184350492,5.24646671465521,5.374789463281,2.85692179995523,3.8794951781273,3.32886102882712,3.27265752663996,3.9833058031304,4.12823365752869,1.88296745423723,2.91891631559033,4.34341329439282,2.1975260337363,3.23269872106334,2.76034936382926,3.95225055626814,4.27067360922148,3.68467681705151,3.60250465067166,2.7845209157158,3.20707316014837,2.9264451442757,4.88365621122934,4.00027302605372,3.76863552652384,3.95160194552008,2.06848616370881,3.99934579312416,3.51527354985683,6.35351950288446,3.07274816329062,5.81622710260345,5.32001300210996,3.21813237631935,4.47066765526787,4.2601670715151,5.09019177706226,2.62175991398593,4.88999901480984,3.11551069122422,3.70709570408626,5.69431579277082,3.36442571887442,4.1963104942763,2.24623665278547,1.46398706354744,3.28126717704449,3.92657028195855,2.68875650704176,1.43917020010029
6.01048729109235,4.93495591734585,6.25631676662359,7.87909609366836,7.23069315024006,6.77128553938785,5.18379115288411,5.9989063305803,7.90937642306801,7.11593220242355,6.28188970492416,6.13765054717158,7.57777715326687,6.626575155461,6.28831203465074,6.19465414513515,6.66738644424936,6.56517635853929,7.01962874089018,6.1296273386202,7.22216318293188,6.62060512148483,5.99442262513422,5.38753610423353,6.64642657864427,6.54856921585485,4.99555453469996,6.39802331661206,6.6550112113752,6.3072764706477,6.31687613242209,6.14129005076184,5.93498450800049,6.4371672980849,6.30834741227216,7.11773919726315,5.87355782726758,6.58664707437396,5.89269914776419,6.8179777016509,6.69044192520579,5.91144948043198,6.14684470143484,6.70917290861669,5.80670624872162,5.7473577752901,4.63443931710519,4.86854763261478,6.49917935493565,6.10320429406053,6.44626586713067,6.02402979427472,6.68281836650896,6.38035596464313,6.60763927287067,5.82579496821644,7.10117669095434,6.15408420563177,6.27784528588172,6.30110085336547,6.06100168089556,5.44415871181127,7.35859971545082,7.13342993174253,6.12718256944932,7.17884654479567,5.94392743835328,7.14614095440615,6.30884731636446,5.97373929371704,5.63672701287125,7.336785177399,7.61029427179627,6.72749961567318,5.6269702153154,6.33471779027826,5.72736127507081,7.83941579752304,6.07324748317634,6.44539784004261,6.22220401759271,5.57395519909612,5.34622786077392,5.37176374054798,6.47341371512999,7.27364516315304,6.16508026454506,5.22855232574056,6.56651583753517,6.02183352095998,6.44368832692415,5.71880975883387,6.42742125024716,6.88020387052729,5.56108647934868,5.72680664771805,6.23903406913386,5.70251691622139,7.00580428248478,7.33317437087076,6.47489909997582,7.48209591250135,6.76468521155483,6.71976786637699,5.611436666889,6.57696993901285,6.38709479482594,6.3896796726589,6.21457247586058,5.62030549756134,7.15115444297937,6.46847930989875,5.9614506741694,7.34923924158797,5.412526710579,6.87448237599902,6.41657332049971,6.00728087595931,6.86910339601993,7.93369394209281,5.52929179728741,6.44713875677405,6.86394599081545,6.12450646866151,6.5695286844398,6.38576869789286,6.42428008383554,6.92585519519772,7.33407093985106,6.73857156739994,6.36905374092743,6.55248699093942,6.44049866338687,6.44208349698972,6.65175444981306,6.81241548377961,6.48824136991043,6.39877134484044,5.19379823575825,6.79211600293108,5.34451794791775,6.49238019133688,5.47312354264859,6.14712039567172,5.63041562545936,6.984806412491,6.29491568997182,6.88627587325511,6.95157613822831,6.36557614177064,6.70799439753039,6.00371967037276,6.87419297137172,7.09217044978913,6.60413986931161,5.38743504316635,6.38582608642885,6.29278266979249,6.4866076189757,5.54493781601186,6.82983377216781,6.29158377565867,7.16238412220957,6.58430820536093,6.54406278630912,5.81674058611396,4.95284573533331,6.74864564784754,5.77532747108515,5.96649871795527
-5.82956157109075,-6.75150258373221,-6.78597281731991,-5.54224331171806,-5.82780041770549,-6.44905708997654,-7.0181182639547,-5.98044053690987,-6.96216909817215,-6.5652879339556,-5.30211557388511,-6.04034697564138,-6.22051809866901,-6.79898419948706,-4.91913028416255,-5.71471173968098,-6.30052155326634,-5.17606012847468,-6.02335530285721,-5.62091109928619,-5.42034687974203,-6.26943374910517,-5.83214207841903,-6.36148922286836,-7.15741636291242,-5.74871302532883,-6.41566741264629,-6.08382674032527,-5.94641976269009,-6.42233261090725,-6.36830019523692,-5.64235187204234,-6.30292468333145,-5.7240124097702,-6.0281197998622,-5.88956708360035,-6.84729495325895,-5.54373853333627,-5.37773537893234,-5.69148556243122,-6.24853106178612,-5.28211395874036,-6.79039410926295,-6.3972706789436,-6.55638538332415,-6.03492127700755,-5.76611584104095,-5.01211319098787,-4.54438470207839,-5.86196844057659,-5.27704333481241,-5.85779362830327,-5.87637806094454,-5.91818437271803,-6.55673835747,-5.90770717491523,-5.829785194398,-6.88866145850877,-5.10560628125811,-6.38182185428127,-6.44848711966435,-5.87465406616548,-5.9442000872281,-6.68501174326771,-6.08780674461739,-7.48866231352272,-4.84127260582265,-6.65150200713749,-5.73570132795093,-5.59193617664822,-6.29675696488371,-6.35502255114799,-5.56104174074786,-6.28485365836229,-6.2981201811998,-6.65392700361887,-5.64383280519302,-5.90868864683527,-5.91190203664216,-7.22934480035614,-6.13841684450221,-5.83265393498694,-6.40588854107959,-6.33085199440153,-6.1461918457804,-7.10116391669149,-5.75929969504274,-6.03003704244079,-4.91483205745836,-6.93306958664361,-5.88587120695908,-6.60451913507276,-6.22253615755284,-6.25336347130871,-5.56899714285662,-6.35391360364963,-6.91189220656191,-5.80381812347527,-5.5467234219374,-5.81911665242259,-6.49628628432436,-5.9209691743212,-5.97748246820872,-5.55994904326201,-5.68422179384551,-5.96648814132215,-6.00089792143742,-6.05035527013324,-6.07280106161289,-4.91810934027587,-6.17693465641175,-5.12744183690484,-5.77625639797663,-6.82114557901143,-5.20342429748539,-5.50781807455784,-5.75923783219755,-6.58740249023535,-5.46195945840622,-5.57097009567908,-6.28397201967923,-5.75777299412232,-5.66219435919534,-6.07527093933321,-6.14098083583457,-7.07375990482032,-6.29844531721718,-5.8091695673486,-5.88705366538794,-6.08673528059914,-5.73871218267546,-5.6913757597155,-6.09033890198437,-5.74897811184586,-6.42031711370842,-5.12014753518126,-6.62983471297497,-6.10299544078506,-5.47412848372023,-5.77929823591874,-5.94673842353322,-4.64153657037665,-6.78067971686749,-6.76879961419393,-5.99520964363321,-5.91289328888907,-5.79791239494599,-5.32166238836884,-6.62360525692627,-6.02197488551765,-6.28166810764997,-6.0034235684135,-4.5933251432979,-6.38503620373829,-5.26497078059229,-6.16959638514309,-5.77044426713159,-5.84502598862623,-5.55741379151768,-5.72699487245201,-5.48192613353721,-5.1313426649525,-6.02291249824356,-6.96823933825947,-5.91120323491742,-5.42769912152,-5.67785481805925,-4.98367214384839,-4.73788291275169,-6.03633093327945
5.01898526194297,4.65738088303767,6.67574326982609,7.9756389057349,6.7425292270101,5.93788714137373,7.48471207857054,6.86013528229179,8.55536385257194,6.66026823474471,5.23620686870171,5.31987201573238,6.94680544847591,7.24486110168964,5.37382456297473,4.16628389648993,6.21279517428851,4.38311589072699,5.69614095039386,7.92798767178074,6.63298221753983,5.11877154834982,5.31763796892584,6.10039589580849,6.8003701689075,6.20205574879953,6.31621442254356,5.91441345583438,5.64908055861922,4.83851344454354,4.90352578865919,6.52769994473618,5.78807834470344,7.407526208488,6.51337514250695,4.90326008348359,5.41955881047905,4.67237062108988,7.61814151576068,7.37666010924711,6.33406471402581,5.94162971978866,5.65034422942036,6.29763891574926,6.85001668411282,5.23478442698603,5.92494540315693,4.95381848592642,5.12187872548434,5.64674330446331,4.14281126722259,5.39529475788691,6.22702630671404,5.35991249248157,6.59586632674457,6.28754103546262,5.85126301876785,6.4747180493445,5.92024790045581,6.64678296295065,6.45050861717126,4.87714782795067,6.67278688130232,6.35811503256589,6.99574129705022,6.88215263107025,5.91882109462242,5.23224008710246,6.87316953480786,6.14046122730112,5.27192252286688,5.37371686192,6.87557951973481,5.90276853506365,6.50683250921182,6.12646326899082,5.78776518063491,6.33865968053444,6.56822181668632,6.00300779254199,5.32920889732405,6.50287713786344,7.09731739388649,5.45484864653686,6.30887549569986,7.03738686424701,5.68407732105706,6.33042521830762,5.78338707544397,5.73162373545761,6.04732307669742,5.92426110907927,8.09579139050954,7.99638404274815,7.75836021734751,4.85697069399987,6.65868558114544,6.89340068273716,5.91079896405849,4.7428778100991,6.28368444560361,5.65031262645241,6.5508561491336,6.14175785115716,6.19882874446057,5.25753917267018,5.11523024895268,6.32191407319362,5.66652270936504,6.88946605330511,6.53339037261852,4.66920856864878,5.97888280063345,5.63623796188646,5.81710627945292,5.93892845613671,5.6700999533412,6.40829377342987,7.91697716766221,7.1588932012106,5.96436731745306,7.46018521646223,7.34118781089047,4.19411390020656,6.34562581483067,6.29086727989032,5.15158494863811,6.52024826168668,6.37310832454013,5.55039836456358,5.69220121257948,6.34277995520521,5.61972570576033,5.28059828561758,6.57822333955932,7.3149683251533,6.87566344254764,6.65329097758492,6.46097177373696,5.90095871119372,5.74919849733799,5.73899545926029,6.93341443707416,6.97592290706615,7.04850749883776,7.4529211985814,5.89546451682581,5.41131996252834,6.28071637176231,7.45755096345998,5.80011655063319,6.99301040804071,6.36858801473237,5.78146954392177,6.89094978712399,7.01805743285597,7.13289540900528,6.02554128657851,7.48311877432277,5.21933833085862,5.10437566268368,8.01944395268964,5.72577566769594,7.07126025131356,5.66852076371891,4.66904729339051,5.77114251409634,6.13917721281901,6.03124547187633,5.92832257965308
5.45508421472343,5.18547459946633,6.16055136085439,6.47880538997117,6.03606093110272,5.63024921904739,5.24129717875678,5.48175741340553,6.66385725443997,5.96896605769236,5.33252634900423,5.70699934586475,5.04521015987716,5.21007077062852,4.98670056789283,6.28713116726161,4.97814266090466,5.52568892601075,5.39236330909531,5.04332953872545,5.65863212050159,5.17700151779569,6.09637797088206,5.55851781600615,6.33426719389999,5.66092884742189,5.29325824121507,5.19792676602234,5.40152030474079,5.46303991284539,6.88466429372521,5.63317613769202,5.33294273957486,5.7690383123758,4.87475191574981,5.90093236595963,6.58585966573233,5.82043638466459,5.46770135674104,4.92323520932323,5.59047894930545,5.05741406559388,6.26462005655258,5.98776751484709,5.77194550014336,5.88244903495669,5.91629795854314,4.72228118214529,5.69909202527647,5.26935967491169,5.0334151241719,5.37157079146404,5.45612514728385,5.71098706159851,6.09043165111527,4.95535852953639,5.55198058405312,5.68088504019639,5.68914476776206,6.57882520467847,5.4521371535738,5.85175499569411,5.98409475120509,5.627795232757,5.85267130543309,6.85680478158124,5.98934592023406,6.31736138999744,5.41751396796248,5.55583146250445,5.24676008877545,6.27668914333211,5.01356043953182,4.76743041766208,5.93127892628926,5.51192117185178,5.69587035197496,6.18157493009584,5.60954195883653,6.57710119228619,4.70505157961166,5.05371430451172,5.83941822667822,5.94106371593819,5.64630013038575,4.93130206211528,5.45013449351881,5.90357965324251,5.87953289024721,4.93795831962631,5.08311996765121,5.22700173289457,5.79849705361155,5.87398770660091,6.19554185986897,5.49609664466178,5.34391802754383,5.53366485759985,5.86576894002691,6.60776316681352,4.64479274393614,5.42122558523133,5.74133633291678,5.93980215468546,4.71257117007806,5.67793390636816,5.42347711330319,5.36382966387202,6.72683933690529,4.92542432588579,6.14611404290784,5.36455464464945,6.25443973133529,5.44191300148933,5.31739389637441,6.09363573752451,5.877704097747,5.39874587755434,4.78896432816846,5.72296931802452,5.67473674249669,4.9586700495178,4.9679580525839,5.04541406490357,5.3590185887351,6.40947641691044,5.15614891080302,5.20289336035987,5.88329678559239,6.71349898906846,5.53468464895607,5.60367203699633,5.37289992245945,5.4080637847009,6.09689751722289,5.92367912736313,5.60103740318724,4.49265945824589,5.30080454623229,6.06092034700035,4.16648461466197,5.64949458737755,4.66281441577914,6.10215334328332,5.71085747256914,5.47468018167797,5.59287535012543,4.81513587413955,5.45663935019801,5.68938297989752,5.99548333153624,5.10521954805889,5.59431532971349,6.10751442933429,4.89746067017651,5.41913173892279,5.62727450722203,6.17255674228039,5.83606191574616,5.95076398725729,6.40574684554305,5.46022316223343,5.38033492156049,5.78756855378565,5.37713948836572,4.98930047765226,4.94896289685426,5.11843196652444,5.48515580746708,5.15653203706299
-4.0570859021787,-4.11931742965741,-4.89280654041538,-4.05815169232366,-4.14041945846053,-4.19720012067748,-4.4262225359343,-4.06503584477936,-5.00584419592331,-3.92606165738799,-3.6150836044201,-4.23401492693473,-5.69610453682126,-4.58170700904005,-3.79612308658958,-3.85075332064174,-5.15392637304023,-2.57581221714088,-4.71377380268429,-4.60385861040011,-4.48559571756424,-4.32731002668581,-4.19561949964447,-3.81928443828006,-4.66321790863938,-3.99018786396994,-3.84108715979277,-4.30429027471425,-3.41014432930938,-2.66523465427569,-4.50597407116282,-3.86435470352995,-4.63695799869545,-4.06208339025627,-3.93695573855975,-4.80610365134155,-4.07985388848637,-3.54433477467486,-4.10922496540135,-3.83076510450657,-4.55936082351742,-3.01395098177832,-4.18677683673098,-5.0961527874248,-4.41523126695585,-3.99161413071064,-2.75553500319134,-3.19975530115227,-3.33392435731709,-2.88921024076654,-3.79531835149293,-4.35382978500535,-3.40287221922665,-4.51603838348476,-4.35958048544951,-4.0883050630393,-4.64204624706922,-4.33262691362764,-4.16605566047829,-5.10687662931827,-4.40576694271304,-3.94717809946384,-4.6927659502109,-4.86415551864756,-4.32919610336622,-3.90163619789893,-4.15623419955138,-4.64761379301022,-5.2940291423191,-4.37491591536354,-4.31163356281808,-4.55569214239603,-4.51164224582668,-4.15957739987268,-4.59390438845149,-4.61983404374636,-3.8074821120235,-4.45805427701058,-4.67778363187934,-4.29728588563098,-4.17010543300539,-4.30441966754618,-4.7659517843004,-3.8921751393474,-4.34815673162974,-4.62752837086472,-3.66628440607129,-4.67854522901989,-4.31013042294319,-4.29705562112042,-4.54730446779123,-3.32885209595451,-4.76472717214169,-4.23053820116585,-4.18164685324651,-3.42471565280029,-4.02039331570763,-4.6332056761155,-4.16863280932228,-4.04235320925761,-3.91738912113163,-4.18464648244937,-3.12503674640329,-4.1276072728975,-4.32739847485536,-4.23434704299711,-4.0348270641082,-4.23239013561582,-2.96573584300213,-3.24409949084047,-4.74601451289675,-4.50907131663769,-5.08381261193291,-4.55691832366485,-3.36467783690199,-4.58429392714533,-3.59046050745429,-3.41019549755581,-3.86597775287634,-4.14919558403043,-4.71258753923998,-4.46411433510243,-3.87781548616495,-2.65222970155024,-3.84841082804741,-4.2062462784116,-3.86813280598456,-3.78196421686035,-3.98789787515306,-3.87184796244083,-4.74304725967281,-4.30148274660547,-4.82193125362569,-4.13407037606329,-4.81675035043959,-4.65979971315727,-4.74535662803277,-4.10181240955757,-3.61144922333556,-3.90283492310734,-3.25815474260848,-4.76730012966284,-4.37000819426943,-4.85842317432197,-3.88249196318172,-3.81089322816093,-4.71482443788175,-4.28087076790133,-3.74974359743003,-3.96130453505329,-4.17498656957923,-4.21921453369649,-4.9823313484512,-4.36115336210782,-4.20600257709901,-5.41831319623935,-4.82227083453001,-4.8930243115852,-3.87848286842129,-3.63159923421489,-4.46015489025861,-4.54525336629749,-4.65464925415296,-4.14032563398768,-3.5935084525177,-2.9355129779527,-4.80524009240709,-4.42203987089625,-3.9396428356904,-4.44408966658261
4.2005199169908,3.77840913180967,2.269416535113,5.33864517654526,3.53874576016624,3.86922609934307,3.98617454723789,4.04335263188679,4.5010145962715,3.47764539059146,4.43622509195756,4.72468991681565,4.53900026627427,4.42497925766365,3.30536203889239,2.71334300342496,3.4822584443754,3.82934213694129,3.82473055951198,3.2767087616305,3.85634783601461,3.60270444404432,4.5785659976437,3.79727360546297,4.91074921397016,4.13929394583774,4.25555140100053,3.22888757467221,4.15079973347412,2.59295771940067,2.96919624453373,3.39599744761006,5.60227158669218,3.58556689829634,3.82823786880767,4.01503588243125,3.09087445458866,2.99413117120803,3.33660640325294,4.48693830613704,4.49629268327782,4.45733658834173,3.7224983567173,3.1704172089251,4.04143085584781,2.42615271265148,3.70279494590325,3.37172538727337,2.11320873564594,3.57113075483308,1.94630328648759,3.03383061552898,3.62664864905148,4.08962399042087,3.24709406828541,4.27044398232658,3.41205189333935,3.72233804573377,4.15499523846571,3.9810812210823,4.26135953016228,2.99797182608489,3.53906018126381,3.48372741392409,4.97307259790721,4.90155461707525,3.9729931986952,4.16256063229708,4.09008143977153,5.25766760601014,2.91305163098302,3.42899004852246,5.12882324624795,3.5646002595126,3.92769892996623,3.99006263982075,2.60551009302714,3.65016301183164,5.55151733571887,3.3140071882969,3.80962038076044,4.718522815988,6.08425177178044,2.16774069811759,2.78149269406575,3.68247651058746,2.52948626684367,3.5355595759616,5.03933893454093,4.36480162965498,4.50588739383682,1.70163609312906,6.88683918096537,3.93564790729451,6.2850347299261,3.87085438245034,3.14799835776474,2.83518572025583,1.75727866176111,4.01934215334723,4.49181426030079,2.84437536552919,4.39263870891444,4.23163661177392,5.4516189233498,2.76656549966631,3.1923366077416,4.00806428029114,2.86660949055122,4.04452702665437,4.86294211084042,1.1442771951145,4.17161703462246,2.92666614334348,2.75055722539268,3.62373705092217,2.38619733676289,3.61364308984728,4.88618978967335,5.42615834334542,3.87050372652532,5.84866363435236,4.19114052259249,1.9625853653532,3.34576121800354,3.79819929855193,2.90271696304751,2.54904380791384,4.38921108101048,4.31243468721683,4.45190359732102,4.33707252556346,2.59880894916054,3.12480705920595,3.52040522350545,3.78872611177612,4.56542292077837,4.36290152270881,3.92719001139904,3.26989739010615,2.96662439163011,3.64199818909318,4.99050509994502,4.74107337966435,3.28884747365082,4.43641950001603,3.92476919115652,3.38052597022024,2.74155853692914,4.44454409408313,4.38315652913458,4.22165742734058,3.17371768853399,2.39807638995282,4.19236818004377,3.95346916558986,5.26784693776045,3.47152027495603,5.37221969300247,3.63160585238873,5.0441876229595,4.52968489295847,3.5446822564779,4.63209306772176,2.24327660018031,0.813813805644723,3.22266973271681,3.9573632136998,4.54236565254039,4.30076362529562
3.15025534689894,2.74203341170023,3.27915411907373,4.08668751500766,3.7934970756077,3.38077609408094,3.09931485037942,2.25888073350169,4.0895860035134,3.46707719850485,2.81282725732393,2.77823680117091,3.1206202654948,2.95926920559765,3.54702814953158,2.7401521576578,3.05054087164187,2.88361129719838,3.64405670520364,3.00310939409182,3.0128230919107,3.70019348480172,3.72412081208514,2.92180009818669,3.84592090471557,3.23699118048772,3.33308534164235,2.59971789295364,3.15912916983538,2.20971858188702,2.83399438789508,2.47500979315754,2.09908874365444,3.1168547380042,3.00223798766426,3.79758146895395,2.55971265512134,3.32089812965975,2.69644501006389,2.80839798664335,2.54506513505928,2.69804952547411,3.47571851395822,3.9505634129165,2.86874932877099,1.52280615099968,3.10175197848488,1.79481593065375,2.61558552724344,3.34740401879682,2.69798461635654,3.21587589995844,3.32390559864789,3.22058047669378,2.83619826010445,3.04005141631997,2.73185679465526,2.26657469675965,3.53874006316167,2.96670357912335,4.20004869538512,2.65535336999145,3.81655692970019,4.36429722308057,3.24239017688601,3.78239582251011,3.53668511848606,3.18596377902042,2.68577130514097,2.79734088372103,3.2306351424438,2.98177077125964,4.21918036990855,2.66553824195111,3.64380832467905,3.58826187957419,3.48255164761403,3.46974567142819,3.01887570782124,3.86396404278711,2.39152353253685,2.72244882565352,3.74569669621215,3.12192086023775,3.25775120843398,4.38706086204855,3.69832355563223,2.99198744158894,3.32989890478377,2.81444891420999,2.03731131366827,2.52650694279884,4.0427287709735,4.5642177464304,1.75100747458486,2.6917137570282,2.84578558482869,3.69957544663748,3.12996291388725,3.33481046228312,2.72110156090757,2.75249932568748,3.10220454653656,3.10831797782799,2.23900235764783,2.52814553255688,3.0240314667091,3.19539749380748,3.29560621219535,2.39139914279058,4.09485522382847,2.75008789017851,3.6753369118817,3.166754126332,2.52968210027294,3.04093137189177,3.28669226775772,3.13414788774202,2.09955452684511,3.60053967999768,3.07632479847742,2.75942923478279,2.51718186737524,1.76681096906912,2.93631738877325,2.93902520511103,3.97065592413471,3.58438804870073,3.51474141341504,3.21240908795143,3.64990103652427,3.20961902812043,3.4413600358663,3.79247685834375,3.17774702561708,3.21940009907906,3.33693965662953,2.91793632438966,2.67051053926505,2.86845249322303,2.22647702636842,3.3903902799903,2.98616692258165,3.19213069935398,2.38385020725859,3.52550484081982,2.54249857748039,2.91235344144501,3.4453711200913,4.00705717828495,3.31369380969822,3.13226052019204,3.97621907825048,3.77283620784387,3.38093719937512,2.68854310260982,3.401975330261,3.85795460900505,3.41815476242242,3.6268705951101,3.43940441021682,2.9232154043891,3.01913857965609,3.34328933897437,3.20102016050383,2.41449367173797,2.34027121470256,2.50028538800039,3.36452976446815,2.56674901859968
-7.61607493305234,-7.62742903395397,-7.15866403274537,-9.03826094183967,-7.64319351840976,-8.50295382068718,-7.62322346523946,-7.86663456604443,-7.07227445177045,-7.96625175895938,-7.18690677682077,-6.58352570253506,-7.94469581093283,-8.04363049754051,-6.74912816922627,-7.63415947914191,-8.71063594769121,-6.05926062123424,-9.11864689958101,-7.65672613928286,-7.25405282794842,-7.65446341309239,-7.38610851625919,-7.22457455385547,-7.83228552768952,-7.66589651842287,-7.92191977677004,-8.068099397871,-6.60153793616111,-6.8372919281428,-8.07056120447302,-7.43912272569492,-8.14656797567251,-6.31095234370441,-6.72217625893945,-7.70226251129666,-8.03316864992311,-7.7447013952982,-7.87584062605595,-8.17660562892412,-7.96876766551886,-6.61272811230181,-8.10324508746203,-7.34922405901922,-7.19464296509409,-8.21664338814011,-7.31116101600747,-6.26216398674873,-6.96829852380739,-7.20868452357342,-6.85657176913887,-8.11639550529862,-7.41549178838023,-8.28789688499942,-7.80961155698868,-7.16787559957232,-6.60901363906756,-6.41373753031383,-6.99085109728633,-8.09291295400253,-7.77069983572903,-7.48133979247369,-8.42645894539536,-7.67029917237711,-8.11748409633976,-7.84860035851096,-7.5635486138051,-7.93647223124943,-8.26618985591566,-8.20295952711195,-7.55954587977959,-7.84446418135474,-8.58838023005342,-6.6163576706693,-7.89531598773363,-9.07581962347452,-7.8131222017977,-8.95188657629395,-7.43001741045896,-6.96101133056264,-7.86935693755948,-7.98290236576485,-7.86400258162796,-7.41878297184245,-7.51150119105378,-7.71722357704564,-8.43939419375219,-7.61472046247258,-7.02110261888017,-8.39832752391294,-7.35445892345494,-7.20898373909614,-7.25145635481071,-6.91401093747156,-7.64042816782062,-8.02837842099508,-8.40847678704308,-8.15411549491458,-9.61070512800793,-6.94330846197663,-8.11272110434379,-7.75670946319299,-7.25716300090488,-8.54802346798331,-7.26495919024733,-7.9274512555123,-8.2779234771059,-7.81202940639996,-7.0950670020433,-7.06547736904546,-7.86103081563036,-7.950122046878,-7.56255831245477,-7.81521382243009,-6.12400978020975,-6.97903501762759,-7.33376050887546,-6.7984744931335,-7.33412599479572,-7.02236254200255,-7.62184987514741,-8.76262973604298,-6.46758921030486,-8.04545574295125,-7.36859679079992,-8.24757287198137,-7.18192087694551,-7.59000343784389,-7.01445088216625,-6.75398307109248,-7.73446454679113,-8.05143459853421,-7.78712765946117,-7.28810576205005,-8.15296520261013,-7.26556218795924,-6.68575550825714,-7.33255430486593,-8.26842822304499,-8.50654682324599,-6.89852554416343,-6.78887483215596,-7.60151480018085,-8.46330826879054,-6.11929480714712,-7.91926476463096,-6.57415492827021,-7.04369005428521,-7.20754658371068,-7.77991585518052,-7.50519430726452,-7.66582639777896,-7.77463484906416,-8.34151894838702,-7.28276361147306,-8.44765170753823,-8.90899575951259,-8.0105950452545,-7.78894587394325,-8.18664810483412,-8.09931573680269,-6.99848923911928,-6.58183915417956,-8.15689046869715,-8.11944622101447,-6.96928226974137,-7.43003601298284,-7.85338977088532,-6.84921312268722,-7.12634596173914
2.97279937404808,3.49446185194778,2.04340026366508,2.66724775234263,3.20516295118573,2.89894630088761,3.98512131331677,3.3379285992301,3.25589001447756,2.29359842028148,3.12787450092106,4.30815790538467,3.1032134634727,4.49210217101855,3.20919823206796,2.61402095957055,3.6374159904483,1.88584132889373,3.30234649435908,3.37721445815727,2.48478316800173,1.87650967607741,2.84312888844444,2.09273561702328,2.48593626126394,2.74235833157279,3.30426919083019,3.44267947232104,2.25237007309265,2.58149313658121,2.40279111326491,3.4505453661949,3.27845497114703,1.53944226679586,3.36035514446418,2.51663703097065,3.49149213655986,2.14703778612288,2.87834912227558,3.4304956313419,2.95122684556405,2.63059437188905,2.99423784674,2.03547387410899,3.61192695826689,3.00717649023886,3.43314864699796,1.6718341564758,2.94956383273478,2.60306848127493,2.07525896012273,2.72451024645786,3.02416832883775,2.70991931801835,3.87176095530323,2.77260839474714,1.69887319627426,1.61188823720436,2.05767886966685,3.15702154891252,2.64963321119755,2.45811147527197,2.51348676806476,2.21992700959318,2.89684702856449,2.03460779649517,2.8253055910874,3.10470451390216,2.71640598634562,3.40730036140605,2.24194473109748,1.75959680867515,3.21103390649595,2.78416143538056,2.56128196235214,3.26030895985573,3.31701962924091,2.00153177553735,3.79551285402344,2.68689654904782,2.17256150027878,2.89876280336701,3.26558539681404,1.59786272058055,2.0243697083237,2.50043504665328,2.24433476675251,2.83143592765098,1.88752322469956,3.4798708163819,2.83701434362247,3.34435165571045,3.18794731098499,2.66970112316825,2.67155171752026,3.00980096512425,3.33657370909846,2.55172513673199,2.85333282228652,2.41025468445156,3.21201818071058,2.63891187373114,2.50618329052759,2.28790515420476,3.37225395143193,2.69078385156314,4.06051178300882,3.21941962907711,3.12851096202438,3.76195086592197,1.90468053833677,2.80871497289543,2.06860298733203,3.14853309522802,1.9846325735538,2.0812491014945,1.53743168449254,2.19900430873355,2.81508701864077,2.82126299097612,3.1337851525074,3.06710636450995,3.70599643511296,2.62051306678855,2.42392196745697,3.07639388305837,2.71219553045569,2.07210331398318,2.84582772453624,3.29891539567279,3.16701253937959,3.41063883234128,2.12757407073795,2.99960846638108,2.7920885235689,2.61062882401232,3.63330811859041,3.08455866931317,3.18655278967289,3.47546844160142,2.16517032948317,1.49280912052138,3.68807840412099,4.25583706441086,1.91008746969526,3.17131227402753,3.14619671046889,3.41405219604059,3.19796597324081,3.92905540446785,2.43552588917062,2.55842272677757,2.8563153020288,3.01316025598539,2.1241976690976,3.75729789265818,3.99048429965773,2.32383125921373,3.33477018397432,2.13202276638804,3.22461679099905,2.41378353882515,1.30332736921904,3.35896347510146,3.66228625226744,1.91861157945121,2.18125771340625,2.83661295309463,2.19614991100823,2.62940480412544
2.02675674120706,1.83386052859648,1.06432125857234,3.42302266474746,1.86927259560638,1.9009895400572,0.825944943513907,1.64017962771026,2.46525959783974,2.48825811011107,1.44395973985369,0.909822779869719,1.66830220513162,1.55766567619435,2.12735171096895,1.78660001699037,1.5147626511185,0.917400236278457,1.65607992239772,1.81850044222033,2.4141385393028,2.01078096127193,1.12498067100361,2.43924298945725,1.65376567695993,2.18148168732651,1.49297195560456,1.22721807592195,1.52923760388578,0.575147519269295,1.75969195415954,1.7916433957711,1.59183265938483,1.32639833733521,1.45406400710614,2.01280894241303,1.53379015705458,2.30312401600314,1.52841988462641,2.2112462012034,1.1501865300146,0.973996254670861,2.52959600819798,1.35574918268116,1.36654411916655,1.47602211637487,1.43078803930902,0.432669222347679,1.94587663619996,1.55431382855054,1.02804110303363,1.4923888648207,2.68220434854588,1.82519321181016,1.08083154613072,2.03693385079086,2.10276995831581,1.24835655017419,1.61119135893868,1.36920680507182,0.970588725645424,1.8869744508432,2.66080569266375,1.9990920219491,1.84380198018918,2.37762644698267,1.68152289779961,1.98933821666517,0.992412372313443,0.806995308411531,1.02109728703407,0.970974017109518,1.75251284823919,2.06182386583722,1.18863104856125,2.17257192411333,1.48962994682438,2.31844824253825,1.57311305720434,1.5471586267912,1.3280507150256,1.45637569819528,1.38685411449596,2.15336450930566,2.22712912330685,1.6885035143699,1.73951353051459,2.23236376129183,2.27598412262204,0.731558700576005,1.86745639693105,0.694415661499234,1.68485231657912,2.71642178995765,2.54411132796453,1.17176125303205,1.05183681034238,2.18076971733886,3.11793509073263,2.09787206243547,1.49162555935523,1.43093982908569,1.68963396933414,2.89997693806482,1.07243600256093,1.77489019961122,2.36713596202381,2.48184642220835,2.53052882938877,1.27759014087173,2.19957230910961,1.7318823601483,2.12619753409971,1.68817424104232,0.31704099938307,1.63579515157639,1.81670097511978,1.4131385100888,1.52080175786109,1.32130020551527,1.33320475566977,0.63229258286455,1.56161736025504,1.39582860365115,1.95810750288946,1.83644570640295,1.49243410857663,2.18740755257024,1.58233027823654,0.455629955724406,1.01838061264788,2.50611678240781,1.42089399032445,1.26892344911989,2.23566708265945,1.93628270894764,1.4842466496758,0.953099823155378,1.6143768371357,1.43689278183084,1.4104382035727,1.5922022935487,0.291545111547698,1.51699826964388,1.28750495758141,1.69889476402908,1.0184263820877,1.25402257204058,1.22383291671363,1.37209004042486,1.55330756137397,1.99991081686044,1.55607036335039,2.60168848002316,1.51737623965847,0.926686083086708,2.3182681701024,2.46771928929557,2.00272758953917,1.70747243890145,2.65218102779867,1.04274198297107,1.82111764785949,1.7532287681413,1.24532232524639,1.00951261575887,0.609442371447315,1.055478026349,1.61011307738004,0.590753657296336
-7.50308200934015,-8.39089453045042,-8.69066700941897,-8.03785785604013,-8.78291434705155,-8.1159550159935,-9.39207616471273,-8.98275022085078,-7.99927555963246,-8.74205535185966,-7.87648935858743,-6.47264217616112,-10.1959179218702,-8.8031191508484,-7.55114398147063,-7.90410198867028,-8.68990750236069,-8.34541489758278,-8.55986594970209,-8.0855086730326,-10.1527028173286,-8.15110275367512,-8.65436404032467,-10.0567554611316,-8.27694806817529,-7.39645822571085,-8.16111449914982,-9.15620429576369,-9.18593887916781,-7.65607559525786,-9.49850741948684,-9.89917640607398,-7.7028935809197,-9.1785085978572,-8.00851729948681,-7.76724378156881,-7.43774350634503,-8.36495987274513,-8.75065447059061,-7.91384071616952,-8.27958856127972,-7.41063927957999,-7.83638697113439,-8.21951959785071,-8.0004715049395,-8.58792187100984,-7.65446777151128,-7.15137750008535,-7.28429107739868,-8.07383527935227,-7.90724859665876,-8.26995076825787,-9.04473786999503,-8.20223383289252,-8.67790186064108,-8.53511716075428,-9.29027425999968,-9.24720363728915,-8.37763522610048,-8.69178780707983,-9.40840559224467,-8.31757981265642,-8.94998526870102,-9.8082725435674,-9.11804692938702,-8.90506007588854,-8.19136218436313,-8.42782286524436,-8.85466084206882,-9.43296187482852,-7.92766318723406,-9.22742373419365,-9.19645980878971,-8.97389733263889,-8.98906281660364,-8.76524027153016,-8.18049364879479,-8.22615061758476,-8.43681107016459,-8.84877425400992,-9.01394419476244,-8.34811916313373,-7.85623948637925,-7.53582455227204,-8.86115890486698,-9.06396184912826,-8.33123308372036,-8.96790600746926,-8.38165364455888,-9.087211147619,-9.05934523204135,-7.55105580961966,-9.05151276380373,-9.63572608337419,-9.23650569232221,-8.68668395436033,-7.36098341582101,-9.73975894151752,-6.94656851217031,-8.85263334628306,-8.94230451211814,-9.77994307927913,-8.00556040511004,-8.83699351973563,-7.30289919540937,-8.9987136982552,-7.97858127118888,-9.17281926357371,-8.58134598684872,-7.17307594523585,-9.00635196883021,-7.99266363908072,-8.58896240182001,-7.88607155113139,-7.73507916734845,-10.2571030786099,-7.78252855552162,-7.89691600166619,-8.46648717377461,-8.72020379550509,-9.55820857827492,-9.62133183205446,-8.33139143260535,-8.84968986456515,-7.23707856184165,-8.64010320585676,-8.69505089469886,-7.26298517586888,-8.67324060977112,-8.40002565220702,-7.64819396173299,-7.67482927870145,-7.4743720310985,-7.93635085690913,-9.22900636087454,-8.37821716064135,-10.0130302143852,-8.50982204096014,-6.90490641529034,-8.72016431925075,-7.20803904946356,-8.95288961398744,-9.78549532632473,-9.5292447590434,-8.61879845564382,-6.54223131372947,-9.48690320293317,-7.42533601214326,-8.50525927414725,-7.37232438944842,-8.36950852965662,-8.50230837503814,-7.90130883388227,-7.90315481852703,-7.43897700521419,-8.23904057870385,-7.74732008282802,-7.88042778185791,-9.44445981502047,-7.97032878995929,-9.31499861049179,-7.00775437349994,-8.86517164793559,-8.56776316753264,-8.63911565072055,-7.49456846086243,-8.74700491140419,-9.2917260354013,-8.30011830925988,-8.87829551205385
6.362806777667,5.48962386202817,6.20118727029975,7.41780374111816,6.24154049969278,7.39757697654807,7.14430701807667,6.68153298553805,7.33581078352705,6.32743204515948,6.60662020445621,6.96558777660979,7.04587347645162,8.99875976230436,7.39431572931674,5.78151471145369,7.91499709109683,5.42755031541837,6.80124222715268,6.60480790850961,5.33591699082179,5.90012476813097,5.2928290874306,5.44170531704415,5.79145369082977,6.38471871612549,6.74292143441928,6.61376814390378,7.80433237243616,6.36521414906845,6.01411472553345,6.17744868578718,7.43199436043621,6.24487062055509,6.44624901191053,6.79510481381504,6.95697464357715,5.70320046268953,6.3656926237582,6.36593167306709,7.59120628679923,6.83233323467946,6.60960503510154,6.86687643256608,7.13016847308021,6.59955478712426,7.06609837594718,6.4922023828468,6.29306904592758,6.32011490488872,4.67766060684821,7.54843686588361,6.67621804774115,7.26953821065127,5.88336111881699,6.66016476341514,5.84699963270677,6.27710897542295,6.56749718395553,6.85139426164439,6.1011542944353,6.31040294330957,5.99708780955314,5.11981935041867,6.80129255773709,7.34363346610764,5.9290711503403,6.57227008780642,7.1772525104399,7.79000170832681,6.24003139028521,6.0263032471646,5.80339027608807,7.01017062478406,6.77075315515327,7.16365092461946,6.55475573510257,5.67124900800087,8.15818257854797,7.56649941445364,6.68383977338001,6.50900051802977,7.39615958275908,6.44826955881647,6.02776916437353,5.62474329793995,6.4636624196254,7.29717256130034,6.04517860974463,6.85536175763939,6.25386523463309,8.00258465733234,6.67416072877232,5.82987597512959,7.14276251047354,6.82275946274825,6.881179426012,6.6902360447924,4.89080862940187,6.05832106393598,8.81757935875164,5.19894090114619,5.87055374489186,7.61484802773964,6.97314520578186,6.15285229947144,6.60983968594698,6.75878526306516,5.28914168908321,7.20255283126401,5.24387475110011,6.02935878960277,6.69974659733071,6.6646023545706,4.70649887549464,4.7645957089554,6.16886672020158,6.40514544544944,7.21088779963361,8.05734022110159,6.50594684005578,6.8155432809806,7.53196760825351,6.16099977716275,5.89874703389745,7.01962570649868,5.90205194446269,7.96577334087804,6.00529302526387,6.33803833743954,6.51606681809309,6.36058387464419,7.22529859414376,6.50057618767563,6.51484484090126,5.83051810625121,6.84365124419689,6.70478732254713,7.83990964403383,8.36159203892432,7.29624042229438,5.60615704840381,5.81606668003884,6.81931365554384,6.32548250322589,7.31583360493077,5.67594392850549,7.11645273883336,6.76690088896006,6.07550703912614,6.20917960110223,6.45549139158973,7.38767377109276,7.16833018286525,5.07993253440662,7.28612296023991,6.16016165324261,6.84767140499301,6.31322023673391,6.15123977021624,6.0399769329644,6.52112824450711,5.61685405999928,7.12504203382144,6.08269177905377,5.70272715487753,5.88928269522842,5.96937858066493,6.82546576085876,6.28257260066828
1.64755985698913,1.11569021825142,1.91361241187886,1.24647973104822,1.38836897976257,1.21625710215751,-0.637005762405845,1.14270837729004,1.55644879465621,1.14454993606477,1.99949799063509,0.617698001182081,2.03862253867526,0.299137756573713,1.02726571409821,1.12456440208076,-0.187284458944177,1.40494303933477,1.00732691144098,1.12609007148804,1.84073056507484,1.67995918685609,1.81057698864813,1.70663356921656,1.86048731159567,0.874800200142951,0.592874484581766,0.946003971712643,0.458283525009341,1.06202170003047,1.59761811286508,0.451163104680529,0.606534011809694,1.86074053566648,0.681103909936941,2.06106744582296,1.80734261453662,1.85931986407001,0.832910145887501,1.50468578494443,-0.152781742639444,0.986127440594825,1.58977917124885,1.25841292138278,1.10159077404796,1.48607321976917,1.80413943229085,1.02663728854383,1.88925918803822,1.28677178593747,1.33199144399059,1.25978383526602,1.38420411063765,1.7593108449241,1.30481810515466,0.571228352110589,1.80488650029633,0.755435545606465,0.548416928319263,1.18031017369597,1.38369869310318,0.431350006397,2.04732353368351,1.5328068615357,1.0383567514237,0.809669103627268,0.890152333302019,1.2254356632276,0.715931420275112,1.06416158424825,1.51372057349108,1.84394682226188,1.47359310287481,1.43306784666834,0.463025961088222,1.06763025681242,1.11821620027889,1.70780058570423,0.948506431285281,1.414521097775,0.697479542131969,0.707607096461457,1.24667569400747,1.54811086176415,1.77802266741596,1.35410370924498,1.13432474851797,1.78606899552607,1.47065357753579,1.02640323546061,0.382228070856543,0.999057366740391,0.924212745243411,2.02086449844924,0.520993076003408,1.42641258097463,0.990194702891797,1.39983980611283,1.47944735151568,1.85867580728126,1.10835836104326,0.756650314081898,1.71291859795538,1.29781172974129,0.732815806117072,1.7920578629949,2.77700212271875,1.79517782992268,1.24105089449574,0.93603728518278,2.18022450270098,1.59661298787162,3.08517198130904,0.683899601125733,1.32271927012572,1.7064141964425,1.96875085766592,1.27150782090125,0.595111024874596,1.57805646695313,0.908253683060651,-0.434292387042112,0.607877861221191,1.51835377341824,1.00497344347916,0.278787080861658,0.256423082076235,1.79497322676788,1.66822017401133,1.95283039185686,1.55518968288906,1.10192765197138,0.983675989321993,0.982225991198807,1.89472876641239,2.11652509864489,1.11458783834281,0.169018577160887,1.4581868604981,1.53553299684131,0.267527902249703,0.791947789309422,0.158952907039912,1.45844804266028,1.19342500080943,1.66849793936367,0.727492548048878,1.19794572912307,2.14815555742795,0.288098435370952,2.07711767095879,0.792711699427442,1.25240183695967,2.0630816084556,0.770132507755013,0.84347739158706,1.52206853954388,3.3121401505282,1.04336168186439,1.25903249245002,0.968182270347899,1.00528008757566,1.93829720326055,1.23620079427054,0.823600685688076,1.03093003374909,0.804740989364296,1.20595999606688,0.768239637859817,1.75191506334867
-5.16534814648382,-4.95535986118924,-5.61929288396819,-4.94604709685659,-5.54871815002521,-6.38952848680102,-6.17437598407243,-5.2625218574041,-5.11045248156795,-5.48521403385055,-4.62216202845904,-5.44083504393366,-5.31375276508072,-4.71676664618132,-5.14826017208993,-4.6246697173639,-4.38132123854985,-5.26334566306475,-6.07627674965889,-5.70999737510448,-5.80139573514778,-4.48359780766806,-5.43037284025693,-5.92309508387123,-5.65339798657417,-4.53045231551326,-5.85434684005391,-5.19619310150868,-4.91939441217764,-4.69086515099839,-5.65075607529794,-5.43756560338077,-5.24713314182674,-5.14625805888685,-5.06889213229518,-5.51473673587343,-5.26757162772675,-3.79790531852966,-4.94590367221038,-5.33712776571104,-5.6001875439749,-4.18273794117113,-4.62358645722843,-5.57593484598496,-5.42808480125999,-5.25814486033979,-4.99756732303528,-4.37256778057539,-4.5055305510324,-4.66969225499502,-4.98560560879149,-4.98562943831706,-5.55813046293848,-5.06793187276764,-4.54840374802954,-5.01684774248652,-5.98113973280155,-6.04487464708359,-5.33751168719662,-5.69387162737821,-5.55330813533462,-4.88669551417939,-5.80086456920575,-6.34630341144832,-5.39806863073494,-5.80415517699822,-5.03127275730971,-5.28814837754552,-5.22610599950477,-5.50803925768699,-4.92029214369737,-5.90410377720703,-5.70206286408406,-4.998843654438,-5.93768715738725,-5.67139119236638,-5.34929802668801,-5.0948725331615,-4.88896814250887,-5.61139731928488,-5.18797050251036,-6.00959468843627,-5.3460106743107,-4.37742089019586,-5.88844540873561,-5.91551863676296,-5.69028848126774,-5.47249329976722,-4.79057583223346,-6.06124542461234,-5.4609032421612,-4.41084314864604,-5.61626272959417,-5.52481489495839,-5.43980870142594,-5.14564441270248,-5.07029562392663,-5.8498743455158,-5.7997702188796,-5.07203809185882,-5.18280700891859,-5.43221199831485,-5.178606579544,-5.23163285722211,-4.8728942218954,-6.21358081953846,-5.2695757682464,-5.4556498114229,-4.86809060721278,-5.12395043423655,-5.78857778419594,-5.534550958351,-5.53426061774146,-5.22846180743641,-4.28715466199829,-4.88688379888082,-5.66782734335579,-4.99976108159986,-5.43139419621226,-5.4421766102414,-5.70048760586815,-6.80966145707216,-4.85995713802933,-4.60436432185885,-5.06852648722599,-5.59879686172477,-5.28938440073747,-5.73649777242534,-5.02323418443926,-5.86162570397994,-5.80378879338827,-5.07367890296981,-5.40634888212856,-5.30952075209481,-6.10821800477947,-6.71363765925214,-5.12577304748026,-4.75774586509089,-4.85784114319888,-5.45337018954933,-5.05125093856232,-5.74147224197659,-5.58453516380522,-5.06983538338653,-5.32316710672637,-5.34426100776109,-4.703603706124,-5.16406549685476,-4.45065579896163,-4.65711699685518,-6.62504788861971,-6.14999268521069,-5.38220223533364,-4.6320731529427,-4.88633529081265,-5.26661705018981,-5.72952816458406,-5.58763050625134,-5.08875427595501,-5.49944432501662,-5.41191889817418,-4.2733247895714,-5.31802902625464,-5.26130939829994,-5.1522279760827,-4.75050449817244,-5.59527098768679,-5.92004290996405,-4.94838507825858,-4.67576930847457
6.79088078456752,6.91791233783546,7.29255494422386,6.57895529563928,7.40806081427843,6.8838345868433,7.64865854613189,6.16499804999988,7.65654823139523,6.89439391180888,7.26515211081628,9.43005983083097,8.54789887384704,5.80036306086979,6.16584684667077,6.70482616494039,7.98247588480844,7.27477783909862,7.71946586968426,7.27067875444868,7.36863848848342,7.53400708253662,7.07377337368923,7.73893397146974,7.24399218578122,6.87246114340371,7.13432490090866,7.93742680788372,6.54347870118552,6.75579145258817,6.90039085578956,7.71697322076989,6.81142969026057,6.89430538064205,7.08936661873382,6.72225763401605,7.04151712840843,5.70758421463856,6.54930685442657,6.57078304046199,8.5324860109023,7.23708104633516,7.11523701499461,7.47280126446075,8.09024930515868,7.38963258459887,6.95462106887105,7.20077222785678,6.56722994736453,6.58517099316431,6.19556318293289,6.24046652190317,7.90438387734024,7.969889256093,7.82002248373159,7.05125315977703,6.54656555928254,7.47807999780458,7.23187066165237,7.46355199669781,6.9787844929831,7.06241583015686,7.16196067902207,8.50119511458547,7.35412705138827,6.95420808257807,6.75052731530933,7.61821496932975,7.14598581232257,7.24333158124133,5.82196797964719,7.28148245830556,7.70595203904828,7.5905629683385,6.98486498679416,6.80716288762724,7.5402334218609,6.40177922636485,7.95889772904358,7.63000346184035,6.1768857110241,7.69285370713871,7.2364501968376,6.4634073109667,8.15276924129336,6.99408270859286,6.225432376779,8.3315410617285,7.10042181058698,8.25308391983533,8.25386560640239,7.22354416088442,7.49908920152623,6.75740146442354,6.97912638862051,7.42465724664954,6.9852947103102,7.34865268297193,7.84265557039652,6.36705971319585,6.49095916091022,7.05263110340763,7.47246643327909,7.54558994775938,7.26391442287997,6.99959480948484,6.41592636190382,7.4310848971682,7.27016100057384,7.0847017623065,6.386752638153,6.75110949846559,6.21580169125442,6.3266861295454,7.01803396340747,7.63226778477693,7.18302395897903,6.42280093771865,7.20740797555995,6.82432279245841,6.18520865192454,8.93996758726049,8.49939174622242,6.76384694839107,6.57603596651135,7.47477848462713,6.20524797435401,8.17841723222687,7.62348206915761,7.82540124634837,7.21002636360296,7.13485460434474,7.21592680544953,7.35681078414569,8.15228569736788,7.29215944740186,6.69074015376734,6.17211626858561,7.05001772211247,7.76794358847806,7.74260156615675,6.9431685409331,7.6402344869422,7.80024308324279,7.77797758622585,7.24573633691482,6.98071999782493,6.87567552360015,6.95705150512078,7.19062168829142,7.49580121501001,8.04007212091785,7.04085361839209,6.81399065038079,6.98127310802012,6.72761204921324,7.76801380639205,6.89834521673657,7.78362341749744,6.73942353594216,7.66759963247808,6.84184614979952,7.78372255639323,7.10761383893024,7.37028158752,6.26345538115136,7.64099511012344,6.27934093181683,6.98685104744654,6.60669328674616
-1.06540314634028,-1.31625883462547,-0.281970585775881,-0.243231237378227,0.0942665407390924,-1.00666775954053,-1.30520539875157,-1.84424762347045,-0.67267711012682,-0.212662986642007,-0.414100477131986,-2.11778413146303,0.489103769719741,-1.66242098815524,-1.21125730908124,0.0583051410297716,-0.799958067377729,-0.291583826069611,-0.307040774257376,-0.862020201284045,-0.811227151760737,-0.699067133706211,-0.644418741890028,-0.612744340607943,-0.476242366985,-0.818768845390069,-0.518888561323569,-0.719724192529717,-0.910971326520428,-0.192588199714078,-0.270644590908612,-0.787167654519547,-0.551158698199887,-0.277369148269056,-1.32628321310847,-0.252082091082646,-0.751085248139766,-0.716272747349918,-1.0935066054141,-1.05740708106617,-1.40641954855031,-1.15278687388357,1.04334685730879,-0.701554965587778,-0.517841826592034,-0.151752142354582,-0.701422530335952,-1.13934393695721,-0.711765465930729,-0.790473657719525,-1.25725657209088,-0.555338027418828,-0.976277716341912,-0.00648381010617283,-0.243699039616981,-0.929807895220397,-0.461153941200128,-1.31810206578459,-1.21238630818033,0.150942365616001,-1.05340238877844,-0.501810765387503,-0.453350739189842,-0.129072180494362,-0.661124356020742,-0.218548236929347,-1.31269605576398,-0.250225200016425,-1.32646776850748,-2.18031852493303,-0.747604922328055,0.149677594173018,-0.799726037827932,-0.0761298172908733,-0.62256090561671,-1.51630120107915,-0.958868247648851,-0.624505364754567,-1.206037570304,-0.477929506118366,-1.11399527989471,-0.695902273846542,-0.908388897676197,0.589991594442199,-0.823993308070589,-0.54031248203797,-0.158163537290919,-0.202653207147625,-0.347715614971144,-0.346925749315336,-1.04131203088729,-1.43855327198806,-0.731371539476471,0.0323541305278803,0.0560412289001987,-0.975283389299606,-1.17495683041243,-0.998854152143285,0.664276780774716,-0.0908521357003339,-0.526018866163027,-0.131592181689138,-1.44682936583389,-0.540312517012706,-1.77513074161222,0.251631843692014,-0.720375328888137,-0.833917499088087,-0.0560769137982634,-1.48829214576848,-0.494749001595457,-0.122737736639073,-0.605056470049477,-0.433340408683387,-0.928878986975826,-0.600342396102099,-0.754546269145515,-0.570427914544024,-0.65302231873283,-0.77045305316782,-1.2531379175796,-0.282288725245597,-1.09874754192968,-0.14389326610198,-0.975137621195372,-1.55455203004302,0.0833073775294153,-1.24579770243276,-0.223393927537579,-0.564030993072024,-0.906315603995926,-1.27691039467881,-0.524013335721356,-0.423974478784459,-0.220073932698656,-0.508553079606986,-1.78492561142978,-1.22084847415517,-1.58566684864765,-0.545823767555477,-1.27431471315732,-0.870119655789881,-1.97474838886048,-0.988873907209058,-1.36960218046262,-0.970642039655466,-0.809892903500779,-1.98122089868582,-1.17303200125029,-0.6156453872006,-0.472101267265934,-1.31433837621642,-0.832872098569903,0.158602240802582,-0.968592623381454,-1.40706832537511,-1.5339866505241,-0.177656449476031,-1.59172615555536,-0.421916876496117,-0.992266607512315,-1.60050566466623,0.588801560301715,-0.938132145068123,-1.16167728974268,-1.23245324034211,-0.854384676025768,-1.20503843416264,-0.258269555327601,-1.30017324050127
-7.24796411538245,-5.65130020922885,-5.82752221463927,-5.32887789169301,-5.27265144284892,-4.89948290639962,-6.02780971098392,-5.72123364400711,-5.48898503197437,-5.63852581777381,-5.50417001014967,-6.00974965983879,-6.17884509744425,-5.73574007375108,-5.05905184484051,-5.11733796703047,-6.28329693508317,-5.8687187832532,-5.97545261603569,-5.95275533186806,-7.09983992930303,-6.28235075171005,-5.62077058125659,-5.26458323235838,-5.96618743552508,-5.17245433521261,-5.76547995796357,-5.91849525764762,-6.02040991251698,-4.83089977083078,-6.00048824413701,-5.84415627013943,-5.39912324764487,-5.98311455737655,-5.34476783410935,-5.45780740328931,-5.9102382190669,-5.03568650142727,-6.0293306047727,-5.84969413382432,-5.91322174013918,-5.65109439179816,-5.42240857200085,-5.97430665394801,-6.0721644361318,-5.47159317039575,-5.44331805993669,-5.14985109995776,-6.21990007237248,-4.93725338170025,-5.45351182740704,-4.67850074249229,-5.65407244883125,-5.37121535240243,-5.52992068562263,-5.28563548204767,-6.65343395116564,-6.8369288549578,-4.27651254790408,-6.2434230972485,-6.53023369069634,-6.59019886797168,-6.09954268859109,-5.92042112701394,-6.13160584945776,-6.34503279161223,-5.86401728730443,-5.81693750129585,-5.99092626022141,-6.08873779983205,-5.75755969491018,-6.37465565312439,-6.14923631254379,-6.12496786499061,-6.37995399471568,-5.62730394967253,-5.90712853032938,-5.93903532487264,-5.96742191857885,-5.72379537332516,-5.78031822182367,-5.69991176908424,-5.4702599821985,-5.63887274468409,-6.14822461023024,-5.73550582839144,-5.6202308337678,-5.88294499923895,-5.55580641499446,-6.37036648226078,-6.78975791677757,-5.29050359763701,-5.79308063091441,-6.04860163380398,-5.30154670315309,-5.479016328709,-5.9345100815645,-5.29653214774971,-6.42261050425199,-5.96311031992897,-6.39899745644184,-6.05961738245117,-5.83757181910091,-6.0119624062386,-4.82242344284202,-6.12573701034593,-5.40753198761894,-6.13859022071492,-5.58294138894875,-4.79033154876559,-5.66975639130459,-6.66298052517643,-5.07576106707121,-5.72087503884023,-5.52851887466488,-6.06000376289362,-4.40370877126474,-5.48782979072874,-5.6731094867403,-6.30061924247799,-5.99551010200822,-6.55517327555813,-5.55086625385538,-5.45732120823353,-4.98385218471461,-5.1542230632972,-6.04142114063629,-5.30047878490516,-5.84392152133355,-6.02695427293258,-5.5267420777793,-6.33566323424784,-5.9261738718819,-6.62316960882349,-6.38622097972129,-6.62949445911821,-6.62256871150797,-6.17797325032034,-5.96083158658419,-6.79091319047018,-5.53170341037423,-6.67409289739953,-5.84338980873075,-6.07062577774911,-5.43090255995827,-6.11521205223259,-6.0288734920164,-4.9440949503714,-5.91714751119566,-5.24915761142063,-6.19024057906885,-5.69276376999,-6.58282968990772,-6.27525496322923,-5.48168289433161,-6.36543874298621,-5.72848471247434,-6.9513303765061,-5.85122830006606,-5.60133890835305,-5.79708285787149,-5.09028972110763,-5.31837781334608,-5.79224832831271,-6.23358044836668,-5.37673417486133,-5.16096035198812,-6.34120196763248,-5.43586718424524,-5.70135051459538
4.77826102794896,3.41754924933903,4.12891349775083,3.6753276356263,3.35651790849491,2.88895984362736,4.3882983246001,4.16852223074868,3.4614217516602,2.91440671545288,3.99030279653589,4.49116715716985,4.04293327176142,4.59002245777886,3.44304338507336,3.55920289736743,5.37304180543237,4.38423847883658,3.54077173244455,4.25588503549911,4.45893875466779,3.46750254452438,4.46745414066801,4.52801505710192,3.67672197666899,4.24557511691144,3.79206772684846,4.46455854432705,4.28558073256931,4.72556092565449,4.69218398507237,5.09932069345785,4.06651347869187,4.20661338008746,4.62228387047805,3.90391628447346,4.21303850136965,4.83171515562443,3.66244974018958,3.99820199331049,4.00055068475509,4.48593616972195,4.44046263015348,4.20064887589902,4.51434154149806,4.73873640829489,3.57514140679743,4.39843689033618,4.08398560632559,3.75682379499757,4.08597956752031,4.19054289360116,4.01195999858072,4.89411237917953,4.94416320344479,5.17102517721391,4.49671017796611,4.28640938455692,3.56849999436052,4.41875565813823,4.37559161487597,4.07827510402512,4.36156268741457,3.87176554271837,3.75153917743988,4.6051355041837,3.49246282632195,4.17331558754064,4.35293934261282,4.0126393028724,3.77595271863149,4.16257754644101,4.33778610390456,5.57322552820381,4.43716249209724,4.13768864985733,4.15167269779268,2.8567726571547,3.72584800832553,3.84579116404436,5.24488593448772,3.27826747981953,4.48336940685008,3.7382905410724,3.51302002415668,3.42249069504286,4.35746132867528,4.58306504031371,2.97845643790064,5.6185697623805,3.94013554857849,4.3336585514012,4.41465692629478,3.85377108949281,5.48994965073398,4.77545843637586,2.78110380525913,3.48974650230382,4.75432837279984,5.36839267768251,4.90362989194814,4.16556574206478,4.38059929523036,4.09306536929202,3.58770653859814,3.79774168426532,3.79052943689137,6.01612006913465,3.84169989039218,4.30609419632696,3.05655047060637,4.37033042627024,3.89258648071388,3.33366156885349,3.33294845237051,3.77595441824066,3.39154952696616,3.92091910662922,3.54561667850993,3.59483974215082,4.33479387203564,4.46412752599339,4.62950740491201,3.20743132109583,3.44770616685669,4.41660838214497,3.91485688803304,3.6228797522659,4.82191965780345,4.65137750968435,3.67333746663178,2.34492688050004,3.89042561050942,3.55801061444817,5.37611814076253,4.48102962455675,3.42988505389928,4.34257818017955,4.1694447761131,3.87232734674392,5.29305184879697,3.52860731600252,4.45865923384253,4.3399750456042,3.65378624994901,4.03312982115999,3.75736044451531,4.27345622869852,3.41332910702314,5.42263546450434,4.27890126071629,3.93696401621944,4.25188472324017,4.41740304928319,3.60192191585414,4.38872748284827,3.91036082822235,4.17033997655995,4.83038454403198,4.10735998062825,3.99640048902683,4.39507430233203,3.53016637648094,4.14516635094237,4.0305475889691,3.95408430531027,3.67656373013986,3.26513549904986,4.39877613071177,4.50658206444895
-4.01234150357178,-3.40334805191304,-3.01246497809891,-1.53197156013934,-3.1921568437851,-3.39259237845962,-4.1461210874168,-3.44286479337209,-2.54520302584136,-2.74865808060966,-3.26469939478062,-2.81259092011934,-2.67976591825924,-3.40143061522214,-3.38307244353465,-3.19587480575892,-2.79580648650791,-3.10170776434998,-2.29527890551284,-3.43584482806706,-3.245256821606,-2.57270964909974,-3.24929267991426,-2.10439820653107,-2.89150824240645,-3.01597195720094,-3.37873845339544,-3.13864474160447,-3.16370693453881,-3.28259133168903,-2.29892259573747,-3.5022757323555,-3.449114767431,-2.4390162434258,-3.90185337695149,-2.73009985384938,-3.31249593769426,-2.58323852540169,-3.08313257881741,-3.26439848700203,-3.11162603390456,-3.46402718231403,-2.61583683098024,-2.85739788810692,-2.83794628489503,-3.51404877950684,-2.86163716144595,-3.45877486831675,-3.47743842384093,-3.28571702546031,-3.78854937955799,-3.22168516062148,-3.25070058345392,-2.50834491949954,-3.37012667769559,-2.97801626579789,-2.76638096246697,-3.69489590812872,-3.579844951614,-3.43580703360011,-2.78245775964401,-4.04754429778164,-2.39683613865911,-2.49468484229416,-2.54702371647998,-2.81799928570947,-2.80566821825793,-2.82276235254711,-3.31733710977694,-3.49620142982399,-2.76800238971466,-2.36682822323713,-3.14167995456669,-3.17992023689122,-3.2255962882371,-2.9383111980289,-3.51047937840607,-2.09516665222663,-3.05575377517008,-2.87841039905827,-3.57304680943825,-3.83980089200517,-2.88608826998242,-3.28265598338562,-2.91400376762209,-2.45409878209956,-3.02066075339585,-2.01337125566451,-3.71003802106047,-3.4643288535288,-3.6290578567265,-3.9060756042465,-3.32367778752028,-1.88393779510359,-2.82738434922988,-3.42516396227726,-2.98715684363489,-2.60175097179142,-2.63745937090267,-3.46448738826216,-3.20245603592263,-3.48262465739943,-3.22041706953339,-2.1285719887039,-4.11445845989812,-2.97408090684288,-2.70998307257391,-3.06032800407222,-2.91481703187534,-4.07708574441654,-2.44843879927311,-3.17195795770584,-1.69024047953446,-3.11416110140839,-2.55583247910472,-2.74954419146752,-3.26682761164061,-3.36740601415125,-3.68688398861157,-2.76582407579937,-2.93195292833662,-3.72372330203108,-2.85390641269593,-2.54627610346573,-2.42949941886995,-2.37003502301609,-2.83881578901467,-2.9819046583334,-3.08913757809315,-2.93789734172106,-3.06042443109136,-1.78584029764943,-3.06097275912302,-4.10569022056732,-2.93761600225846,-2.74051293197488,-2.06833758260591,-3.07408737092017,-3.31111523347559,-2.63691905989216,-3.6518810857051,-3.16428953420524,-4.14950975431605,-2.971066160608,-3.9035454765002,-2.68693549589496,-3.65994056294081,-3.16286474780096,-3.56815922827737,-3.60526121385232,-2.46082026340235,-3.42362535232876,-2.94649950300536,-2.63911348345302,-3.10605848842115,-3.42444160372994,-3.26681757323335,-2.32837463875442,-3.49062509623986,-2.97353651778672,-3.00619750244473,-3.09694215788344,-2.36906717512672,-2.64406831012799,-3.26439462472997,-3.82530997396697,-3.29454506160042,-2.60683143324657,-2.97021035390228,-3.21884954578843
-10.0337580454857,-8.98925797610434,-8.94219424597993,-9.12125596482874,-8.03254199194092,-9.86433329244998,-9.87976641729564,-9.56267599894008,-8.65748699203035,-9.04684766542396,-9.22913966526686,-9.21800072702144,-10.6329226169022,-9.29637294048995,-10.0200672296341,-8.43127282856576,-8.32514594449693,-8.54714503648684,-10.5665248385869,-9.18060167802687,-10.2953967911787,-10.3437254795307,-10.0178793947041,-8.13868193010242,-9.60196739295584,-9.49484844220627,-8.19711021303815,-9.69204430535476,-9.43240688702529,-8.95292237735698,-10.1473023039025,-8.63006674017846,-8.8623420465203,-9.66864899522319,-9.41593879402135,-8.73089852817339,-9.52951585123014,-8.80022346665533,-9.53976692333276,-9.7828638971661,-9.19689314767473,-10.0282381169523,-9.43959518862427,-10.0033201870268,-9.09095328083266,-9.53281893790713,-9.35347360317204,-8.21941648583411,-8.47974909399014,-8.42497686888817,-9.37322921132786,-8.71510873414674,-9.32694711049828,-10.304507996315,-8.97600706830598,-9.47997540389144,-9.80832512056669,-10.5451812406144,-8.54497554045012,-10.0279089590641,-9.73857777419754,-8.74100335055201,-9.54209851460029,-9.4911063760699,-9.83258029902023,-10.2132983095445,-8.88895819810738,-9.75389246497415,-9.38962134315584,-10.321132647902,-9.99353447844329,-10.7836449722566,-10.1101375789568,-9.98544234817716,-9.20280022132146,-8.39766920512695,-9.56041595178496,-9.30277915698345,-9.3693820190102,-9.55039751123956,-8.43956966436551,-9.21335120126589,-9.23670654525595,-9.29441599555617,-10.12896741624,-9.62945310266036,-9.35836725719524,-10.3182535808041,-9.08431861120679,-9.96192442921626,-11.097920684448,-9.56971405389973,-9.53087262740555,-10.1587145822978,-10.1019462653117,-9.39865855670221,-9.48748444989877,-9.90809651792595,-9.5159630969773,-9.32974748732009,-9.64930229872275,-7.28119147067864,-9.66359239862451,-9.9850138042012,-9.05846024785522,-10.3417447093474,-9.75807217416754,-9.02841708603875,-8.2768517791686,-9.92430539882185,-9.7673541940099,-10.1237488787649,-9.55499250780061,-9.28581890973043,-9.7612259996575,-9.42296226734268,-8.95322896825366,-8.74806469069799,-9.50270377624725,-9.45290760164048,-10.0640820247246,-9.85447673654377,-9.62490009265346,-8.98519354291092,-8.72786857683685,-9.31584988615521,-8.87150252090053,-8.61153912112656,-9.21942152480689,-9.52143449169499,-10.0306404639227,-9.49016572583098,-8.43723407094704,-10.3715967674112,-9.26601528969079,-9.30558365813089,-9.44102704095636,-9.30274242769125,-9.13385573253178,-9.69060137103501,-9.037809317534,-9.48458137712189,-8.58425125935202,-9.56423283087971,-9.82020210320667,-9.68056997318611,-10.5681108942988,-8.74546968831273,-9.28007925032896,-8.02905893292073,-9.99345774358146,-9.30381648408436,-10.0594854299288,-9.65836758088998,-8.62888329036876,-9.51768910199662,-9.91596318876379,-9.60130352454637,-8.7097344907522,-8.85776424253172,-9.60901199562328,-8.48870849763878,-8.70172172580315,-9.66813375523435,-9.63067306018669,-8.99419178149258,-8.9487989482955,-9.86680086921815,-9.48739399334396,-9.434469839761
4.70261775819857,5.33102632793682,6.7486125466467,4.68742420837607,4.52347381902693,4.71186883763872,6.00121548552555,5.07285245941491,4.69888526504012,4.09429418024649,5.27906622247454,6.02858526571924,6.55988253201335,6.54801320009235,5.98805745863675,5.37769879793359,5.44138090450346,4.81039428962367,5.18738929943135,5.48637766115535,3.86767874912642,5.27525597071223,5.11314015333468,4.76957007759034,4.34286001640352,4.87926866097641,4.88212435290401,6.43971994058448,5.27421487034598,6.24679959467577,5.84242268605956,6.12125347420805,4.96693238492663,4.67220821810661,5.9223748572201,5.33895214086709,5.48947361786755,5.26558568664542,4.54815064160578,5.12407242399183,4.92783456991076,5.76169477760617,5.11724347975511,5.56880125364094,5.44235553136179,5.64156511232378,5.14534698830507,6.00983592267966,4.12682437187864,5.45952628667253,5.37678186130302,5.87568644609253,5.52351134051983,6.350473014755,5.8068863619898,5.05838284416502,4.5582761807967,5.77967742895911,4.5462183392853,5.39480033717184,5.99117274061984,4.6864948810032,5.03904852670165,5.74669969336515,4.2435562845471,5.51758632908855,5.46432029430302,4.81109020782046,5.13274616611064,4.85736356451295,5.68938338330856,6.11214337684239,5.47421684079568,5.19598245000924,5.02993421108944,5.88275906118458,5.0909813640882,5.24022042104737,5.54044599686266,5.87289229090702,5.98032832067685,4.28792368638199,5.97340935162509,5.20622946992048,5.51231856624504,5.71123531022516,5.17035450464777,5.52111268891352,5.33565500455011,5.71755030136465,5.75383890678233,5.44963367933803,5.24252067120285,4.51531158188086,5.56119235435804,6.11626106232146,3.79779439846417,4.89449842201186,5.84331389281022,4.39988452225715,5.50757399914678,5.9259818409489,5.38450701703539,5.93542123039878,5.53016440618837,4.32514900477348,4.91042518486693,5.31956348512869,4.47459966883708,6.03040036581948,3.43943244755254,5.35113082683206,5.93564892337725,4.74326297465591,5.27525774975763,4.6307375042739,5.60386751399272,5.78110104050826,5.22373578465108,5.50193544018642,6.64590178050659,4.9559124738298,4.67682097835319,5.32192494067984,4.74381402944989,3.97144370393967,4.6891120301202,4.63760955808054,5.37595315614906,6.1985971914069,6.22857220086751,5.50785298286339,4.18709782154896,5.25949641978946,5.09128442820641,4.60314266619855,5.43977067198331,5.07023719445883,5.74557317011879,5.20951682441789,5.57489175479939,4.57961711322942,5.25292894760591,6.15702412191109,4.78244015187895,5.58481538546143,5.61272850203267,5.62317680042703,4.67563430198279,4.77861199480045,5.1417670918226,4.35418279348256,5.31850646287607,5.6118386739408,3.97333862242933,5.81794211288247,4.98598658734981,5.36780306733669,5.12131432377825,4.69728268820222,5.9556845846752,4.94746113632501,4.25141997604808,5.50406580186335,5.05511716745503,5.60327056742999,5.29976673111322,5.36405627565193,5.25808927750452,5.19731362790822
-3.25908049852567,-5.34419269626209,-3.98193711503677,-2.62394812771549,-3.35414859876533,-3.19459806354858,-5.5580720113373,-4.51308425938863,-4.56637547309763,-3.55968041219741,-3.73501130957721,-4.63941724163896,-3.01090522506789,-3.86834078294732,-3.45451885076294,-4.35229356619366,-4.60731286418841,-4.06695126264466,-4.08698144692614,-3.39079298612591,-4.19775575847208,-3.17153532826265,-3.34443821886633,-3.37451811154948,-4.00470058850921,-3.79498699290326,-4.3592117707472,-3.73977579914787,-4.04327349155716,-4.29447455639157,-3.32244060231188,-3.90691124998337,-4.13867318372735,-3.07980817194887,-4.61215696591003,-1.67316150181149,-4.32433270690801,-2.85819549698377,-4.41737545364382,-4.22557272650061,-3.96588298324931,-3.75307333301673,-2.60387205448451,-3.72351887379836,-3.95498778349827,-4.12394625083686,-3.54493767828682,-3.78865130743101,-4.51089847196955,-3.42443225652261,-3.00406693506569,-4.23104095604403,-4.04384991800825,-3.37438960192535,-4.49945096700872,-3.9238720213436,-3.37302362786922,-4.95216794003601,-4.29577300266026,-3.68702956104947,-3.36629821170082,-4.9069613443036,-3.39027901042458,-3.31043127562815,-4.03596182882564,-2.67417589710023,-4.21790511101385,-3.40491083698959,-4.68864048688084,-4.73846301676685,-4.00614888713641,-4.41154036497211,-3.79956382211364,-2.86755058922368,-4.26971478657073,-3.84716730487167,-4.29203378071723,-4.00533452175999,-3.98204257140855,-4.40769698337307,-5.53960490458656,-4.33404026188566,-4.76995346564518,-2.7092296922753,-3.68865031530751,-3.41276935276875,-3.47547185390576,-2.58914563427077,-3.24938974374669,-3.92580832814807,-3.60513218334149,-3.93336950344142,-4.41143911406321,-2.85380181903606,-3.11563087898568,-3.25970646046823,-4.46944576974933,-3.23367770023507,-3.1212802065317,-3.67954239386173,-3.56332631411631,-5.1607299422534,-4.10021498517263,-2.49493081279299,-4.21538074983986,-3.38751497951178,-3.47905316775777,-3.12485193052374,-4.33376894719225,-4.14169143076755,-4.11170985988357,-4.65988991997612,-2.55211503427915,-4.07377127469522,-4.16788502851715,-3.5748946914039,-3.93176138321612,-3.97874184895456,-3.63094501785078,-3.58003172792162,-4.42298965994226,-4.52414273496803,-3.67716737251055,-3.86009086622128,-3.38857802219604,-3.21809340602363,-4.27637062174332,-3.80787916632527,-3.29806545610042,-3.55129415063206,-3.79928876558285,-3.39832379554564,-3.66186922895174,-3.37264461470301,-3.80579574573065,-3.27099582047454,-4.02710113105567,-4.75069492374627,-4.9070552587408,-2.13432651065891,-4.78083085629987,-4.3780417793151,-5.40672187368663,-3.14981385395995,-5.28250335632204,-3.80945224009211,-4.28808093501886,-3.97767523851314,-2.77199719175667,-4.97262068891561,-3.53112694048579,-3.82128999379142,-3.44458471628591,-2.95066002909287,-3.79678822475675,-4.06051593645934,-3.55909904837713,-3.24001087234396,-3.87483986338204,-3.91255662145751,-4.42253974580048,-4.18676514178475,-3.63612364211185,-3.49458379338197,-3.61058685430742,-4.43248111195487,-3.87343018980044,-4.58887783170059,-4.1960366994222,-3.69691147202499
-9.10121986572225,-7.56868568781804,-7.51364098343314,-7.95749677900487,-8.4943747775864,-8.50090372473029,-8.42118969618041,-7.76786569152163,-8.96663648855178,-8.4659752025161,-7.86634919613012,-8.51925751962665,-7.83237729569829,-7.28378471796154,-8.16741417032332,-8.30469924526153,-9.07075318414104,-7.08544012241285,-9.15516453517158,-8.14566103594111,-9.40364321420388,-7.97132522634972,-8.49853485461973,-8.40521031489588,-8.80639230342763,-8.52536477821027,-8.65632565933052,-7.87261400091268,-8.10234194189387,-7.28494541738594,-8.33608016407279,-8.92763931889256,-8.28118578899404,-9.18040967416613,-7.22246338994986,-7.86663747384537,-8.15692466613695,-8.19905822209696,-8.03752251387688,-7.55508920769885,-9.27938966977746,-8.35336861061992,-6.81808697393176,-8.67860467839456,-8.03818800721155,-7.72379352250882,-7.7242477768682,-6.43452364141467,-8.36368643517051,-7.81827533999509,-8.13192104085654,-6.45951802513654,-8.45479253074391,-8.18002513143951,-6.67512947513196,-8.31067625379069,-7.85049747423632,-8.23727013263573,-7.61435726698569,-10.4906002885628,-9.67129923977378,-8.05596241175728,-8.50287528985371,-9.76776583701003,-8.78574904234992,-9.19393750216228,-8.65910595315264,-8.25873374234926,-9.15331689216007,-9.76300730234967,-7.52943063296223,-8.23299476063583,-8.97208440881892,-7.46060223071271,-8.62252635484346,-8.542142552281,-8.47053476464432,-8.21533887967428,-8.6275187600301,-8.30550411952456,-7.39832290600355,-7.59039575834547,-7.48198280680222,-9.09170525688423,-9.7144715376911,-8.89567802665478,-9.26910353583682,-9.27652595268964,-8.10680866371318,-9.21430450923585,-8.65642399865621,-8.40353247217969,-8.28918368928754,-8.59763351207958,-7.76885168523182,-7.75816471285721,-7.51334708901399,-8.98370825252975,-9.24332926043891,-8.86300041384749,-7.84297316560505,-8.33967759375228,-8.17176678377808,-8.39024454812081,-7.61681254123637,-9.17013941505487,-8.01173853230518,-8.85184665636874,-7.6622297023394,-7.12880465750874,-8.95159589198165,-8.73767809553219,-7.43325596545477,-7.65700822574398,-7.63519790424052,-8.62245107874221,-8.27779293584069,-6.97966758446647,-8.66169994907316,-7.86228875222622,-8.57276612830388,-9.04811020664401,-8.76824267466909,-7.97288451015568,-9.30971446507673,-9.14557840432846,-7.72884791434876,-7.31686311469961,-8.71810790819575,-7.32289816193549,-7.34275553779308,-9.36559603723618,-8.14699239882377,-8.79475012692065,-9.37761476875365,-9.73342224422576,-8.59684592778412,-7.56839568494358,-8.16345623555267,-9.34051173523621,-7.00485622534792,-9.72825496778411,-7.88739710432645,-9.98762863139792,-7.89932382635003,-8.18955713943336,-8.64516234075496,-7.29434050158708,-8.4251747271772,-9.17995775040947,-9.27095314410006,-8.58135886539883,-9.8956062424582,-9.60099277389862,-8.42679146532238,-8.29420446182667,-8.38030727847665,-10.2916793534399,-8.00166354571321,-8.96520254324209,-8.70081396620171,-7.73259535261562,-8.46925370684488,-8.297084116819,-7.99139662659691,-7.37179538726846,-8.38928638282347,-8.13573561616106,-7.99926154115016,-6.82004132467249
8.04886019495838,8.52226722706823,8.6109685052672,8.57205854871357,8.03975099318292,8.53022012865984,9.20677948264038,8.70331411892092,8.0626380684818,7.93990322730676,8.00523807254382,9.79106260954657,9.33625095612464,9.97636629167535,9.6909155310661,9.1144294606302,10.8321043735916,8.74122119414736,8.8654978471652,9.52655734939722,8.03723917418011,8.27309669959264,9.04502964487704,8.4219340996781,8.09625145653055,7.4631237280827,7.79476657965959,10.1969646116325,9.20010928986206,9.18465881019061,9.0348177307379,9.14558413489867,9.85630492926099,9.28467281734111,9.53117005380301,9.00245843898515,9.14771626434057,8.61978685129302,8.52103193155007,8.42170963867148,9.21738392422153,9.8929060718229,8.61437038273591,9.29815691861781,10.4615079201289,9.13566617648138,9.16651842113704,9.02061918845342,8.35852660085293,9.05305675319256,9.16168781967834,9.46321148949234,8.64270152147241,8.12397508806027,9.45918161792769,8.73677869266499,8.85611616829891,8.86116405985747,7.66222628249349,9.12498353530577,8.02799795455671,8.46836253707281,8.91910741021202,7.26115916777676,8.75673523014243,8.86024716379426,8.97849887123222,8.60897119145979,8.90428145687505,8.89554867018381,9.25001360415928,9.89100599785504,8.79971145297662,8.61123513107619,8.97939592184395,8.93522146345374,8.54254621641739,7.94996416530895,8.50894707476477,8.25633053670449,9.16361801975291,8.39316722125263,9.42039239787778,8.83643120628931,8.08209080877413,8.00766536511908,8.16685919336011,9.04700890137069,8.09774460487743,9.71204671584006,8.65207842033187,8.83960972449778,8.77222557581895,8.1012561883997,8.59345942831847,9.76454473954231,8.58584497493533,7.90949340717022,8.63594313107544,8.59506239554807,9.92079740381366,8.71761610509736,8.31098710417544,8.81422798449121,8.37548822261172,8.12917392987336,8.62741123502798,8.80022703047265,9.10324862650586,7.99484626498989,7.7500337266374,8.3690405355436,8.77901894817797,7.85434389588555,8.26354679290866,8.94854350674182,9.10330507335359,9.38777952339738,8.30299093408808,8.50862392468114,8.87729534170309,8.95191257453745,8.8635116661983,8.94961903074642,8.03539398867776,8.45888854417483,8.73294854839796,8.72254746068272,9.3635939262259,9.79754272411563,9.57558211435744,8.49554468605402,8.69974128380021,7.88687868004241,8.59666769583119,9.24660240412264,8.85706378757753,8.43598618382179,9.30355035518541,7.96617860238686,8.63481516409728,8.4444262812896,8.45738585263748,8.28272313279674,8.69849659359082,8.80946594079491,9.19407608107784,9.07227272141206,8.74066778102939,7.74642297229146,8.41966238248092,8.21806319989615,8.92524142037533,8.78285514221043,7.91267856861414,9.23537338935506,9.31494391725712,8.1893079439414,8.90083800931129,9.13570478720686,8.51231549237236,8.6423209667445,8.07983625298179,9.0862649699342,9.41884373557384,8.77074251516712,8.93878664687673,9.11482468157291,8.39498263110434,7.69464429799035
-5.41503323995842,-5.58136650151566,-3.57795821731249,-3.25257433611234,-5.28123671813772,-4.87721861411769,-6.10051282097646,-5.01895942845651,-3.76561486626129,-3.82611853201835,-3.52510397645856,-5.20974238316106,-3.63275017198627,-4.85602476312562,-4.79227021617233,-3.63907232350565,-5.26534275483293,-4.76429038203644,-4.91904489912296,-4.46187298009211,-5.18703836926674,-3.89749886294845,-5.08519740756457,-3.78799420381281,-4.23433277794161,-5.50805571727578,-4.24631441697009,-4.46867066579749,-4.80845348561415,-4.72241448455178,-3.67860662635138,-5.0898104161194,-5.04844108286832,-3.39893071423001,-4.65381067172658,-4.82392710444178,-5.04067681312934,-4.88177345982313,-4.08662601503102,-4.05378232040209,-5.31365938791864,-3.71630329464308,-2.98153477815524,-5.00043018130182,-4.15167456043022,-4.36722124838734,-4.26486097825677,-4.37904779484443,-4.74962059261629,-3.74403523994841,-4.16565376155999,-4.50217219545362,-3.97509962615621,-5.1478255230104,-3.97794456658995,-5.72695046950812,-4.67119787465115,-4.14655588784174,-5.60594729312578,-6.32824493256295,-5.11166926019636,-4.80624436396782,-4.4464246377956,-5.72476454958995,-4.59358654099089,-4.13988146952463,-3.72494777792671,-5.48447732929217,-3.89853394239345,-6.19443802599751,-3.78332935658412,-3.44809782693036,-4.45266413478612,-3.32301994611854,-4.60159192570434,-5.16054434543219,-5.26169863013144,-3.73897867438366,-4.9374507770683,-4.40399524210259,-5.52561925363355,-4.51912382628768,-4.93683507985935,-4.97105548934176,-3.54006874056129,-5.62952848485361,-4.50072473719856,-2.83187638872765,-2.79289404189006,-3.82320848732338,-4.0659881124103,-4.27991222581426,-4.7693799278498,-3.47907813519466,-3.35243096453882,-4.60390035425757,-5.11673949268498,-5.31619572263148,-3.25645966734556,-3.91613739388514,-5.02147262415032,-4.69081820842174,-4.98594044849082,-4.92975806155089,-5.74176690838132,-4.31642308596536,-3.88300469018295,-4.56600703585481,-3.75482792421118,-5.4092330501552,-4.32695857858566,-4.89182363753712,-3.8433513492312,-5.26828620143643,-4.68112313638103,-3.55913551017174,-4.1598091815923,-5.71101056824392,-4.2363563654292,-5.2861587436677,-4.71540420855993,-5.1246710503621,-5.47221799696551,-4.35903161727936,-5.2306732848506,-4.47088036174669,-4.15094580451732,-4.25155733991719,-3.42136644600227,-4.74250621042801,-5.1264665388088,-4.1500015668912,-4.17534125561453,-4.92331545295272,-4.36134223797507,-3.69148991478183,-4.71483999818443,-4.51698013495014,-4.52281371995879,-5.48597794357619,-4.76101028384105,-3.98173077142379,-5.99605538133647,-5.02196785906122,-6.15272229888616,-4.85261912269404,-4.77252420782804,-4.87945338831005,-4.30062832841278,-6.21945078078758,-4.34098357528768,-4.69863105618098,-4.63093478507179,-2.92700424529455,-3.84991427129976,-5.51833883350982,-4.23526828255102,-4.49757190758381,-4.19209936357298,-4.63683193149101,-5.34878241449687,-4.3184415486675,-3.5533949711323,-5.1406760827603,-5.61344956461422,-4.72909092715789,-4.51165212267946,-4.62275559580096,-4.28802357119517,-3.40489399061062
-5.84924948152759,-4.63479522760857,-5.21515243272764,-4.94696491014025,-4.79505416931516,-4.34533513917428,-5.1291141642136,-5.5356427130612,-5.4046927903773,-5.63239035888036,-5.33608681240615,-5.43655479100412,-5.15010001082439,-4.78668061891347,-5.02175890982459,-4.79311376617098,-4.68812754200686,-5.02824584349951,-4.99006659392615,-5.26311059270144,-5.49282516785576,-5.29828727283461,-5.78857484345294,-5.44151432704381,-5.36250471261664,-5.17163348110297,-5.18158573688948,-4.54885780864206,-4.5664762085663,-4.61751762365591,-5.02916116241305,-4.657752602327,-4.15719805617892,-5.17402518753241,-4.65059280319811,-5.41801873632397,-5.50172867214325,-5.00431451850464,-5.20852938612523,-5.55890494990648,-6.10925488526184,-5.85326617320708,-5.02563712043266,-4.98273199595764,-5.26713452517552,-4.65171040105056,-4.65742724163277,-5.01158286844815,-5.66813912128553,-4.69852014642615,-5.49805523974389,-5.05108815498318,-5.45201952944557,-5.91489499393439,-4.29042475015048,-4.68886317733269,-6.27168450686647,-5.4260346327561,-4.43170152340341,-5.79363106666389,-5.98044956726805,-4.98759092297192,-5.14945024898712,-5.86136988828138,-5.56074390129885,-5.7554060404887,-5.16179420672256,-5.98077041393442,-5.51402887027474,-5.7617635160521,-4.95088632018729,-6.29563930886548,-5.77861486081436,-5.12011492028493,-5.10239980161745,-5.08621519459991,-5.21596366986639,-5.5918578702188,-5.07066504640198,-5.75052758343475,-5.26729415429558,-4.61929256738589,-5.23322397430328,-5.68752740995184,-5.46026925374924,-5.06688856130111,-4.60038426877759,-6.52137670955006,-5.06292933004951,-5.77640683307386,-5.40337423868147,-4.2174516481497,-4.73122074663369,-5.56688316523239,-5.40769991380937,-4.83020686099639,-5.36867139839103,-6.13782592106065,-5.92394041131106,-5.48567488280478,-5.41375540937313,-4.86677145857317,-4.88364659613068,-5.53614550270919,-4.13122502401799,-6.74216360707674,-5.32688179796475,-5.79588487134909,-5.16990806912179,-5.33680889417748,-6.1057722123124,-5.64209962375791,-5.02565958063597,-4.94394343507887,-4.76721175833823,-5.43641343745614,-5.26725816866064,-4.92243731772719,-5.50228970076949,-5.74526783729538,-5.42748627398895,-5.75415398852538,-5.4780379454095,-4.54329600906276,-5.7142951476139,-5.65923311582588,-4.73992431203483,-5.07345356360526,-5.28223849735926,-4.7366988855785,-5.96154658278166,-6.03814076873365,-4.51962135692529,-5.2547269333714,-5.78770251507288,-5.97332040897978,-4.64224891853559,-4.93845582796845,-5.01777834099214,-5.42052914478484,-4.32263444162629,-5.62673420530065,-4.64239010687788,-5.57021900522604,-4.71438904058809,-5.21930725600313,-5.41170403065896,-4.57556779324509,-4.75929045440824,-4.53126873787585,-5.511783304635,-6.24767894292388,-5.78934611719196,-5.41649294016807,-4.86747127451198,-5.42847756964993,-5.44668787773026,-5.84848856902932,-4.90723863827897,-5.10564581852948,-5.78240964930379,-4.73589680354169,-4.71492014203953,-5.67469702904625,-4.41151220033385,-5.43494803227216,-5.68292880123951,-5.17301916610992,-4.97036452441903,-5.27343973872779
7.63262146983573,7.22209908523508,7.57875581788999,7.28428480619688,7.95401901811163,7.91931527394898,7.38698129210986,7.410519823058,7.55351709215899,7.47107247839761,7.64101465172024,7.9963900192473,7.00802345964416,7.80292710009432,6.72282587522944,9.17307563824738,8.52111235224826,8.04807971527849,7.88992047158374,6.96345707033375,7.95607166454011,7.25989490090675,7.81068793956369,7.63854460488816,6.98778773229389,7.13200242580415,7.9781076122223,8.56742795965716,7.6345275183686,8.18412555275176,8.48617734910515,8.09166417906042,7.42684364304232,7.95774701833755,7.25400584894468,7.6735087967555,8.29734285348174,7.80173502626594,7.73783602684455,7.54812675518509,8.22928963236531,8.32090059936168,8.06551539436911,7.59727812506531,7.73413183661313,7.41207973277317,7.43861968128964,8.14991646001814,7.63025646403044,7.6734802675736,7.60781910292519,7.73397841808677,7.47555086209711,7.51273732416085,8.10854916271487,8.09359603363168,7.05859675859326,7.36603393496617,7.65614367112337,7.58102040464439,8.87951390071525,7.65772633123071,7.85945919886698,7.37851296092615,7.71078328731801,6.93791610303971,7.18845140987788,8.62259542048909,7.59162772203107,7.63662874055594,7.89753171300498,8.4126402407068,7.70592275357898,7.2735824893518,7.78193417354406,7.93566845735434,7.77181669499163,7.88939058824991,8.16826455663014,7.25308424749527,8.92310148782648,7.11621770249018,7.31409012350786,7.77123363574449,7.57722689382486,7.20917630602488,6.93938366541312,8.25452885619057,9.03757600071318,8.74284210639398,8.51328715771474,7.75404929719212,7.8702858329955,8.24530985281944,7.57506397715194,8.33647680352329,7.37945064550172,6.92199575190658,7.88120533526319,7.65986630149293,8.22166234225425,8.62224748228879,7.80415264956215,6.65373045276796,6.2720787353075,8.70856777521859,7.67485653659218,8.91659075466158,6.86045225610112,7.88071129901696,7.54407207527449,8.47546804189041,7.84969925047875,6.92331756125472,7.54641666634475,7.52540970144695,8.39968240056955,6.66078233611745,7.54633897327564,7.94543157679971,10.1762019988063,7.74324835545436,7.78415902532252,8.26628121371971,6.75921309581248,8.2291501678332,7.84352749401136,7.88439330143691,8.81127797480561,8.64484164661363,7.91427122440812,7.01139271029475,7.76455433156052,8.05392102281986,7.80136009747214,7.9529782411013,7.97392825526649,7.2039819820751,8.13792666345245,8.64100678620841,8.07198355580308,8.7938303202933,8.08851454597544,7.68793199368429,7.10866361785806,7.88743586714517,8.33966050337691,7.68901363061843,7.89629251152681,7.82785317017456,8.09104467448156,7.8849260960928,8.81297873917877,8.26308006921419,8.20215008863934,7.69182868910173,7.57957293331599,7.46990475451019,7.74134890366448,8.26609337086715,6.87269185517251,7.74758278322183,7.48638323827814,8.12813537043593,8.40667189855458,8.25604821083234,8.50907045307685,7.22700046632187,8.01195247924371,7.54930448754381
-6.82513099769082,-7.4207921747698,-6.24901291650484,-6.10150265859335,-7.01749642319716,-6.16021784628219,-8.19063397327075,-6.09807056839557,-6.62519609410801,-6.55346898041821,-6.78451249729287,-9.08663354335512,-6.30160714726216,-7.24617423824026,-6.94267835679351,-5.47758855015906,-6.91658225896349,-6.84231049372756,-6.41137945641888,-6.94656927687378,-5.31345122109938,-6.17628370482364,-7.21624932360725,-5.73820134277403,-6.22715127276952,-6.32186839399807,-7.05733940548738,-6.18628438828614,-6.90717527305274,-6.87122315168062,-5.92140612204401,-6.2756559319462,-6.05013416127412,-6.24686972570412,-7.37565549073155,-6.14459835429024,-7.09440139149511,-6.29762488303494,-6.98279688391317,-7.03870948297382,-6.73033000145411,-6.4222408766979,-5.99317223658661,-6.42590452920234,-6.06399341160746,-6.30101412978474,-6.00528883673264,-7.50196621965161,-7.92738687318302,-6.82297129652718,-7.0445081777136,-7.32863908570112,-6.40158875659619,-6.97705959208246,-7.03485116076722,-7.08576698140318,-6.97311361259635,-6.42722076136129,-6.30755877773307,-6.28275628083546,-6.63418027009151,-6.87252533256338,-7.09659808733681,-5.84862274261488,-6.16916383469778,-5.91559542683445,-6.93244722321217,-7.26894164566218,-6.66076222859917,-7.5509407240346,-6.41056089667662,-6.3434927082868,-6.59128352956354,-6.66882110705253,-7.08933537641577,-7.28930534425418,-7.13930210794467,-6.44327467004806,-6.70483812788964,-6.43096471934657,-7.73171531745811,-6.72579975471884,-6.22508775921594,-5.48498479148131,-6.52321714969271,-6.23639573345933,-5.97101265501161,-5.35623955930973,-5.59799137171573,-6.60961886015705,-6.26790399409986,-7.34883561246635,-6.28326985446105,-5.91186286643312,-6.36633350084777,-6.58454865889215,-7.3857990054929,-6.73220020025798,-4.79467905820124,-5.68196690624079,-6.76849386991278,-6.6227873070441,-6.61748725018625,-6.55524004309367,-7.74424939605497,-6.95564547845556,-5.50412567337079,-7.01862039035747,-6.28146539890261,-6.79618003389547,-5.64343714204843,-6.6558744089783,-5.64285399443132,-7.08764821158184,-6.92216987622964,-6.21138634663814,-6.50117289136813,-6.57753977569178,-6.91684688619392,-6.35108605907808,-6.88800437680064,-7.39612114327434,-6.7649207688429,-6.20984305081163,-6.87881203307269,-5.745363002148,-6.11154669860194,-6.99508020815673,-6.18852128556097,-5.77453092794136,-6.93074221742752,-6.38957556585286,-6.27924610129646,-7.4921531763443,-6.35023954872911,-6.25372451320472,-6.29676719372249,-7.05489734797329,-6.8693086774824,-6.50243588889877,-6.53699094353956,-5.77224126013069,-7.364828361235,-7.24979323936862,-7.1970256830341,-6.4013234818664,-6.79589944158734,-7.75233869417132,-6.20148929314367,-7.761862832645,-6.04827346443078,-5.77430335561483,-5.75990974777738,-6.0663055359972,-6.27422896940934,-6.99650615736016,-6.4281577918459,-5.29819315459121,-6.12379589137927,-6.49155077791421,-7.72463893623136,-7.00408861401273,-5.73998842008034,-6.85650488755136,-6.38300510190615,-6.67745077833163,-7.18489610938696,-6.2964549169389,-7.37969696031767,-6.98455761927732
-7.86138622670237,-6.7299834822382,-6.9095545393561,-7.79049716090608,-6.79074342089154,-7.27750328931354,-6.6128353018995,-7.31019039289673,-6.57536755050715,-7.35940524957184,-6.63613996717232,-6.33038612541599,-8.06349251248725,-7.16592807808866,-6.17536999118532,-6.11271621504233,-7.03471799734132,-5.67775863208928,-6.60526231145419,-6.98125693062056,-6.76905363330913,-7.04025250954798,-7.15426342311133,-7.37763716985793,-8.1097368572942,-6.30165175911826,-6.54224864831216,-7.00857255454416,-7.07659323486619,-5.74470466332449,-6.42640699787723,-6.23280004070591,-6.73936667717288,-6.85056682467853,-6.10085270372467,-7.08404858903686,-7.73745347889287,-6.96070534206735,-6.66942396484424,-6.37045530929188,-7.28941596442561,-7.79244486388092,-6.98634934314583,-6.45354939930461,-6.72354443611257,-6.6130714725478,-6.8370064038354,-6.60919594176569,-6.31719769237542,-6.44754191819523,-7.55276343079687,-6.97788691195666,-7.18800788770883,-7.03703480193918,-6.34713328101134,-6.16242221873178,-7.0600619198582,-7.36695860870712,-7.11176698386043,-7.26628732617425,-6.50991950627989,-6.73844282974272,-7.57412761922074,-7.20514488795597,-6.67873052745686,-7.43455269253128,-7.38530746902937,-6.87897370588952,-5.9984023660871,-7.46827188113883,-6.36369849179928,-5.97509002128588,-7.52260345251442,-6.5799345824179,-7.1914075780241,-6.78290765635091,-6.58804649356531,-6.99138613896868,-7.26994204702379,-6.91048661273858,-6.33878339165459,-6.19976718340425,-6.21321406567607,-8.08908482176069,-6.66431650135906,-7.15251547105741,-7.29724976186063,-6.85438633487674,-6.92966780678521,-7.2085606806551,-7.59741746294087,-6.00242550160044,-6.52881771236864,-6.96565604343695,-6.78270001270511,-7.18792641724293,-7.23499408530131,-6.68541108372205,-7.1001448400769,-5.75554748003761,-7.41624573001479,-6.37121080357942,-7.04376871069833,-6.93757562031022,-6.36846901302155,-7.22314540489794,-6.79525874908755,-7.07522030454254,-6.41785767050704,-6.67355313978081,-6.64477515463846,-7.01120840498042,-6.59729765710568,-7.0972563213154,-6.67361255567205,-7.23916296826084,-6.55323659976973,-6.10820959101279,-7.5217232169906,-7.13793061937549,-6.91334444837464,-7.28806797485864,-7.56155535359856,-6.89222942771402,-7.05000150506729,-7.46896848860839,-6.58937449010641,-6.75307364963405,-7.62643932889518,-7.3450172867673,-6.25943041372263,-7.36924388637756,-6.69867345249616,-7.4346626624592,-7.31122375607884,-7.60577238938429,-7.10533084627335,-6.75082807775815,-7.43543356615401,-7.5080725887763,-7.53527907552848,-7.19806854961773,-6.90976093052013,-7.8263413798799,-7.10656223114381,-6.49834553995812,-6.68216920538516,-6.71028030960974,-6.80019735805546,-6.51827143581001,-6.48479824534731,-6.60331129643386,-7.12202066454171,-7.31323232789959,-6.4580201832304,-7.35576588711629,-7.83251002340115,-7.57636765952552,-7.21452070479226,-6.81364596654923,-6.39324064934688,-6.29536905303828,-6.34650625304661,-7.12860610918842,-6.7008247047322,-6.87697634708214,-7.28866419173175,-6.73509526777363,-6.23282588695771,-7.37289197832397
4.15068295096321,4.27896306355911,3.43295888369124,5.98668064710736,4.80158564232628,4.91900264554818,4.63498011117749,5.28999435373592,4.01254495173936,4.14599581002263,3.71377768054357,4.47235009446362,3.62875967305266,4.77007466104352,5.23858376362399,6.00512647197332,6.13016719991839,5.8067437420168,5.36578535330229,5.05146354549715,4.2863275776185,4.53575976099529,5.18491201662696,4.52694204205055,5.64279508792277,4.28632572431939,5.25003997230629,6.699568094651,6.15076000596432,5.25019186724072,7.10501080060502,5.92682130504735,4.68446344920195,5.62993626926463,4.10357713933164,4.66387822462798,5.42695204441466,5.52773742387918,4.67200890016822,3.56288738728797,4.83119719376148,5.52351583340042,4.98670681774629,5.08336497953239,6.71327755846639,5.43325225558158,4.58240672366363,3.72912918565506,3.75257747048372,4.52844236000685,4.6748494842769,5.23722626900526,5.5363149962337,5.68176236062235,5.125293947705,4.7697826463691,4.33432833273127,6.37147801621952,4.35536305194142,5.62264372405029,4.33666666532998,3.87371374555122,5.34135179580437,3.91105842234165,5.29432790381166,4.70053450601519,6.54324126349143,3.48990530549578,6.3919041337287,4.30546856714312,4.63557357669259,4.33642543170219,4.25453234583826,4.34359049608276,5.26541849557825,4.90667508746747,5.15950176332956,4.79092196369362,5.05878662031372,4.44750367943796,5.15823386982997,4.42127498124384,4.86403858521503,4.02821123132435,4.36129243366001,4.93874800359494,5.32686313470781,4.149433090063,5.28168114189013,6.06653943606978,6.06841441695933,4.6839742869257,5.26814312285346,5.03772523814425,3.8425886541797,5.25499795518907,4.13141537935657,3.43257116135097,4.63837813650944,4.71769292674926,5.38931424782965,4.63501688151349,4.78130899771016,3.95449027727744,4.46403052176204,4.66029073564745,4.68532267896953,4.5805942309994,4.22249528974311,5.97123088501794,3.2924237175218,5.8987368519197,5.27783404208772,4.66548178780949,4.8076472371946,5.03898631980014,5.84327667196014,6.2323567238982,4.2666036810531,4.68780423633199,4.40183156221723,4.26785080759998,4.20863531479734,6.45596638019978,3.12849202405886,4.91455416250364,4.8354181000562,5.79202774201828,6.45083597830851,5.86279346408255,4.8233006346005,3.01668679324383,4.70279865171458,3.89356208724943,5.55898282931693,4.9553577303158,3.77711783404413,4.78238722276958,5.16588173849556,5.23876414619621,4.46595087844348,4.7283740166823,4.87155642683874,4.23570779246247,3.55749344742129,5.48638989677986,4.96417796530319,3.7425904906171,5.66002602325875,4.87940655187531,4.22669807811082,4.99560688415508,4.65372391269413,4.68209226877041,6.62393856716867,3.95695320089798,4.86008187892043,3.94127106779936,5.04238845979034,4.10113705939887,3.51217080730499,4.47633052933901,5.68347348062893,4.85562707064697,5.65169725950582,5.26119955632164,5.58665555720883,3.25644985683036,5.75847426610305,5.22360546873213
-8.47399527055072,-8.94272398495714,-8.40620485817746,-7.61965397810187,-8.97721065820612,-7.48702879685518,-9.82665805503373,-8.94774511575675,-8.0469920756884,-8.67273457670154,-9.23170950593645,-8.84091470807572,-8.75553368818666,-8.7698710710066,-10.2000365209529,-8.86600423903099,-8.19404765525305,-7.72013334821493,-9.43421996877709,-9.50994717736343,-8.06209024321899,-8.10181608853566,-8.60557879122491,-8.7434578447192,-8.44440747680434,-8.63976908054746,-9.44230085666298,-8.59846755584882,-8.66620191717234,-8.85718236328009,-8.08973167833764,-9.11250522044889,-7.88015002391793,-8.10882671091021,-9.2543240265268,-8.44634621370469,-8.55553625323972,-8.38599912558926,-9.00420015591274,-8.68389287573692,-9.13414491271427,-8.40800942083995,-7.87819477348588,-8.86787364228333,-8.05264003614641,-8.36425516277285,-8.25853196843213,-8.09590039930451,-8.63585916337454,-7.85149618457865,-8.17557806297254,-8.47607706364911,-8.60878681586609,-8.33200063343731,-9.59313710316792,-8.6066572284035,-8.29993320937216,-9.19063884064353,-8.98433809548341,-7.28291532697902,-8.30850121467858,-8.96389515082661,-8.28652491915443,-9.05896566124173,-8.48112315153279,-8.42192120181511,-9.5203210982232,-7.31211739187118,-9.97818328693704,-9.34103603447129,-7.85623724962044,-8.39712414152483,-9.22537944805248,-8.20763435508914,-9.13678330217463,-9.06414156085404,-9.40176908774694,-8.35142061144155,-8.76928029681447,-8.9369138032446,-9.70904660109357,-8.55242168401313,-8.65945351809609,-8.27881406813585,-8.24459599803627,-8.4188658834388,-8.58414486763727,-7.69590762064477,-8.24082500390152,-9.02177135814411,-7.75595074203806,-8.57035138171976,-8.80899545773548,-7.80644062995799,-7.05257488490638,-8.72201428317307,-9.96680113284247,-8.64956494498252,-8.3002576557392,-9.58998493528927,-9.3822434990763,-8.93636104432527,-9.31974387458886,-7.29294541639426,-11.0489779917082,-8.64378081653308,-8.40859845638109,-8.56966516903534,-7.85177959366848,-9.48543035007281,-7.74724676099982,-8.97246661243705,-7.90341609279732,-8.69773693646003,-8.22766111483253,-7.889703711467,-8.68753653493076,-9.12122900368941,-8.9744975317797,-9.69492594275386,-8.76824476557455,-8.78629417582978,-8.09508341429799,-8.89124699644049,-8.70559283760315,-8.28720150446574,-8.11579471357979,-8.23434066248467,-8.59523727736639,-9.16691899638912,-8.9152585354801,-7.38161058199732,-8.40704203882249,-8.49260037370335,-8.90123219150037,-8.7333875471609,-8.65226214564105,-7.57515447714612,-8.79141214457299,-8.48373846345863,-9.15300873766811,-8.58405613938004,-9.50345439603852,-8.74780269472712,-8.7800517356984,-8.7684062083754,-9.44243254013674,-9.09877943889714,-9.05125126855018,-8.94435033149321,-8.26668442991692,-9.85477869432022,-8.35922626720636,-8.06828372864184,-9.17401386452726,-9.58170208526665,-8.33814435825066,-8.04176213914284,-8.37425341829645,-9.38391805349569,-9.52619920324491,-8.80009487527982,-8.08364395370908,-8.74718686963052,-8.52860729093639,-8.96675712794367,-9.25489624034986,-7.65568972639307,-8.59122360444789,-8.83629539964613
-10.7489273348544,-10.415847873274,-10.3216960257452,-10.4572256963587,-10.346408415399,-10.2639265577185,-10.3584663306305,-12.0061782126557,-9.35242745423362,-10.442317177126,-10.3197096088906,-11.1882901884854,-10.566416493293,-10.836332000247,-10.5416754867432,-10.1598789593524,-11.1051014897794,-8.72100948867486,-10.3456833643753,-10.8012667584885,-10.1288048458814,-11.0226414482485,-9.65650660055709,-10.2387174789688,-10.8237582980571,-9.67450180719063,-10.5651810009907,-9.71665891167082,-10.5979628297896,-9.81408180182982,-10.0870758359218,-9.10288234725997,-11.797212166687,-12.1819027509073,-9.74275059661511,-11.0430350266939,-11.0468751941968,-10.9453196162744,-10.5283361134111,-11.26865843359,-11.1019536212794,-11.0996631430817,-10.8245981329143,-11.5273726494172,-10.9354231118311,-9.40052521287632,-10.6308440756341,-10.4530388718785,-10.1183937756496,-9.89448073545547,-11.9102360545639,-11.0827016412166,-11.9331435206441,-11.1212093855051,-9.46778931613298,-10.1264173923327,-10.5197855439584,-11.0970068738727,-11.608072773953,-10.2755479086561,-10.8567402112651,-10.3612012552236,-11.5757275668807,-10.9954966879324,-10.5735305234857,-11.1651517469004,-11.31478089613,-9.92629653217014,-9.76833075751522,-11.4682971424553,-10.1631071105334,-10.9780378724873,-12.7041687304872,-11.0697410685843,-12.1415060827306,-9.67832085091907,-9.55404920649557,-10.7426343476388,-9.63273035480862,-10.1538553563594,-11.1096280580152,-9.99417588437795,-11.2291049633059,-12.1185896055742,-10.8573593680702,-10.9182650075593,-11.0677596811212,-11.3611421133666,-10.6418796928542,-10.9902225714902,-11.3630596772944,-10.02600701856,-10.2543162634491,-11.4251366432135,-10.9273661077194,-12.244209227995,-11.4158066772099,-10.3199355360349,-11.2954028152113,-10.9379711829573,-11.5414835603206,-10.2392546551036,-11.6784567063097,-10.8383219918857,-10.5523480489372,-10.4238942605116,-10.4497324530365,-10.5416372317597,-9.83689045285298,-10.1835798081214,-8.63798351569339,-10.3984978724038,-10.9571066087372,-10.0207061482363,-10.3147991118229,-11.6904638506101,-10.4654311072703,-9.93291814206903,-10.9987815904806,-11.0841278560534,-10.8193992417185,-11.6081505437371,-10.836203885798,-9.36129762694303,-11.040707678451,-9.32180319982645,-11.2569358608165,-10.2899929053646,-12.4332115125236,-10.9435895427556,-9.91286829748851,-12.1119492048439,-10.656877130499,-10.705794323098,-10.5555378863523,-10.7138396927143,-9.37841158304908,-10.5679483752232,-11.0035317746439,-11.1419639934289,-11.7666777904731,-11.472911813615,-10.0444646682217,-11.7493637516299,-10.0127641359136,-10.7355747705175,-11.8478030212354,-10.3745052386071,-11.4063593583454,-10.7093438134053,-10.2254788736166,-10.9771127370032,-10.7406636113776,-10.6791382390725,-10.3676653625055,-11.8226453011836,-10.3596848882307,-10.1212380636514,-10.7853323533829,-9.94746989681535,-12.6464618116783,-9.5113301932645,-9.43395695450027,-10.5933234417463,-11.0114850012158,-10.5180764501679,-11.5493991244214,-10.0544413819491,-10.4636611861091,-11.1061042019443
5.15051267373749,5.07934623813957,7.00952421712682,4.76515653881457,3.87666934297665,4.93219708170223,5.3566484709702,6.54815149885958,4.99241938781873,6.14108274761877,4.88541117929694,7.17397619439644,4.6158826479949,6.31195385288258,4.91533364666187,6.87460391972553,6.45857375195542,5.84321145199897,4.85658280214763,3.83412539020676,4.40976432343792,5.42870199342819,5.93157882706285,5.0570175111119,5.60883455432188,4.84724857508326,5.78313956239233,5.85860889919654,7.33757545293947,5.67256729398082,5.7585898333749,5.81415027149049,6.07927319699559,6.61517507235693,7.27956307584971,5.70065944000122,6.56402649193432,5.62535835158905,5.46915293395248,4.62505431747518,7.3605177171477,7.51240777642066,5.47513373721796,6.32346954847015,6.7782582759579,5.64155127327705,4.91239396514427,6.61503903898188,4.92102464894141,6.07674854827784,6.29540156684945,5.28336089519838,5.32461476642192,6.03119473995925,5.72785921940484,4.30130207143182,4.40664759295168,5.76128645818643,5.12587565704137,5.28773557184163,4.17515553091937,4.5431188240026,5.71241847989145,5.60058538356546,4.30553694048578,5.86062110671868,6.69651448661011,4.5293098261692,4.457981171606,4.53873655939312,7.23586955980817,6.44010611833661,6.21298281817479,6.01011610846161,7.1390145920161,4.59835908406256,5.3726772998242,5.12413938107496,6.34162363796048,4.83835862577179,6.47400842859111,4.63047519648933,5.58309219864972,6.04845014214077,6.17195661893592,4.69960818111023,7.1535231786479,5.96285297946633,5.72388686866484,6.42630559238158,6.3944378158962,5.48923271451071,5.45923780416071,4.06319720264702,4.381935615791,8.68434884310448,5.35644925894669,6.26785437934916,6.71214603875903,6.20182559026382,6.64941360533264,5.96792712427878,5.46831632455687,7.18855875035237,4.73610879264466,4.92911287648806,6.02697619411171,5.64958541059936,6.37975834544887,6.33110179354286,3.21454234244905,5.99692725817678,6.13330448086853,4.43869153185653,5.02161706046008,5.63768325499338,7.10577677438769,4.76898163456462,5.54557148397888,5.73602359515623,5.60630862432058,3.04557236565676,3.01874780848396,5.41278558894094,4.38677438666141,4.28795497196212,6.33661603981328,5.40862423249668,6.68536275067876,6.1737187868593,6.64089532011349,5.20049641420259,6.18918074430734,4.87759668345362,5.56247629241062,4.60911607463865,4.91826504657239,6.18642624043009,7.36203081348368,6.16141624795285,7.26547004409863,5.97234037126508,3.74383524551373,5.54289330964892,6.02308500438324,5.54053292382791,5.86123804044878,5.46525078944986,5.7251321013448,6.1120137249632,3.94881439747501,5.34538236282105,4.94586491927219,6.77350490259502,5.81345433183549,5.83137910721323,7.47843554383062,6.3103280138384,5.60969482388778,6.37506169174958,4.71986383189099,6.0657906652566,5.97957649124991,5.60416612791903,6.45042270158132,6.33518086907046,6.61572559252009,4.64684130769872,5.5823358176756,6.14551084009068
-10.2235242523703,-9.49606734411229,-8.61934562312069,-7.49517838601619,-8.22950414129374,-8.31237678705866,-10.5912436623513,-7.94728180804568,-8.44731519128568,-8.20364161020923,-9.13396285748672,-9.10136917459895,-7.52463639316216,-8.33256808216842,-8.74070643627587,-8.13066077761189,-8.86122265163916,-9.23895547363302,-8.26963359611811,-9.1264789989593,-9.86685234432241,-8.45782941060087,-10.1868666916466,-7.92703068272768,-8.23554591453426,-9.51799591649516,-8.62943706484311,-9.13462580008788,-8.6971850251402,-9.22344696949563,-8.50859153215925,-10.1521982634609,-8.58423383499087,-8.33790648229872,-9.20325206573862,-7.7334925724863,-8.84822212158142,-7.52331309316312,-9.05085681256029,-9.14022285234758,-8.71652125546995,-7.67557863176837,-5.92192071773146,-7.63298830060028,-8.12836810310898,-9.65904312620486,-8.04077169841757,-7.79723052527571,-9.80068085669039,-8.38599086769101,-9.3125743113494,-8.3067841430294,-8.0033673678702,-9.00296370994222,-9.51845674406424,-8.94672794856706,-8.59014645118986,-9.09064675413672,-7.5544548303823,-9.23479144386414,-8.43129271808685,-9.46235957091023,-7.75154511680314,-8.24670067933841,-8.40194683612186,-7.80283994090868,-8.54841092943412,-8.69924576552212,-10.0138355390608,-9.62625644111121,-9.39516323646518,-9.57867210779144,-8.22117596625268,-7.19263359728668,-8.37818868414349,-8.13986370543694,-9.76446480627891,-7.89297469862209,-9.04921396583374,-9.03553530206518,-9.02609023868376,-9.2913232005512,-8.03842538491709,-6.76427740097322,-8.42308868850417,-7.7201936522891,-8.38338950967903,-6.71210482179524,-7.95075527195864,-9.10640926019034,-9.91033453999571,-10.7879144848738,-9.08122578894935,-7.24112537683838,-8.28929273766054,-7.63743096149325,-8.15254882874074,-9.58590488599645,-8.11532296059194,-8.34708566697887,-8.00371927555346,-9.07764100147646,-8.40018015025863,-7.77706960152015,-9.02814629163574,-9.7344129245953,-8.11845525472389,-8.18930314094341,-8.05120217714319,-8.54706582089279,-10.5413938056515,-9.15232274645911,-7.22824348585743,-8.9789147074187,-9.45477859718875,-7.4137885486537,-8.44146272178893,-9.28978168177074,-8.20368694077641,-7.81744689187191,-9.09338763964659,-9.44900700543263,-7.86545751543329,-10.5912828076935,-9.00325643386097,-9.36436580151347,-8.35987034285504,-8.51732228527998,-7.51698647773303,-10.2692774529908,-8.63464150312505,-7.0067429707112,-8.85447359312359,-8.15166021702608,-8.56743993973114,-8.00706061615068,-8.90985674958643,-8.65884384392789,-9.02779616045232,-8.24882532454652,-8.1676461953482,-8.86943509816191,-9.64396791542719,-8.24501060726858,-9.68270861269912,-8.64452475348958,-7.22425044411676,-8.6979225670662,-6.61223685748718,-9.96272646463119,-9.01804591214806,-7.57017270300707,-8.62448806343888,-7.52525225818742,-9.091266534886,-8.87807087224367,-9.61791368897773,-8.34150698340873,-7.90370515326775,-8.46335286141177,-7.77510356448324,-9.14889120175629,-8.74658588040239,-7.66763747400255,-8.45317054776094,-9.01496154164646,-7.25951890062357,-9.15490305074492,-9.08734488557965,-7.99722219813164
-10.9331475339879,-9.9416560434479,-10.5150829951106,-10.6533768346171,-10.5344279860709,-10.745286321707,-10.1984574192056,-10.9953038198983,-10.7608830454909,-12.2838415700112,-10.515818066709,-12.7200579214939,-11.2864192707888,-11.9919370332161,-9.58893494809852,-10.7593088080819,-10.5261106338402,-10.1681536228273,-11.2018467310046,-10.2746342704831,-11.0867189703158,-11.2237862918418,-11.1852607991483,-9.92142115785044,-11.387463787539,-11.074835163699,-11.8278901910242,-11.5751267732949,-11.7998982782555,-10.1343731036386,-10.3505415238937,-10.4176012207409,-10.8831231240794,-11.386469144078,-12.0649926940171,-11.2426739642356,-11.8787820356563,-10.3063236713987,-11.1026800361753,-11.5049209469597,-11.1586376462016,-11.6436886305014,-10.3768199122125,-11.3170311708165,-10.6517714258081,-11.5857772530468,-12.2730941870931,-10.9224619349018,-10.6546105060393,-10.1861099943795,-12.2021521924615,-10.7772990817497,-10.4085196248209,-10.3400440500574,-10.2961050459945,-10.0711954675105,-11.4589142102157,-11.1180790099841,-11.059872262443,-10.5582412004504,-11.5902740573901,-10.9464549387579,-11.9242324632615,-11.2801396696879,-10.0949747856701,-11.4256972562965,-10.6825367588695,-11.7194543465831,-9.69608939651177,-11.2375270013731,-10.5117870667945,-10.9852907973188,-12.2600237906131,-10.9349511698567,-11.0537602360479,-10.5726623738495,-11.2940856743909,-11.0316938641693,-11.2839754905429,-10.9600995473904,-9.65129453751303,-8.2059316807366,-10.9378637711458,-11.3464904060236,-11.4017337305468,-10.6794929573186,-11.1609394390923,-10.5219083309258,-11.6347616782625,-11.3050582478559,-10.2662213869301,-9.21157855075614,-10.1719840366084,-11.0148806868435,-11.3863790974026,-11.4460515495455,-10.7384695586069,-10.9967590448769,-11.826210081274,-11.1938748234615,-11.3997775505383,-9.74611175024429,-10.5570349389014,-10.0679354935999,-9.60492283591738,-10.7360208118771,-9.73687966821614,-10.2506355566977,-10.5363649137264,-11.1387344435437,-11.1942753697501,-10.9577791983831,-10.7755408171935,-11.9087577464673,-10.1600654445506,-12.0017733187574,-11.1393894923162,-9.76894078817552,-11.0107567625668,-9.77826772742068,-11.409167211232,-11.4940602311033,-10.9952542842002,-9.95245179308821,-10.3308182945816,-11.2778813755863,-11.4519549623363,-10.1217217266298,-12.5359901649478,-11.005619066516,-10.535155453033,-11.9149171055346,-10.9154302699917,-11.8739800490224,-11.1795893634677,-10.2161147018972,-11.8814513060645,-11.6796052780747,-11.8301867753123,-11.1359546651074,-11.8776525973159,-10.5723752001747,-11.0552511118386,-11.4935408960129,-11.1241650925907,-10.558500287173,-10.6594649066643,-10.7285693966455,-11.1680958413996,-11.3579090577595,-11.5237422421725,-10.2800978903028,-11.2834875014742,-12.5068297540125,-10.5852987773231,-12.6200673420773,-11.673782534965,-12.9230923730294,-11.4946295600262,-10.2431927517135,-10.8151905381851,-10.8062218734231,-10.7104314565415,-11.5722150073465,-10.268682026675,-11.2287845739111,-10.9505684351031,-11.4341110266568,-9.78598322401875,-10.7441663523914
1.31220217552221,2.56259983479063,2.63209911298387,1.61220982142374,1.21519843940429,2.26491411969731,1.85139406744089,2.31293445384345,1.03899614189523,1.64747203614681,0.383730988219355,2.86330020628199,1.14676415801936,2.38520743988004,2.44839372336016,2.97205731182109,1.14317838394183,2.88487880631752,0.891401699592489,1.06736826077124,1.58160112048995,1.96489988151311,2.09681979107352,1.53955125706527,1.52829293223688,1.80885044198065,1.66411730530946,3.1563693983369,3.05580233086154,3.29070480780661,2.38019473488301,2.40238780466725,1.64747660394044,2.46073799321984,2.62527427516134,2.1741947219717,1.83731197523758,3.11205485555049,1.9495247233436,1.6691187955308,3.04015334275308,2.36846294346249,1.71343736526722,2.14596913583597,1.86881560705838,2.07107044175923,3.06945954270627,2.40793365153723,1.92380413099717,2.23698287836329,2.60064034948664,2.52480210382703,1.61122499539684,1.64188231294905,2.09806657308771,2.7348295567535,2.18889788187585,1.70283196181523,1.0785190556197,0.880790499371926,1.13807344587682,1.52753037246496,3.12613329396684,1.25628305083161,0.87346888207441,1.48338564805231,2.12019320208197,1.63353061135532,1.10184952009078,0.963913995281667,2.29820085606339,2.62262925909368,2.77212519950045,2.89452091851293,1.93061085163227,1.12982423785188,2.16208185851381,1.68817369204841,0.918355733608952,1.75127183950899,1.75712889355194,0.680063060914058,2.36940833769086,1.49939383634786,2.07219154920661,1.10229964819123,1.88807844194525,2.67932572831117,2.50200231430059,2.74822930004173,2.06908611892935,2.14797562724735,1.56170283269719,0.915521218650892,1.92091212546555,4.31242345603538,1.54767854593314,1.08368741425605,2.68721426449138,1.7515447341117,2.14051065517608,1.46362651975335,2.22117532189323,2.2541069397267,1.48733106320173,2.15513747090098,1.11144410326239,0.788153008050337,2.2805973751593,1.92655193180762,0.791998075026116,1.89373487888565,3.12838124151781,0.890999273090495,1.34464835091398,2.32945817976103,2.62930206298045,1.150809101044,1.41803835199196,1.94100482652552,1.99134947632523,1.52109575842617,0.994005726139017,2.18025545864764,2.01288681791205,1.5502359019283,2.27575040621051,1.18572293735557,2.55607441876378,2.92968789744915,2.5659667031677,1.17340153863561,2.63583588151081,0.954706273037793,1.29934261971171,0.975885712506284,2.88512150184541,1.81044812072694,2.67733643249871,2.92086536627152,2.7236570437397,1.83391235860307,1.53463971400996,2.29259652492848,2.35315680153908,1.82604667460386,1.9539669717763,2.31357264653644,2.35047126846659,0.988263747655935,1.17884117244141,1.4766688279093,1.49725990897862,2.78242129217844,1.62522905967318,1.64177100342759,2.09442695281198,2.61322438296415,2.03620179610851,2.53237950680893,1.19057224554514,2.12249237227238,1.88491754391949,2.49872228798711,2.01072771182961,1.86607468872147,1.61852515593711,1.67914102440586,1.79144492213671,1.54467925719449
-7.31137707022107,-8.37287984158217,-7.83897964998242,-6.44709958472052,-7.33699059541681,-7.37511306804019,-7.76440377184742,-7.90456237333486,-6.43751977080582,-7.52349511585329,-8.69639997673097,-7.38006284320997,-7.47653831483537,-7.6796549832589,-6.10306129013412,-7.82467438242773,-8.02920932282349,-8.24443080333302,-8.60307793480456,-8.04032812640609,-7.37744517969915,-7.56611704547744,-8.3121708207562,-7.32750892140154,-7.87463761439289,-7.23904819106812,-8.18122980997001,-7.86350982657495,-9.44527407131585,-7.99862562339258,-7.59980862570857,-8.96352647751272,-7.14237948236149,-7.13373105892126,-8.83127507997412,-7.81148811886857,-7.38977454652646,-7.08972561361048,-8.04010134627656,-7.55088027125035,-7.63510286882378,-7.4111077212635,-6.26101655177719,-6.7349710580981,-7.67307520174967,-8.20310734022813,-8.19654798892245,-7.52507809890387,-7.27348174993159,-7.89489654319858,-6.80012287804619,-7.78804821066373,-8.23981243848388,-7.61717683027657,-8.38338007727461,-7.26414735051612,-8.05104016945499,-7.18419034590672,-7.38773466779057,-6.97923835632704,-9.24404566397572,-7.79876155154812,-6.30275271442398,-7.52453526658907,-8.61408894142762,-6.98417079425959,-7.3743287581638,-7.35212385014159,-8.17664295585119,-8.18187996375751,-7.31741287932796,-7.87329662547069,-7.83233201017923,-6.7723751546682,-8.203311260371,-7.35405741389621,-7.49284396499245,-7.96880136795202,-6.58969627783694,-8.12763384131147,-9.05350014009891,-8.38333916509482,-6.73451101221685,-6.55753719824091,-6.88193243159504,-7.23047137752626,-9.07108726772882,-5.94393855086551,-7.07488417467292,-8.09671935613512,-8.76927326175178,-8.63022294130968,-8.17102251652626,-5.56199687438633,-6.77768677772305,-5.64709056165957,-8.77017851730214,-8.46708924480932,-7.00572437920285,-8.43726370161238,-7.84003449351674,-9.54811607342297,-8.32515727084338,-7.82535165068581,-7.8966950126286,-8.98701917937651,-8.15432288852912,-8.75157144957572,-8.26987860642204,-8.41841639657993,-8.49066858311321,-9.25008166215063,-6.74876176165367,-6.96923901340345,-8.9010327828615,-7.27930775662433,-7.66982668165456,-7.54878737310509,-7.82333836249123,-7.65904922753884,-8.26987972852309,-7.72514585384589,-6.68303482240191,-7.83533190629771,-8.03244996655439,-7.21205055755568,-6.98128351720434,-7.68027175406292,-7.35313510383896,-6.90147099210784,-8.63587052117077,-7.72951756256017,-7.93754413089186,-6.95152085454256,-7.90427418846968,-6.49183313071515,-8.81459822358647,-7.92836628435527,-7.01017227281006,-5.73252926123586,-7.63445131772202,-8.58917541814655,-8.4803682771579,-6.5931923230359,-7.02739757379987,-7.72280578305759,-8.75656113686824,-6.77016833026382,-7.63137161467163,-7.77233520503079,-7.21722246029456,-7.94646933294315,-7.701430000825,-7.54609451620679,-7.91138957435162,-7.30158792764673,-6.74966860925636,-7.12485211026758,-6.74856141601621,-8.92792940838217,-7.8410650743426,-7.56733146118732,-7.66866598188437,-7.34200582672884,-8.65380267428051,-8.05149058232078,-7.29700593158889,-7.25347692094694,-8.33224769431097,-9.3635238540948
-13.3297027138187,-13.0418454592752,-12.6541376670949,-12.4608024208928,-12.7084035928503,-13.2125399649628,-12.6142965268775,-13.1639016543066,-13.210193212895,-13.6344442097834,-11.4304543526431,-11.6147743266604,-13.0754976047463,-12.5849919138888,-12.7775130870719,-11.8887808335447,-12.8460988497453,-12.9422093386665,-13.2052629515821,-11.5218807041761,-12.8139624577916,-13.0858938498269,-12.6558852904534,-12.7560786092066,-12.744184996207,-12.9532151405133,-12.8889721385085,-13.5329389632162,-11.9399126481693,-11.2007658922102,-12.7246361560806,-11.9513506782192,-13.0651385785962,-12.5159387869946,-12.6556676154895,-12.5650093683938,-12.8890837926834,-12.27554984112,-13.0788957665633,-12.7073442324428,-12.6690638527114,-12.9471339054315,-12.2283205502419,-11.8043372273872,-12.1233329957033,-12.1145763006843,-13.070511151325,-13.0430191293373,-13.4272824212884,-11.8742490808227,-12.5250815816634,-13.066247521687,-13.1988378458515,-11.914594540687,-11.9325575881971,-12.740274408972,-12.0791095035853,-13.2047963984516,-12.3972619163364,-12.302115648001,-12.7654903369155,-12.0705353119517,-12.5161786071218,-13.3961880693266,-13.1365629952182,-14.7638989413059,-12.2527439506827,-12.9347283588994,-11.5645388500097,-13.6397569247112,-13.327466794713,-12.1731133710664,-12.8319632937612,-13.3263797148786,-12.5807017890395,-12.5009575876994,-12.9401887612882,-14.0468265360208,-12.9421480983963,-12.9492538246163,-11.9922746758529,-12.2258673288465,-12.7987779616996,-13.267781004832,-12.4729000329594,-13.4062464311803,-12.8443222797794,-12.3707788919802,-12.6769077938932,-12.8842739048798,-13.3879730705964,-12.5472013026953,-12.3884883523925,-13.2449800486979,-12.9647217182311,-12.4667729300153,-13.5906316495366,-12.5057415978669,-12.5444866976664,-11.789562384107,-12.8361391680978,-11.2358294953963,-12.8929875619024,-12.7669556120144,-11.6537720799056,-11.71889872502,-13.1978627875548,-12.2396443374771,-12.2937317766447,-12.9391754862199,-13.7756835784448,-12.9090866291992,-13.0708393201402,-12.3445482718691,-12.7760965238125,-13.1477938615231,-12.0239185939866,-11.6183355065648,-12.4900521588452,-12.4466703111944,-14.4404108753693,-13.444563686053,-12.0720179618294,-12.4589633127812,-13.3725331115413,-12.0539115352686,-12.3022299172592,-12.470305382485,-12.4990027406048,-12.9715653252784,-12.9094536649059,-14.0873827752502,-12.1759521495206,-13.776424821699,-12.5314772103042,-12.6582494461144,-12.7987782767637,-13.2259157447371,-13.0830051723738,-13.4151288113469,-13.1860041812184,-13.5902690591771,-12.7589992621856,-12.9295428308477,-13.1045860242399,-12.1779385050073,-13.0045158382989,-12.6360503166246,-12.2526203936654,-12.7020956084662,-13.5113356950499,-11.9908455258771,-13.2443721807657,-13.1498925999082,-11.28527911662,-13.4294270465555,-13.2481468086048,-13.1436987856571,-11.8341229607488,-12.9306291891019,-12.8068715140276,-11.8278618541887,-13.2737637175798,-12.7898574417319,-12.7796838494066,-11.8120942471272,-12.1323523399052,-12.6148178459779,-12.8948367148957,-13.6736443391715
0.341706817888049,0.807983093350166,1.84039035020646,0.02128640126387,0.755634847919305,0.206963767031215,1.45647612419869,0.999896528414313,0.207139411555323,0.805479746740012,0.52913166871689,1.63618195932758,0.431267874841682,0.767892493994656,1.6935135797281,0.620070365030502,0.557461883831388,2.83526477772324,0.285652502726263,1.32932479545093,-0.64860295417638,0.928753880381164,0.550615176859002,0.228514034664183,0.291659011035035,0.920951631001906,1.40407534485465,1.98442499907095,1.51796194632255,1.19549940131195,1.30409411145549,0.323717506835492,0.758343869516064,0.195108949484983,2.24395405876151,1.05714011671323,1.45254138407459,0.589426211540097,0.664530361373211,1.45064170352981,1.5431027885091,1.24819857894381,0.536901190823235,0.775400542056735,1.36127226889003,1.25992231293866,0.929695427472434,0.955386268829029,0.971362846732324,0.976984693425107,1.11901621867148,1.8961298350158,-0.307323323205679,0.695180747237112,1.01839557406523,0.636313422990942,0.474530861711794,1.26551454130126,0.615732836982778,0.708443829146079,0.169987946701787,0.446659299056111,0.443999494588583,0.633711261389351,0.787136221861597,0.490643867130731,1.53806887588857,-0.0675972210545122,0.926110785624044,1.1856294274441,1.73917727587174,1.64641137686057,0.640439761176021,0.696997005262722,0.840296733584663,1.62803595844709,1.2639837489015,-0.208167638042588,1.19223059098621,1.11637754592775,1.06158601026812,0.794486334057802,0.921556866767489,1.6326489609323,0.146678795390155,0.276569597815241,1.31663977914666,1.02669561273193,0.656248071289444,0.858955102581236,0.404638481109029,1.96567464678309,0.653110255204731,-0.404295151934859,0.473288965357706,1.5230855437709,1.04869743902743,0.990714133190977,1.455256806731,1.67470592698949,1.3585057113553,0.46137127774498,1.2352369304619,1.27655906992551,0.835672345580673,0.626240930601636,0.963914157410263,0.958757845014254,1.13024710405845,1.26325049444045,0.611275187924634,1.07859777597189,1.48118937570845,1.32467214326762,1.13579567024649,0.604397776451566,0.481242293523491,1.37648301666127,0.564175081557201,0.231225451486336,0.923205168470894,0.561507610914638,0.451830505297977,1.29352193446704,1.51253967541294,0.579142808292455,0.808710968532637,1.3989588579845,1.24837165235085,1.92728662126804,1.49518942258739,1.25659088761917,0.899058238121212,0.525352540301816,0.270767223125493,-0.316983097760985,0.847758676083086,0.575397263714636,1.30504233679328,0.951123642792532,1.93419655574433,0.721832785886278,0.558002796956852,0.273363012550109,0.624358859696599,0.792351276440146,0.696058357989908,1.47868025558213,-0.235687194878784,0.579361303823633,1.64846717812815,-0.439224592698894,0.669564647007536,2.02123002958263,0.324731673883153,1.26804231672146,1.04649512521272,0.384040992709151,0.949244349351274,2.19614214870818,0.166405747594782,1.31620322041911,0.522584426253089,1.27476395241823,0.920382183026022,1.64208204658488,1.20137893900989,0.714096851451334,1.4825777481226,1.43091453038206
-5.14574106108773,-4.30643784236015,-5.23097773204541,-4.03982741107236,-2.753834428759,-4.65496686553682,-5.96141424262107,-4.35749952660644,-2.68583402120344,-4.62912563417847,-4.65094923447041,-5.05054111042711,-3.75504157648253,-7.04809879713982,-3.47878059357421,-5.0224578508764,-6.37973562046725,-4.93640618263248,-4.50243358906857,-3.98726767377914,-4.496345911527,-3.91398532415692,-6.0693310092903,-4.64315246878199,-4.50600544538322,-4.54782841496551,-3.90492537855036,-3.72988898333291,-4.73317319236349,-4.97468711064379,-4.98705824582813,-6.36742441558706,-3.55969478024332,-4.34145471613124,-4.88427597214202,-3.69046001618438,-4.19052032655973,-4.16248308646833,-4.91961325446411,-4.30896088778739,-5.40198354610976,-4.31837977190051,-3.08008094905569,-4.53709807123985,-4.23296891617758,-4.95143365484371,-4.42233027706163,-3.43061040084661,-4.20071073073075,-5.12446904215875,-5.14760828669346,-4.40395921752245,-4.79737041751891,-5.04646797030155,-5.50097837682505,-4.86314702189892,-5.97360460535785,-3.46700022542292,-3.9209747333697,-4.40319763772836,-5.19801564019872,-4.74330191758686,-4.10833472292687,-3.69120642972812,-3.87181343279426,-4.21191071678078,-4.51609588019917,-2.91343498978317,-7.11881813670331,-4.88590308197838,-4.52227052554724,-5.21016860685782,-3.81983340289175,-4.15053399197518,-4.64628627733775,-4.08134456410578,-4.95282822829178,-5.11259854970552,-3.67513274515406,-3.82731072711306,-5.90614390360292,-4.76722821184105,-3.55673169213319,-3.10550415025968,-4.09577438576224,-3.10810881275235,-4.86643550288755,-3.37355105186453,-3.99881920720598,-5.88340167601322,-5.08336347152633,-5.33469873807202,-4.87462410293592,-1.61501084110712,-4.59730347178266,-4.9838134644556,-5.17252063922447,-4.70219166772144,-3.88199765114346,-6.01682394864672,-4.88658996129338,-6.0390113011578,-5.49879825479184,-4.63786095041895,-4.27001673176103,-4.32103994839934,-3.84781537572517,-3.60959250905068,-4.96479976476468,-3.09581791346613,-4.00001700051211,-4.37526220854903,-4.20262839985294,-4.82299645403725,-2.5600568899221,-4.33800384807511,-5.4365294532291,-5.02118683026831,-2.75697927223772,-4.15615149453825,-4.13853211701408,-5.37669148555623,-2.85354146264111,-5.78075787171963,-3.27518369544509,-2.78764932200868,-4.03050492136248,-1.11360123008877,-5.24807625726725,-3.6246117398068,-5.85902470927106,-4.39764068411939,-5.05299662826866,-3.64499184444876,-4.43702337973785,-4.28685020653568,-4.62768485491992,-5.39722686016121,-3.97504230493883,-3.15652550740967,-3.28891224560079,-5.34845213348851,-5.12582428488569,-3.75919209532272,-4.88828996570979,-4.22671931007017,-5.01510184958965,-3.77418284446764,-5.82828182796667,-5.20112242848398,-3.64098092763193,-5.03929900464573,-4.372270375668,-4.057674675246,-6.46193280431166,-3.94954188974059,-3.87616524076377,-3.77620152651901,-3.3248724509641,-6.03844276287589,-4.15647769382228,-4.41711608761636,-5.09800375495084,-3.90912393225553,-6.49787515752563,-6.07181692100793,-6.11780598982619,-4.06664337938519,-4.50046954897427,-5.00382451943921
-10.9551850870445,-11.0168466019732,-9.42675800240929,-8.63504350261061,-8.07883273286068,-9.34124447197883,-9.39668649182008,-10.4207564702269,-9.66998199825529,-9.13985449993251,-8.55486697576315,-9.24952757994396,-9.61860252355569,-10.978059236867,-9.03760958640565,-9.75346303165923,-9.6573787234963,-9.48611571135917,-8.89214895804532,-8.6398394195252,-9.90158409052804,-9.75961119812642,-9.30847686029922,-9.48358908924638,-9.34575968001358,-10.1446577791926,-9.54202225164844,-10.2349022671673,-9.35368133469029,-8.71924474266545,-9.81948717823504,-9.92544611737852,-9.53649107437607,-9.0808066937858,-9.82395439367109,-9.3398024217026,-9.63107561135912,-9.40215153370351,-9.90585631531325,-9.64945223996965,-10.3949744105417,-11.9671334811929,-9.35246914226627,-9.22683117852657,-9.211924118419,-8.7972945835812,-8.76684612690349,-9.57268723422199,-10.1540927409774,-9.08777224826906,-10.6920973328287,-9.84375625760233,-8.81964930429191,-9.03577623019665,-9.95614585914679,-9.84576932363898,-9.90390239890538,-9.00010678156062,-10.0686344150999,-10.4195481013733,-9.72178463734381,-11.2549446900888,-10.0824946578462,-10.1369195000211,-8.66579491921329,-9.86638297786481,-10.1661396073144,-9.77236605850006,-10.187155636218,-10.3118975386884,-10.3291769023582,-10.3950698088515,-9.4070381998099,-10.2666808027695,-10.3229731233648,-9.94381946266035,-9.04285875147817,-10.4923875816209,-10.1466612672482,-7.93720625069534,-9.50235695505593,-9.42492091428751,-9.80158398150883,-11.147829559463,-10.034986766129,-10.1209970332069,-10.2053924104808,-10.1342719104331,-9.98617848970266,-9.48960752960839,-10.4338231022433,-8.49861661134804,-9.15056109707605,-9.54510001250519,-9.84536873465088,-9.76752177552095,-10.7455814172854,-11.0139906853338,-9.66363220796392,-10.3819940942,-9.99477379438316,-10.3712464734827,-9.60170035747593,-10.0779395311454,-9.46481160978576,-10.4017365680295,-9.30342805113694,-9.20094964414739,-8.90534609481736,-10.2549181228344,-11.077371271606,-10.6145986248202,-9.51669884270665,-10.183035840437,-8.58759334429556,-9.50701374274619,-9.73906471611016,-9.09746433081311,-9.08500284430104,-9.28749363601046,-10.5952828763677,-9.65794177728157,-8.15188288555852,-9.0443890832673,-9.86663643224309,-8.90973279425734,-9.72566164104084,-9.578525777121,-8.95401376258784,-9.28175347433399,-10.3933026071083,-8.89468892029905,-9.91909996341815,-10.8291795524884,-9.02464586517674,-9.5112085936933,-10.6288260356668,-11.8057580805831,-11.3928118760798,-10.8861129818512,-10.1327713997066,-10.7225181405176,-9.66025466883768,-11.481647810045,-11.1928981040263,-9.75382633256657,-10.5210681535943,-9.36614237774167,-9.22200079544871,-8.48189949689643,-10.1244024698571,-8.54044774506471,-10.5472954445195,-9.60817941419883,-9.06125355425303,-9.73854186181133,-10.6096396679959,-8.94525170798589,-8.93271711704664,-10.2555264548868,-9.38650864187493,-9.31700344791638,-10.1329919557831,-9.86121831485874,-9.75240122650966,-10.2096078918525,-9.85022091309309,-9.73353518677333,-8.74490469387947,-10.454970344047
-0.746450779904664,0.191969632218771,-0.571030535529531,-1.02948111598009,-1.4748250069742,-0.810387765296941,0.155197424055608,-0.253929036616709,-0.797416622768696,-1.41108157139466,-1.36102198834141,-0.088115542184556,-1.47982108817986,1.0881752796351,0.0755593586665956,-0.192415480635596,-0.03379104327885,-0.72107830685087,-0.876831578884151,-1.09878697492664,-1.1835534571503,-1.05831197072395,-0.665643742491529,-1.10947079924034,-1.35718606412476,-0.724840478252268,-0.33890159418009,0.47292963838398,-0.245251681915704,-0.397984973891977,-0.0913259915192413,0.270821790257493,0.432520113770059,-0.165094688017321,0.198237206403453,-0.528484864603881,-0.37192928929297,-0.56044383932263,-0.476950241684482,-0.806835832088451,-0.154351379818888,0.557042657479716,-1.03530090441175,-0.43560015545375,-0.276040470342339,-0.162809310571292,-1.1176920906881,-1.0412249027501,-0.503512539507726,-0.42003941406653,-0.212855618876547,-0.498891598403006,-0.480626903048133,-0.135926109545379,0.140933584290892,-0.000338855251155179,-1.05595830851229,-1.20512173554341,-0.0862764185260002,-0.768548704579848,-0.914362872436751,-0.391848368713702,-0.80543252046862,-1.22814040951721,-1.37391346993198,-0.700494580631656,-0.5934247149201,-0.753378868717458,-1.13585641387921,-0.280928021938257,-0.674154352766877,-0.259707869884458,-0.47572315930439,-0.559516887384488,-0.34761326076003,-0.0156128453773719,0.00518526622796744,-1.41045449938937,0.0259989752536788,-1.17015358498972,-0.186772760267748,-0.649747898307585,-0.901740533858568,-0.682111788365418,-1.19438298581559,-1.46296100021284,-0.128529423407775,-0.351236469718996,-0.840743055104385,0.32459364627908,-0.785923024449943,-0.115864434853916,-0.278960980983962,-1.68668902572278,-0.446467292229339,0.0495290243394512,-0.647443730864627,-0.76559590198685,-0.436259379214032,-0.770983357565979,0.303141885301182,-0.474832371257759,-0.328996200076792,0.0254654516086401,-0.557785742192413,-0.486975032310282,-0.852279901937054,-0.66083221185221,-1.27199715057207,0.0623334043620484,-1.30463713092879,-0.294516714794138,-0.697461725552518,-1.05821673499594,-0.881816609941235,-0.71786465598236,0.24932125037665,-0.0544437045717128,-1.10667461932807,-1.17661583249802,0.0247805971507832,-0.349510932083106,-0.73869017096022,-1.28289353587345,-1.14671984971093,-1.42694882669842,-1.23279292649234,-1.30179749195454,-0.375986081977276,-0.197680857060695,0.0788722610833988,-1.1845179954043,-0.583182601882557,-0.904664053010994,-0.237131208935706,-1.45617704715921,-0.466358349027756,-0.497688127797378,0.828367212086452,-0.140641655041235,0.837542378083368,-1.17288875023052,0.0385604941743378,-0.274015718149908,-0.0351919960220326,-0.300271449559872,-0.4014624015183,-0.613794955067189,-0.897634407614774,-0.162605060573369,-0.151400851624335,-1.21475898888427,-0.312861160079072,-0.353639674620077,-0.318563358575594,-0.145246896188964,-0.219590232202197,-0.142680521496398,-1.05227638107896,0.0828376728803857,-0.740932391495372,-0.413082488514693,-0.725710693730872,-0.304946745669936,0.209082971795384,-0.73919301749278,-0.680115091301317,-0.479007965685976,0.167437749646698,-0.296887865416241
-2.26371209711582,-1.94941522802016,-2.7859098155381,-2.58977286743978,-2.19320832625758,-2.95580720095119,-2.27999636204471,-2.62523128582207,-0.83968424554417,-3.01268758688699,-2.8553294614662,-2.18333310070813,-2.37846942519539,-2.49521368502321,-2.79456457482379,-3.55900724857462,-2.31666935249906,-2.25982443104582,-3.14510348494867,-2.95262330213826,-3.16577112445621,-2.48384690531314,-3.56428700124388,-2.33878767677019,-3.06852825580391,-2.49415000550503,-2.63215569110858,-3.2681471927122,-2.24455181456991,-2.38445430059257,-3.24591477562539,-3.08053064094023,-2.5510243019408,-3.19601900822674,-2.9235151808763,-2.47984780469315,-2.91016859364461,-1.74891342057005,-3.12336215823799,-2.34713743930012,-2.52855934341378,-2.6209333627513,-1.36816391682783,-1.80590383414613,-2.32595312534049,-3.08369159070436,-2.13949354078479,-3.95872399593162,-2.60929910020462,-2.94017216038988,-3.43472599472051,-1.91419513506943,-2.49760761471069,-3.4729811168556,-2.84863541245785,-2.01982220509148,-1.49867119813027,-2.65600343833898,-3.64254570365373,-1.94798569044294,-3.08947666526372,-2.3699941737756,-2.18577420664281,-2.19301108773969,-2.31354547233346,-2.26207385063189,-3.60290733023534,-1.94184016210879,-3.47005563709309,-2.77742478442988,-2.60796041176043,-2.88769943125121,-2.51812895909645,-2.7283526423492,-2.69202657052125,-2.07550191359754,-3.01847660256029,-2.50948610180037,-1.75922888295556,-3.64022399007237,-3.34124483598709,-2.79470085524517,-2.9067670217716,-2.10752783416339,-2.54306452806829,-1.57110611897987,-2.53018116604335,-2.39269464004968,-2.25607827543092,-3.35209601056969,-2.89563919318762,-3.79637130032912,-2.60384760234988,-1.48687082384712,-1.88993408360229,-3.5385700325203,-2.37268875836264,-2.37995986175243,-2.25423438851205,-2.07616141274781,-2.81995065863482,-2.09517188153479,-4.00832753658318,-2.42855315293568,-2.63001433384964,-2.57598469710965,-2.39962520357591,-1.34813660259179,-2.96359600496947,-2.39727784265501,-1.39247167159744,-3.1015723155751,-2.12337748672035,-2.69167636400426,-1.22496728151716,-3.5531287749048,-4.05886392842922,-3.16949162665648,-2.54151818614221,-0.79087660516661,-3.06381870703214,-2.73960841223721,-2.00729634479441,-3.01896891137153,-2.44096764896516,-1.9696237054619,-2.50437755762875,-2.8413600923333,-2.54420321124717,-2.97286279074998,-3.03136189141789,-2.07158358741265,-2.24224200489429,-2.15160589904215,-2.62989580903834,-2.09346151433314,-1.70332566159804,-1.79674452068157,-3.6391762000182,-1.14838049859524,-3.28268831091462,-1.48765868246923,-3.85910600907153,-1.73932038480577,-2.63635611388848,-2.54177940674916,-3.31241497242831,-2.63033924658957,-1.82754470384968,-3.29916534382656,-2.55897974383331,-2.83473115515989,-1.80827754838909,-1.72386991813265,-2.918304714906,-2.42180449833167,-1.44088454284992,-2.26341019195709,-1.87191385828236,-2.97905794350894,-2.43019236785504,-2.8037218325913,-2.50040817036441,-2.23510851143953,-2.38418593830342,-2.84656829194658,-3.01943647742904,-2.76194483545887,-2.7906423610112,-2.31205003319721
-11.7159886289678,-11.3957643038661,-12.1620818150865,-11.4407355223801,-11.0352644012089,-10.1398608152759,-11.4625160826232,-11.0772364812468,-10.7700306417593,-12.4826203733753,-10.8142157893396,-10.7403915816079,-10.9826200241513,-11.1725166398327,-10.8190087794581,-12.4534634632499,-10.2794083351108,-11.8332645168547,-12.7563949033269,-9.6343103675211,-10.5239395155792,-10.2417241344748,-9.9273523508808,-11.4938433984522,-10.9321402491769,-11.0325847619733,-11.5207721426483,-11.4162542784584,-10.3910374284471,-11.2265648692038,-11.4926409431564,-10.8719325304834,-9.94619042185275,-11.2577660132355,-10.9518778507216,-11.7442933083477,-11.5148453475149,-11.4412115783033,-11.8680090396484,-11.3457925161436,-12.5619334342872,-11.1377355319146,-10.0876891295989,-9.93920392502076,-10.3018120290381,-10.8620212511301,-11.5435859058299,-11.605780528108,-11.0833971383383,-10.6162857361344,-10.6101477500193,-11.2769000867314,-12.149990478292,-11.6383186634589,-10.4062549024935,-9.49428718880597,-10.3999423321397,-10.5701540696529,-10.4995709193985,-11.5400648751383,-10.1838382023801,-11.1795677358105,-10.5591017281554,-10.5341019950639,-10.9433640938736,-11.6310979999972,-11.835030302132,-10.4209868087813,-12.1775781919007,-10.5732430613127,-12.9201693045417,-9.76330650708746,-9.74888900553134,-10.8853708821575,-11.7103567912903,-10.8729585805712,-11.7893191766697,-12.3409069356615,-10.5609647759728,-10.6860224913365,-10.3296886104105,-11.2057267593551,-11.0886676053302,-10.7487335704509,-10.3368628451538,-11.0147935810126,-11.2317277317681,-9.08459696021224,-12.751490396777,-10.5819127321435,-11.047028244341,-12.2471489143349,-10.2631016342326,-12.2044127888866,-10.3339859298894,-11.4681289445004,-12.2027320463269,-12.4688851867784,-11.008019597166,-11.6180968793014,-11.3484073353313,-10.9608301317119,-10.9376100838426,-11.0511592017549,-11.0949162357484,-11.0635906166049,-11.0314398794107,-10.0106628439736,-11.0293387736655,-10.5258578528483,-10.8861486153612,-11.3387855473639,-10.4922509139731,-10.796107430587,-10.9063335731617,-11.1841135216344,-11.3819175069972,-11.0940239794672,-10.2393176826062,-10.4788111227732,-10.9429296592564,-10.7224062154162,-10.8829177837078,-11.800941016727,-11.4281787826359,-11.02189720801,-11.0795649677384,-10.7194038171456,-12.7627582300636,-10.061153641785,-10.7549432258721,-11.7290509375162,-12.3909235349329,-11.1319479194298,-10.9185886567336,-10.5943054809706,-10.3650852636849,-11.1221470142212,-10.4648970938697,-11.9657683499048,-10.8908441933259,-12.6819037536201,-10.7867434519518,-9.85715004157164,-9.87860370152302,-11.2095801708831,-12.2733782017621,-12.7590919428697,-10.7030723610952,-10.0923913803707,-11.075141607895,-10.0976224280569,-11.1681080443163,-10.8040789565064,-11.6054880368461,-11.7888938462203,-10.44675640963,-12.3951706559919,-8.90666389198429,-11.7304047845573,-10.5014937313424,-11.2689764812573,-11.1735670846815,-10.7888600923652,-11.3507588300639,-11.0492060621772,-13.3177187818417,-11.3619226237757,-10.7025789398208,-11.1361041896071
-4.57868032241136,-4.28383175368453,-3.07982932653076,-4.32557545843923,-4.25775916245784,-4.15561517790479,-3.05192687750066,-3.5502936065994,-4.22368728836592,-3.25270396784557,-3.10306340372556,-2.79842491122569,-3.86548769367484,-2.75984439151913,-3.45394718988604,-3.33767346698029,-3.63176884262386,-3.73434762985666,-4.67652942102997,-3.94046447259364,-4.28926479898526,-4.5374030521209,-4.09231662756322,-4.43900807579735,-4.41382623479744,-4.21303865342702,-3.41665596084662,-2.57682172540104,-2.84915317091671,-2.83875863627076,-3.08169096914316,-2.66730169601687,-3.52140096592839,-4.1765363055226,-2.78491323356321,-4.23672050174763,-3.13813696006202,-3.3208438790465,-3.96259278342081,-3.30259751666351,-3.24624524079149,-3.01267758867765,-4.00338375198151,-3.38342233836578,-3.88996640865623,-2.9874259435827,-2.76120523850802,-3.22382902206545,-3.16112770722182,-3.524912287645,-2.69691742936532,-3.78556297780212,-3.35834734608346,-4.1683887264,-2.79006045194091,-3.3168614129896,-3.30430703089933,-3.58479203816902,-3.60582249517,-4.03440491648012,-3.86244432287518,-3.90856326576239,-4.18953177278035,-3.2875691173555,-3.81182339670994,-4.09419783920096,-3.17396257820656,-3.88128251053879,-3.54717676514092,-3.45436481323753,-3.0206517659151,-3.71277024456247,-3.73577898772543,-3.75966152574277,-3.94103019518347,-3.40301980656415,-3.4014364469393,-4.89293950189556,-3.38056247632387,-3.51506172234174,-2.83922468202939,-3.94880778139048,-3.94353989407142,-4.1581983893973,-4.08525079105055,-4.28199053601082,-3.54690158039731,-4.10566897670936,-4.84256365325299,-2.83129579435619,-3.60909501379664,-2.97542012943825,-3.04823202895535,-5.04347317727768,-3.6155305337453,-2.85830008802292,-3.92652462959776,-3.54423310913782,-3.72074781287557,-2.89429571527762,-2.51419205376832,-3.60826119702629,-3.35900826899635,-3.92068298291219,-3.79154170410273,-3.07711715882315,-3.59020628808446,-3.24376961990154,-3.12862837479456,-3.3239616749562,-4.47542987681877,-3.24568141748546,-4.42108033082772,-3.59695960394146,-3.95459959417231,-4.1277991572608,-3.77498620655801,-3.60264203089256,-3.46980319664664,-3.74726910968008,-3.33773664957981,-3.52364110071066,-4.91487606394667,-4.6692940108239,-3.73082495540091,-4.79340758928567,-4.26584198087081,-4.17598542469144,-2.99487886094139,-2.55219854555196,-3.41429140207921,-3.52224281332015,-3.86783437993182,-3.56317613791726,-3.4972991026715,-4.31950755083387,-5.03510103764518,-4.55750139992025,-3.48102062287615,-4.83284148176809,-2.74329685301364,-3.49381899040123,-3.39610414872419,-3.57961314912136,-3.09672157598403,-3.61215332564193,-4.01420577990539,-3.00816800638289,-3.80661945222203,-2.50139771082643,-3.50716845326355,-4.18907718171696,-3.82310714936735,-3.23455721354766,-4.40244874856175,-3.21668912066694,-3.10551345895169,-4.49107396759469,-4.19921529641872,-3.79276319472405,-3.96872122827304,-3.66749213277211,-4.16445025508307,-3.65802576242613,-3.24070090395075,-3.0242891338036,-4.09337854724423,-3.75093878766643,-3.10223214928676,-4.20887541592614
-1.09331835389883,0.742899746942392,-1.76098179647229,-1.1637079908654,-1.64326229155747,0.516325063346811,-0.329060373035466,-1.12209705856046,-0.0947297082072857,-2.7262888823587,-0.498461004831803,-1.35138088984781,-0.234650980486274,-1.89544362837014,0.24451521969718,-2.03356589977663,-1.3390185170241,-1.10636824394383,-1.15922493075668,-0.657430029938377,0.352969038270921,-1.26036386018018,-0.447269171823992,-1.46926045119346,-0.822079235997257,-0.759870330511134,-1.63479378171526,-1.43318951047569,-2.80221289911299,-0.455486361007413,-2.46281509702485,-1.65448864980702,-1.43799245779281,-0.637361989219884,-1.7914058981341,-1.38534531960522,-1.69872452623691,-2.08698340169456,-2.04242933225095,-0.770215224958226,-1.90556765014025,-1.6171924228855,0.449189604886386,-0.453675481863704,-1.19356436406983,-1.29425678580743,-1.50031717992907,-0.569959608665797,-0.150949932180698,-1.48834905670044,-0.714246592158125,-0.946966831336704,-0.837881938569402,-1.89808866195843,-0.90484539017943,-1.07934052686217,-0.216399903441477,-0.226364041423196,-0.138776847138696,0.889089355376093,-1.19479788380438,-0.215847107325767,-1.34762861295866,-0.189873306944762,-0.59582465690843,-1.3808920083276,-0.826849465797935,-0.143350350856022,-0.860635955552688,0.161710580765428,-0.961224613026582,-1.45371502397162,-0.864530382884333,-0.330289955805164,-1.15614766302376,-0.2077212891616,-1.76538830084676,-1.65530206943144,0.139162344357578,-0.801786312589651,-0.307975249784962,-0.398131748924402,-0.869445104850992,0.284528294669711,-1.42570263591384,-0.648514869479429,-2.37994893671962,0.138174279475701,-1.91148525451341,-1.46157199219576,-1.57607192652318,-0.434682037613514,-0.250197794981933,-1.43520985851302,-0.542090375244849,-1.50478600108404,-0.593287685478896,-1.3724503376505,-1.43394044844509,-1.18855761298659,-0.277862333713509,-1.75462966976122,-1.30325017187806,-1.57213848885362,-0.661759001367701,-1.68168192152455,-1.01460605607726,-0.312811416465587,-1.92362827542,-0.354882897708735,-0.526637826590461,-1.69690287731153,-2.4982900438715,-0.658072483878808,-0.194866389122193,-1.75974120376956,-2.82064262164764,-1.88904876352671,-0.680881666551237,-2.88250284369521,-1.53357054377996,-1.08432871182377,1.11093963755463,-0.209712107454537,-0.893920568585013,-0.949387111230202,-0.738728379940557,-0.55496002737404,-2.40611165549221,-1.03571704949541,-0.540214882926445,-0.482955274583348,-1.45297884328101,-0.0739713519169309,-0.2306578548006,0.485834530102892,-1.56383814657456,-1.74959695737989,-1.30436925483473,-1.00047860045751,-1.07647476966393,-2.05563527805593,-0.940425195592282,0.623856057509372,-0.728325534578032,0.0172898754891093,-1.38132956193667,-1.2091161100969,-0.914129824095231,-0.632336881224192,-0.740746829001558,-0.530314778698346,-0.727411809017687,-1.61185234669004,0.120470023965788,-0.64488338002891,-0.521809704242912,0.0475370510169983,-0.211230509066923,-2.4549110440791,-0.696336102958558,-1.19877146565833,-1.32019755766658,-0.764891328687977,-0.793357897848477,-1.73199255630206,-1.77708188471247,-1.43373756924286,-1.39012899358878,-2.41040871875552
-12.616107128834,-12.5701567714565,-12.4497207066689,-12.6569558562758,-12.4406240263199,-12.2163261450687,-11.7564461167615,-12.8679382109551,-12.3034799423616,-13.2369431053525,-12.9214386792413,-13.1956777757211,-11.7606273303936,-12.4554908123958,-12.4821862324505,-12.6869609079309,-12.1616986336939,-13.0086706560283,-12.5754130055442,-11.7150503620429,-11.7928402952477,-12.6283095950643,-12.2068555282428,-12.1865738469037,-13.2849679527094,-12.9905082986626,-12.6871583742727,-12.7092775764855,-13.2616510464328,-12.0774224897631,-12.7364943189495,-12.1053433406187,-11.5782614479929,-12.0682655159054,-12.186287142924,-12.0260610131822,-12.0706260572201,-11.9673522656036,-12.484730541039,-13.3947949139666,-12.2373541335497,-12.7811371391976,-11.5651476351434,-12.1508457437077,-11.4559062028504,-13.2602768177423,-12.8552150553149,-12.0572007522956,-12.5506810276031,-12.3135365573842,-12.199802399873,-12.3024134742238,-12.3098158651865,-12.0553123226121,-12.2907791588946,-12.4862965528737,-13.2591334218233,-13.0994908425363,-12.1949700537077,-12.5172492306484,-12.2865147446899,-12.6701712250851,-11.8919483954258,-12.5205400954014,-12.7715524935317,-12.0622219370105,-13.0009446368197,-11.9274695815558,-13.4104441684659,-12.1506929260356,-13.3663064976808,-12.389994490383,-11.9111234169549,-11.2977016728199,-12.4729481470304,-12.5502984347545,-13.1709871627577,-12.6459209688358,-11.8699309647986,-12.8111369875479,-13.7795713200278,-11.4797324468507,-11.6778592930674,-12.2086672048169,-11.7946432404884,-12.7777763093064,-12.0448410614924,-11.404715727234,-12.671958750483,-12.3053402292654,-12.3735491037159,-12.9679949393679,-12.4147130180721,-11.9062243032114,-12.0877718658215,-12.0262425310165,-12.6400662124229,-12.907384819612,-12.3687861784901,-12.1617507672977,-13.3208070542607,-11.4380642293972,-12.4363271534477,-12.8400395749932,-12.7950826956516,-12.4102137624386,-12.335802614484,-11.8183760624775,-12.7388304231197,-12.4421306709104,-13.1235044872042,-12.8720363747265,-13.0230354772741,-12.3564902443631,-11.8474475462376,-12.4230014125183,-12.745533948137,-12.8781377108566,-12.1257581683604,-11.9114084942606,-12.3636290297942,-12.3495000773971,-11.4446655820454,-12.4194913183468,-13.4537638993084,-12.1878455281233,-11.9198380125772,-11.0469090107518,-12.6292467652985,-11.6093962739739,-13.3182866632361,-13.4469032039031,-12.847092730812,-12.7464921015758,-12.2487581690774,-13.7834430977103,-12.139461674652,-13.120037287311,-12.0817692535671,-13.3736206003894,-12.7605435230391,-13.5926944798813,-10.9921951870113,-11.0801257976304,-11.8583465088002,-12.0646258982511,-12.4178982381521,-12.0454489842461,-13.1362699766164,-12.4732236627711,-12.684285942548,-11.1952881228629,-12.4818862665047,-11.4851825179722,-12.2226774146261,-12.1801273830078,-12.6305227352201,-12.0673466766285,-12.5112140476512,-12.3717298020082,-12.0133334147882,-13.2884345605397,-12.6681425602742,-12.9486866110406,-12.5666441235889,-12.6467402586186,-12.4779199229995,-12.0136837024786,-12.6467023888615,-13.0979197882816
-6.99400418366273,-5.43873637796709,-4.86175986514504,-6.65527324426159,-6.10676674244665,-6.38930719023719,-4.05529511159716,-5.56527108023652,-6.36118165343692,-7.19048986177114,-5.49674468484985,-5.57425212054865,-6.2091209288165,-5.11028883959892,-5.16867457696265,-5.72787556944584,-5.86372766757897,-4.60280590031286,-5.66590099274899,-5.54012296126368,-6.75492947337035,-6.68093530043558,-5.1025775509234,-6.49518588644531,-6.31568146087418,-5.62495185444097,-5.94877772285435,-4.96392510523993,-6.52560505606769,-7.38013962495194,-4.70339385519349,-5.07052477511335,-6.10051544161935,-4.74475736424598,-4.77352792791646,-4.91144190637817,-6.40151435106104,-5.62056708905805,-7.75275411488629,-6.24956440999722,-5.19596883742884,-5.79223252465965,-6.33151385864319,-5.81805621437063,-6.08891958963741,-5.4754044950513,-6.37742003534504,-5.51484212139856,-5.69376713556993,-5.43795915987196,-5.89728163671931,-4.58424380299575,-6.79057457662126,-5.66618264180078,-6.23211144651206,-4.71269298091373,-6.34879856921819,-5.83085065453418,-6.16756428249049,-6.69169568941406,-5.79921030814385,-5.69747914235635,-6.08759339918794,-5.94231592829765,-5.7247283036656,-4.949206178964,-5.59318600652684,-5.42391679471276,-5.89004433861206,-6.24838703229852,-5.77347939652967,-5.95395947883348,-5.63820958097891,-6.33274765167167,-5.85648893979876,-6.4219595639009,-5.24749642362321,-6.69425518879418,-5.20670066532316,-5.72224809021099,-5.02453215740625,-5.52928923640378,-5.22396897952224,-5.93898980779868,-6.73115808344304,-6.79178359087342,-6.07048830597797,-4.99720738563784,-6.17770235990537,-5.50451099201669,-5.35244870353531,-4.81550398528009,-4.70723447529526,-7.75238718458973,-6.06020388012528,-5.56135357622221,-5.63541807332455,-5.7253389957233,-6.31352214038176,-5.28759446039743,-5.89628826843294,-6.41103512157446,-4.97128228284855,-5.99514528613021,-5.83550865362975,-5.45953559241747,-6.36886954232311,-6.05525263568477,-6.414224783539,-5.93278257183875,-6.50671247198791,-5.7488401905064,-5.97095529173448,-5.56041381282355,-5.73466845945204,-5.58334001302389,-5.76864565209686,-5.25270699295619,-6.35207970354598,-5.7995165212558,-5.39540323690517,-5.80467389780746,-5.87253294112872,-5.22696678771998,-5.77983794945253,-6.2283404905278,-6.08847416295849,-6.12699762055803,-5.08992906551372,-5.1640390831355,-5.24532679064164,-6.37838542828632,-5.32591817487835,-6.27464377298058,-6.00300568822543,-7.0830600963827,-6.26115685397505,-6.59459041373198,-4.35419496341646,-5.8603383685954,-5.01813531579479,-6.20260648460956,-5.48653387353423,-5.07822473416756,-5.72929822920572,-5.61453734072386,-5.03718523895063,-5.06638614617199,-6.03254880330281,-5.86195794557375,-5.13294937399086,-6.58903853634297,-5.98860323874015,-5.96564533378821,-5.96088815489332,-5.43215138715297,-5.17234477777217,-5.02685294467727,-6.37168910269757,-4.43743840575802,-6.27140020238991,-5.05455282314754,-5.56016819593143,-5.26112177652443,-5.46182589763517,-5.98111964041257,-6.39599012744235,-6.53762227181058,-6.01368635757071,-6.12816085193438
-4.18086807561561,-2.06416208157213,-4.34217252578889,-5.22819302427468,-4.62675385134151,-4.11571422122516,-2.98224744138148,-3.99851678461407,-3.80511684039396,-4.59741350060139,-3.81600158341374,-2.97397448710894,-3.69470345315084,-4.33895969066663,-2.23615417185858,-5.66649949445608,-3.14923178461002,-5.4787947267908,-1.85384119179386,-3.115330420414,-2.61748762777074,-4.02217536107467,-4.08588401163323,-4.82582621571093,-2.1065023405684,-3.7796492940699,-4.05749189637227,-3.66397057749006,-3.84393825645122,-3.86197822023126,-6.15532301491099,-4.51038694956702,-2.76685374365468,-3.005778769267,-3.19105618224886,-5.46642945297061,-4.38734233187604,-2.69387013311112,-3.85665166427715,-4.29306685372664,-5.50101650635037,-4.19737166941851,-2.36638025679873,-3.14035570112775,-3.23034173654121,-3.87714857955009,-3.04768443854372,-3.88304092639813,-3.23680962786676,-4.14122607908851,-4.59018165925065,-3.36174378462912,-3.68702684056594,-5.20693013614937,-3.85105221678481,-5.04891835758027,-1.3312853581477,-3.73702786162984,-3.5987480196985,-3.58903420322033,-2.68119555675624,-2.5936766175379,-5.11173451383808,-3.50963776967125,-3.69832926826645,-5.77542065425373,-3.77360133534126,-2.63261686739082,-3.60616500724167,-2.59875194850479,-6.60749877046474,-3.42257570210038,-3.63106956466468,-4.06626794010785,-4.53697778993076,-3.45058423056815,-3.60996374229025,-5.04850213574371,-1.76221849916335,-3.59511523598401,-3.00100359355773,-4.57599591412973,-3.47278932566827,-3.07153299480831,-4.73497722020532,-3.51927140459242,-5.17580301322783,-3.21708425278373,-5.28884719103269,-3.65867962335694,-3.70318164136232,-2.29370605686022,-2.17033428286919,-3.95487179366254,-3.13363473944703,-3.92839933602194,-3.31471060703783,-1.75462589902512,-4.99007072624598,-6.24705726868373,-4.15228891526603,-4.32208391981235,-4.06472224890777,-5.48841971043076,-3.84194846455965,-6.2809161474752,-3.06109202378002,-3.07436373765801,-5.07825202367339,-2.31825746593526,-2.09043759196991,-4.28054352431988,-5.89874031776469,-3.76375476686213,-1.34999945567512,-5.35489234953615,-6.13516151263932,-4.47950194641929,-3.59833883539096,-4.43752441173762,-4.48915559347988,-3.96096497567319,-2.41028430135744,-2.81432575808271,-3.99979691792818,-4.09390982728918,-4.61688774408545,-2.91654089516874,-5.73666710605057,-4.3932162455145,-4.7299424095568,-4.41807996944393,-4.50026057298639,-1.78768781450894,-3.12849431391883,-2.74167685055813,-4.51434847322709,-4.73882115124128,-4.64807733040388,-4.85163895884211,-3.84337354273619,-5.25339864378563,-2.4772013959888,-2.46650284437377,-3.03979661476782,-2.87982759409196,-5.6737453570626,-3.15222163799798,-4.59168067885612,-2.07127400976651,-4.89826087754601,-2.87180117686922,-3.50041970052367,-5.86190163814493,-2.96911479285477,-3.6938012640095,-4.46802049161807,-4.03946797073314,-3.29768064370825,-4.7390042690401,-3.94275814341847,-4.13355586634718,-4.70065973726514,-3.78604852376291,-3.57701832693587,-4.97395890181099,-3.38952600012938,-4.14090220099485,-4.45409226561997,-2.92593594398527
-9.97332070654116,-10.9326086881173,-10.637581497599,-9.4003020850772,-9.99869118104918,-9.16617361863749,-9.54909039963104,-9.92797880370831,-9.41771523333338,-10.2106083609792,-10.1185688847417,-9.94822062181919,-9.64250351537425,-9.42828654429718,-9.82488269220628,-10.4051404290569,-9.63700618183789,-9.72532187421367,-9.38888221795152,-10.3376395725932,-10.6501243773408,-9.3028004413106,-9.55171527445533,-9.02849054009457,-10.2917349976806,-10.4592333643943,-9.79170778477266,-9.84052064855039,-10.893562680779,-8.31005391452409,-9.13604975567819,-9.71631711890264,-9.4614537096438,-8.63129191864655,-10.4917354190785,-10.0687079959738,-10.4270995956301,-8.03972520918096,-9.77414790173212,-10.5305089880741,-9.42635854394069,-9.42820487178995,-9.41391910087702,-9.22847925632436,-9.06782809531092,-9.26334836457705,-10.2207031837151,-10.2252273267169,-9.76691833496106,-9.66418386228186,-10.3553776860599,-10.5854172098415,-9.50404391230638,-10.0711570961318,-10.0843544956749,-8.1080320539419,-9.88181760336171,-9.4926867082453,-10.7921165872078,-8.66431440274183,-9.53918382228977,-10.3938859021225,-9.44743488451052,-10.2306996764836,-10.2412300050843,-9.37092543813748,-10.8347033983884,-7.71495211375031,-10.6883420630403,-10.4101571632507,-9.05436387514864,-9.48176267603546,-8.71528228335882,-10.1423749129462,-9.88869235056664,-9.3207406592978,-9.2976397651497,-10.6183507412588,-9.37901498821737,-10.1301798483531,-10.453091017928,-9.98012541263687,-10.118484543862,-8.10349751341174,-9.01943138900268,-10.2424457384788,-8.2677020144526,-8.10127231516716,-9.68738903230568,-9.91600873795533,-10.5803454531502,-10.5223663589656,-10.3851636260476,-9.3430635260864,-9.84747947476606,-9.56210367136952,-11.4988824343976,-10.427831516792,-8.4617594704609,-8.73484976224018,-9.62217991008696,-9.02326596487031,-9.61132739417243,-9.04426254557797,-9.69073310986617,-9.95906267326405,-8.91950050697114,-9.5750909122111,-8.38022022817402,-10.8288032587151,-9.44985505224609,-9.95143399030759,-8.79288277046768,-9.79681347313679,-9.46051174042344,-9.39878621946815,-10.3486907816576,-9.6051732897214,-9.89251946192719,-9.70257880266859,-9.48131593604537,-9.39170984701282,-9.27941312935455,-10.2985292493524,-11.0576970687821,-9.29165587721207,-10.2103587446309,-10.2923970523634,-10.1647174464341,-9.3789971799457,-10.5090780460344,-9.55607464184483,-11.2676745429824,-11.794801337406,-10.4370996242733,-10.320539809128,-10.3635656478781,-10.0450671690715,-9.54630376174449,-9.82698851554022,-10.4950914253216,-9.87900055484394,-9.59219769928726,-6.87965227440184,-10.1738364945868,-10.1939901212344,-9.40575227890215,-9.72731263275325,-9.8891091334113,-10.4259165338022,-10.0006569421902,-11.0361778173391,-10.1467785824485,-8.99817693503381,-10.2966298379388,-9.79614141976264,-9.48603450872717,-9.71008852703994,-10.191816235815,-9.21119341967302,-9.30067613028185,-10.2523874516002,-9.83087734770765,-9.56589143853535,-8.71346786789963,-9.75986643488987,-9.95421304570437,-9.44028639055781,-10.372533380094,-10.8503867168324
-4.55970650059893,-4.56641817896969,-4.37633225036603,-4.79946412928096,-5.01355425382669,-5.03302907209855,-4.25571869435342,-4.34452634410376,-4.43221454492878,-4.69664812931515,-4.74553479163585,-4.06011984265438,-4.6967017999946,-3.47968417741835,-3.0408063994679,-4.41375213713758,-3.99188826832297,-2.96728696879606,-4.35785969060021,-4.73221042925669,-5.22917840115708,-4.99576823135519,-4.71241742980254,-4.20650983499644,-5.42679412940839,-5.09281136422967,-4.21621957916903,-4.23415842986523,-4.55677079769901,-2.8087799132553,-3.61138782837294,-5.13247585921111,-4.77642572691597,-4.72992257413188,-3.37603646172879,-3.81371080243755,-4.43201995009009,-2.6659206419809,-4.66178884834179,-3.98603636376106,-3.28007730047455,-4.47604477205251,-4.7729256120743,-4.50729890221752,-2.93683497077012,-3.94476438291376,-4.53580729908047,-4.06005121510669,-4.39987899439799,-3.40049593926042,-4.18292259474003,-4.66644341236808,-4.10349061042932,-3.30745572493626,-4.45288607007683,-3.60056817253071,-4.39268311075469,-4.29036532955433,-5.51255520331833,-3.65827546566745,-3.83332976589459,-4.05162917882672,-4.25174049190514,-4.82392098966813,-4.77512755181077,-4.40099665552558,-3.8225031757227,-3.72652911270007,-4.21295798938325,-4.65682130635251,-3.68204159150807,-4.15255324725497,-4.50563129795136,-4.86588307634628,-4.30431362545233,-3.79294060921771,-4.34704912556697,-4.98511264248075,-4.18953821457014,-4.38741837254778,-4.84150553162933,-5.13964297352394,-3.69910614634263,-3.15096025616017,-4.39613840147779,-5.22151116091483,-4.21347860027659,-4.32816469214991,-4.30734167448701,-4.54951990693967,-5.05314824655918,-3.70263410254882,-4.81476708360282,-4.76484668113654,-4.17997356934771,-4.15478520173879,-4.01053902434189,-5.21687364013047,-3.27745817235538,-5.05684049172907,-5.04377007895556,-4.68935465137289,-3.7886433739707,-3.70595500712808,-4.20746437758123,-4.15403444760332,-3.75675641626718,-4.26302895809638,-3.20412897494825,-4.84301507600925,-4.50514688690335,-4.13588999482344,-3.70605195971969,-4.25118365257511,-5.01526317016418,-4.41717700760304,-4.86026936256352,-3.98391368905414,-4.90267226714656,-3.85963599833017,-4.01614787532266,-4.54359199475509,-4.68075746172037,-4.87140003863597,-4.52885250962552,-4.56979978849321,-4.40281692240932,-4.54076406965926,-3.78760455732714,-2.83915354858327,-4.27819682159103,-4.92194073527985,-5.01415610619793,-5.33145776436334,-4.45078881930232,-4.90201760071669,-4.43681974591626,-4.5990578947132,-4.75378993911356,-4.11410018705524,-3.84713958784732,-4.68398502792613,-4.25735825985242,-4.02776306769166,-4.82555691035798,-4.20653834459365,-4.34516927762651,-4.0473842700648,-4.33609895655746,-4.71524460868734,-3.94642553259526,-4.57064237297832,-4.39609962903689,-3.22881199123921,-5.04594108511287,-4.08388662682465,-3.6528049713123,-4.25188996667628,-5.16865792032971,-3.69836276891176,-4.4461245094865,-4.35110878603876,-4.49402572701834,-3.85720801238092,-3.4332211678454,-4.54683609369978,-4.81933426868266,-4.31413182896033,-4.5583943563074,-4.72637996156592
-6.69591726281898,-5.31273837909581,-5.89534321148455,-6.57429922415562,-6.73589678129458,-6.27223065360714,-6.49226045222168,-6.54993251373247,-5.55276578301221,-5.94992364364316,-6.10498645056309,-6.10580772325138,-5.91866744261429,-6.28740572220178,-5.25576043086024,-6.75131449149363,-5.30235382889198,-6.35037423513775,-5.74637524972957,-5.40250151308677,-5.24720298574081,-6.07400974038025,-6.3765719165728,-6.79353476323084,-5.90335712724864,-5.82276903774581,-6.63163902959582,-6.21580746694694,-7.23256243060835,-5.50111180414907,-7.24955738925136,-6.9309413149647,-5.36779326268974,-6.01860989676487,-5.56160108042295,-5.94032519442734,-6.42247556780401,-6.74825410126075,-6.9251237371923,-7.31015007105192,-7.56673392860997,-6.79297197087154,-4.74630305820683,-5.85021706240005,-6.63290978465792,-7.09220190371323,-6.88307449258325,-6.38631111914217,-5.23962293163636,-6.95236257379628,-6.45180393084421,-6.14096366622928,-5.92043155099361,-7.42313810696071,-6.01893268474053,-5.35608477314427,-6.1859205286317,-5.75484600975092,-7.42552120028935,-5.07453515875517,-6.66056262169447,-5.56799392194416,-6.75124683034349,-5.94588572326557,-5.92288937430692,-6.76737966956404,-6.90508367263273,-5.6444550515593,-5.09534027600742,-5.42151712213298,-6.23581333992697,-6.75999863035434,-5.96383484261105,-6.16662757986434,-5.75148672361628,-6.98858714276023,-6.92900398180104,-6.73281212320686,-5.31832127888023,-6.35425920894671,-5.27115727433902,-5.58282310364253,-6.22498192101162,-6.35353545694669,-7.17679761677301,-5.85979266374203,-6.42411154431175,-6.56629449324885,-6.44211233278624,-5.77551526670402,-6.21367767505606,-6.06800753600414,-5.78259196756197,-5.88033977849702,-6.70024355210686,-6.62271783738738,-6.20086228694414,-5.90679398162602,-7.03026497454386,-6.35456887581029,-5.88875156205533,-4.67560699539053,-6.83259383192819,-6.19271150451004,-5.43497572639629,-7.75749573712392,-6.64004148784791,-5.47341120365417,-7.23224881477039,-6.19794330475585,-4.57533426548861,-5.96493670748354,-7.20365188137827,-5.66881356693575,-5.36478703069757,-7.20371097843238,-7.58641961995589,-6.7332998142608,-6.32621683690674,-6.47709034464593,-6.66437659507081,-6.23100770748703,-6.53297590635964,-6.4171655906934,-5.89307870412237,-6.91441666358635,-7.32567273121351,-6.01421177205218,-6.68256603575447,-7.03297131258984,-6.68762931846211,-5.44246915358064,-6.47842034851439,-5.49713213780526,-6.57556254873004,-5.17067106584818,-6.0763338956879,-6.32546907813955,-6.70737782401864,-6.52736402203635,-6.8493654325252,-7.02659789552732,-5.77007985245923,-5.94612448741711,-5.78865397779632,-5.58023258582359,-6.07155429062928,-5.81054099283006,-6.18009176683844,-5.17826356426266,-6.50166801968919,-6.19045301158105,-5.87886090732549,-6.89885170241845,-6.61333457283751,-6.51240748050116,-6.81300427884956,-7.09866318664749,-6.03711239120164,-7.55218187387199,-6.57244080233958,-6.52449105909244,-6.64828083299855,-5.78736288099119,-6.78256761485717,-6.68230507340861,-6.44225281944405,-6.46907554857188,-6.98633622396853,-5.51671452884507
-6.90599038566699,-6.8729500488231,-5.91799960331313,-7.27931765735244,-6.1934282519029,-6.54937097442946,-6.87184884658686,-7.10391227152143,-7.20441106179449,-7.6266133408807,-7.35085397969709,-7.05618412201837,-6.4189421363468,-6.96767117261211,-6.90486681962425,-6.87359512883856,-6.33918762272683,-7.21232525067939,-6.5335024485685,-5.36804580747731,-6.27074661065284,-6.89874978093189,-7.3655508904402,-6.85008710307314,-6.85555089479565,-6.70876352018206,-6.86741386654134,-7.3930794588691,-6.85399141282876,-6.07565715745505,-6.66622710696893,-6.27529468596703,-6.0351555952315,-5.86356715979524,-6.55916961975072,-6.58223578653023,-6.90673829940026,-5.39331810600286,-6.55757082096142,-6.65775131270188,-7.07628223534753,-6.99900607805549,-5.67295292159066,-6.79846452691203,-6.23965170764706,-6.96291277090759,-7.08052333946307,-7.8370924734962,-6.83593178512685,-6.15281578738824,-6.80170997014359,-7.08525555932243,-6.3785707803819,-7.96836117152448,-6.88027161730342,-5.30615245819548,-6.9247940093878,-6.32177818862518,-6.74217306050314,-6.77253969707734,-6.59919726508022,-5.88035208771948,-5.95195583169992,-6.25186056383188,-6.63842923843272,-6.44724881671754,-7.49153755993662,-6.48074742813445,-6.34599439429788,-6.71393296581992,-6.86747060172979,-7.31658444712507,-6.44306850446908,-6.46403776834415,-5.76262499730285,-6.18224766594565,-6.65406785515511,-7.24146196266597,-6.36167917268192,-6.72971155323003,-7.12922740968708,-5.8815073142334,-6.55881097504202,-7.10146509990412,-6.16801380677458,-6.51789624763136,-5.78833007760216,-5.93373305318951,-6.73213030517628,-6.26773325624412,-6.34743492095876,-6.39642995909482,-6.80905419289146,-6.56797292372717,-6.64843077885249,-6.55316527717844,-6.82122159564654,-6.51569083196396,-6.83006384051096,-5.72740616292615,-7.32379548103182,-6.60687043646192,-7.31658747347809,-6.29759021628896,-6.55921536811998,-6.59728859847502,-6.25125860246494,-5.51351041384778,-6.04818318872258,-6.15773581133528,-8.31985212436007,-5.96503466497589,-6.97042508689892,-6.11917621000862,-5.50748807221782,-6.79298444308269,-6.60472033506406,-6.64790163842206,-6.27387980292948,-6.60539920590282,-6.60468243067874,-6.80133999068584,-6.35542982372578,-6.72306560588086,-7.58339047601452,-6.82490846689981,-6.37212003653629,-7.51965089679917,-6.81954484141074,-6.69729571174945,-7.51854056657147,-6.29868742341431,-7.15179563168449,-6.79924189004121,-6.55729966357339,-5.85963083121472,-6.83709168081071,-6.92237496010859,-6.68229499009599,-6.75169512072613,-6.56427882445219,-7.65603659941272,-5.66833017220343,-5.56708750490737,-6.53719219869827,-7.07597392615057,-6.77586840205436,-6.46104246987832,-6.59824875248806,-6.50526197007666,-6.56479741100599,-6.00727736463252,-7.01226824314428,-6.32995244187753,-7.05643804684429,-6.85811778308346,-6.40103537350038,-7.24584582070753,-6.77078879518624,-6.85086013901646,-6.68307070903949,-7.27081718927637,-6.61503554870424,-6.77824900881141,-6.59871786377081,-6.10634102226551,-6.8442968791785,-6.5606125035467,-7.64690308907868,-7.08539335752759
-4.11387272389663,-5.08482669175061,-5.0485295079778,-4.79438985539847,-5.19494207824898,-4.58562160783742,-4.74051018841381,-4.59236293463189,-5.50570581525351,-4.97868106518285,-4.89477356728253,-5.33397126883312,-4.83063723807665,-4.49248580629202,-3.90573462431623,-4.49158103528694,-4.06130740085057,-5.280017659196,-3.92615941132898,-4.89218814106688,-4.8792996184586,-4.78022098003164,-5.26366845367473,-4.97804678461556,-4.95586943784279,-4.40635343409101,-4.63800966534116,-3.98650051489248,-4.34052770911496,-5.32672216859776,-4.600422892899,-3.91026062585358,-4.72702409850986,-5.05320191978659,-3.87880972117907,-4.49542096607136,-3.72215210882531,-4.2571651054148,-4.70170187952821,-4.5722112845978,-4.39813685814583,-4.26290146519545,-4.96004343336958,-4.47576007497943,-3.86862978853653,-5.05845930113733,-4.79272529372097,-4.76123178379285,-3.66315752220078,-4.54483234456789,-3.82826433094138,-4.37649902029096,-4.74509129923166,-5.30374953344744,-5.17186305530403,-4.64278185578691,-5.09990200266141,-4.06345321067282,-5.4678087784397,-4.30950717775011,-4.67015379371572,-4.60374811964623,-4.89058098220767,-4.62593431147946,-4.58001576795831,-4.22219635137111,-4.41765027587919,-4.27500791512773,-4.75976885172962,-4.79091544294472,-4.99837062344496,-4.68415598657723,-4.8795046753462,-4.15395240805884,-5.12551280111056,-4.17651824425266,-4.25794363609788,-5.54081420385846,-5.17950401706317,-4.35973091894495,-3.71109698441554,-5.64542519464312,-4.28069056886387,-4.70768327903124,-4.9076868509002,-5.23376570770187,-4.37243059871464,-4.2743357966089,-4.72290756976961,-4.01942732196712,-4.96094225981979,-2.90315415462621,-4.68117143198129,-5.08666056424422,-4.67856255001598,-4.30018401239832,-4.03653048940445,-4.40768964568518,-4.41918248342438,-4.54054007116429,-4.56228724521672,-5.04443134160381,-5.46035733879989,-4.57676881010999,-5.30427573712997,-3.75956808154251,-4.69062910682998,-3.66115607579462,-4.06440358629866,-3.72752269159266,-5.1298609082555,-4.29115508869769,-5.00948138232216,-3.99770510407717,-5.1831743773204,-5.05981990978655,-4.25610868926257,-4.70385887728522,-5.02467087820162,-5.23948174341137,-4.23135361180361,-4.32643214856375,-5.28193426994868,-4.68570371490224,-4.60616068486345,-5.25482478277773,-4.62519859485814,-5.02123332475895,-4.51048019718963,-4.63064107468839,-4.46739973107665,-4.91796780455777,-4.66364406424796,-4.11928482317087,-4.70035100013671,-5.10095661557451,-4.301998060893,-4.47182379374445,-4.96312286497361,-4.52235600987403,-3.81235224313052,-5.19720062858916,-3.86843841727609,-3.90469702596934,-4.71535894377992,-5.09726648165258,-3.80691650958828,-4.07457623372375,-4.65643909982929,-3.82392720546012,-4.21519823086092,-5.90093098195111,-4.51813497599092,-4.41332199508534,-5.59135151898301,-3.88736964226202,-4.35301636133789,-4.15076002232589,-4.67198898566018,-4.41404303761869,-4.86574564826083,-5.40294305958241,-4.66761282562819,-4.27702518314515,-4.18875362114887,-4.82717330510168,-4.77916396091083,-4.51691756908474,-4.95017778013923,-3.79489538752224
-4.42533938365403,-3.41196450700646,-4.49700188151881,-4.84660394975245,-3.54739551730236,-3.76484937441024,-3.58749710483989,-4.23573786301262,-4.1066424610256,-5.1648140390718,-4.57356601983313,-4.85571281035104,-3.46937400319179,-4.24726386106172,-3.98246302095275,-5.08038055469584,-3.13896639996549,-2.68666396234574,-3.63029408209775,-3.63735530125218,-3.43702582216723,-4.10557514176712,-5.35782199394687,-3.84939249095503,-3.66452242364051,-4.58487848126478,-4.35088798875406,-4.822970067571,-4.2582736778317,-3.04800631222698,-5.01112441442015,-5.51487826394304,-4.02852541537177,-2.78608084905952,-4.41034235788607,-4.57977214832988,-5.12840867438534,-3.88708057667314,-3.44394554986948,-4.02770293794852,-4.94140360148669,-4.10784108710871,-3.68796512599582,-4.41047648840434,-3.27778037837494,-4.41009532885827,-5.59214013519885,-3.42711599076861,-3.49375530887409,-3.77187640913636,-4.93051904687014,-3.95225393163069,-3.26455584990211,-4.7000733592856,-4.04213737050793,-4.75148140277214,-5.06733069917839,-3.50325453234684,-4.39117199703607,-3.49831756578124,-4.23106971097947,-2.99273345379973,-4.7616291408195,-4.9383856445386,-4.1669905688748,-4.75250209676966,-4.27310185296544,-3.38700795336481,-4.87698448144728,-3.38867319036863,-2.65486168602843,-4.6823330173477,-3.57025625819655,-4.36942127893757,-4.03109287642191,-2.10104805557656,-3.71569675305301,-5.1707769521159,-3.22153281414015,-4.88698744503736,-4.12296287706967,-3.65937400595965,-4.13056401894701,-4.26383094268225,-5.27967959064048,-3.99840474336715,-5.20570216916335,-4.40831769230685,-4.7600213219806,-5.12877837974655,-3.83646893452772,-3.79441541447691,-3.83833180111114,-3.57452479123806,-4.78703317704477,-4.02592616824296,-4.67466422371781,-3.77787110469088,-5.2467461600712,-4.6635207387831,-3.85384341249155,-3.07112203460181,-3.61566917239772,-4.31122341772423,-2.73562423356562,-4.02259365298966,-4.49004852673696,-3.65162767746359,-4.49434219324465,-4.54557316478442,-3.06678212337782,-2.76305713432054,-4.00960608585029,-3.74850715587091,-4.09184625706425,-3.77345129068395,-4.54417601954015,-4.33539967047941,-3.68190650679682,-3.39249168955174,-4.59623319969294,-4.55152542842352,-3.32075481543999,-3.8047823955846,-3.86074767176488,-4.61295223298351,-3.85520374223614,-4.22086436631116,-4.69961188262542,-4.63266421685917,-4.85831319267392,-3.503530466304,-5.0029622730613,-4.49884936355779,-4.2962733709448,-1.97532899416246,-4.06639857521909,-4.72117955217765,-4.8381668890848,-4.07063139197431,-5.3926863857216,-4.68498923593778,-2.69985515395942,-3.52651872916666,-4.79908707630361,-3.8955954610987,-4.80211581662067,-3.41733503639019,-4.18838376798133,-4.89219035202353,-5.43577855907621,-3.31811759986011,-4.0213668172498,-4.91138556409021,-4.33186606334598,-4.11174579386207,-3.70117090173816,-3.90452507442986,-3.8122683997554,-5.22582621979443,-4.148132563619,-3.33632297180334,-5.48162805050655,-3.76919000971475,-4.14808017436041,-5.16791845825156,-4.36790158897903,-4.89642061373124,-4.62795330387838,-4.70489744759124
-8.36119551542251,-7.96263432525095,-9.04200177836739,-8.11962553147124,-7.02087121602378,-6.66030602224295,-6.56984728926599,-6.55425425150266,-6.77707578203601,-7.39918298676298,-7.56968651296337,-6.81052840419185,-5.92855359347795,-7.39602455077947,-7.0852499208328,-7.793338229074,-6.29274223635544,-8.61297902266966,-6.7468356790676,-6.54603617425794,-7.12868837346315,-6.95563052923033,-7.16746936577622,-6.97592338912398,-7.05547780696941,-6.87108886236862,-7.79657733667785,-7.06022048907465,-7.35920551327385,-7.25286442255446,-8.02026668199684,-7.09245441382404,-6.37298739537347,-6.39053225111725,-6.7605787457201,-6.74414476455392,-7.27588796929282,-6.59450708156752,-7.85400561885541,-8.09186472686672,-7.31755034147586,-7.35049233635896,-6.03854024033837,-7.07244086565044,-6.12243538476375,-8.30470032540431,-8.07629670417493,-7.52663416684496,-7.13984799190405,-7.6231874032126,-6.97776823244933,-6.75792752538346,-6.39843699058575,-6.7966834001578,-6.7504616697489,-6.45947997456232,-6.68768824597536,-7.49237568265268,-7.8546768238709,-7.10542717750929,-6.33761789594101,-5.83844016437018,-7.17412874425377,-8.56656525379695,-6.74599205111143,-7.28897233366884,-7.61201098721062,-5.81958578329563,-7.75134834309924,-6.85627720678969,-8.19084485418533,-7.29005046079857,-6.36048303957645,-6.45625486119461,-7.75680645030804,-5.82188454244007,-7.87793013890797,-7.94590040036496,-6.36325907738618,-6.67154218294084,-6.12748411480458,-6.87014305234365,-6.95156137345913,-5.20030374690533,-6.43265245981837,-6.87903506242623,-7.30312530647065,-6.26752708782933,-7.47632279792588,-7.74242282400578,-7.55491360457323,-7.75542523624986,-7.32339380550529,-7.17616349427505,-7.27705431725047,-6.64049149398366,-6.5144483947544,-7.38652869848152,-9.35715783629813,-7.06548769072845,-6.4644849507481,-7.29892889132496,-6.63563000656255,-7.45571827153427,-6.72313389467458,-8.16474287775936,-6.71684785436481,-6.22944706648195,-7.16297972668355,-7.54215089131033,-6.28865381957106,-6.29872098437235,-8.13700496756815,-6.3872983264154,-7.00600272252707,-7.45617076341572,-8.3415093260014,-7.68115394708087,-7.44289527877554,-7.06914532624571,-6.55890157192267,-6.66843723474696,-6.34204312970249,-7.52665148985751,-7.55018556595264,-8.15721901688404,-7.00181766014995,-7.87824316616797,-7.57539314614701,-6.94235119271711,-8.20054198965985,-6.22094471396653,-7.36606541575391,-6.85749306387049,-6.5766834255447,-7.52370260102799,-6.98821092466949,-5.83668537088535,-6.3240006133993,-7.3806487065952,-7.95620741372578,-8.82904286705026,-6.99841397675381,-5.68023367240807,-6.67026770581148,-7.19417567892577,-8.32379342325795,-7.75736510382197,-7.55749809810103,-4.78979420860919,-7.3994378329613,-7.72839811644103,-6.45470321625017,-8.06820487487514,-7.05859882283956,-7.20439873732921,-6.71758945863911,-6.94648795786366,-7.56259478377821,-6.79885750737271,-7.05552392560202,-8.22433760761027,-7.24827705502709,-5.491814962376,-7.30649659064193,-7.2534562023679,-7.07661514972447,-6.69623653055934,-8.82938573740324,-6.58771241816932
-7.20939539720546,-7.19366343349744,-7.48475583346161,-8.28273925221685,-6.63689043618019,-6.23519869481522,-5.40127672409536,-5.42217410632012,-6.81067410602223,-5.97096274245687,-6.31970155881737,-4.78623801855964,-6.57768273085126,-5.8424024166968,-5.79885386130972,-5.93121484466563,-7.15641707636709,-7.18253696909987,-5.97688695775927,-6.18867333422982,-7.03354215342708,-6.7145332850854,-6.60984886585101,-6.54324217634209,-7.11742855081405,-6.35282210789119,-6.65047733885753,-5.66078851933142,-5.48590031092362,-6.54846929698337,-6.86298771381492,-5.99257389376552,-5.97169615912387,-5.81880926445697,-5.89336409906545,-6.54150022692504,-6.00522071327356,-6.20719027291137,-6.47196940017629,-6.39560925062616,-5.91540828597657,-6.29044270050746,-6.64172919946032,-6.71779800115762,-6.03513587850648,-6.35927796406136,-6.56193158007139,-6.816576914505,-5.86203302249103,-6.44966468846771,-5.80570047490154,-6.72144852263182,-7.03935090601965,-6.31847959808942,-6.03638235115232,-6.30573600531287,-6.62718650976459,-7.17178041755636,-6.99904173791199,-7.46885894978213,-5.06778965759916,-5.91223454219013,-7.40539819321604,-7.8259409621693,-6.70052198966368,-6.3203671981883,-5.57774092260223,-5.97082455336808,-6.62349872045628,-5.97069658671937,-6.18279964029761,-6.33446813352069,-6.59601752661907,-6.02514619419317,-6.95454743100412,-5.33270461376251,-6.26677834547421,-6.84367262705132,-6.24133794821913,-5.61395490336908,-6.02791848331331,-6.01631468563861,-6.32318488243785,-5.60035392203159,-6.9770374846425,-6.16141197816621,-6.35720422158222,-6.24094252431525,-6.7225205753224,-4.70284904707301,-6.95987133650161,-5.71367773150141,-6.56967810390156,-7.48383371618877,-6.68575904065581,-5.18716565439701,-5.24662603791148,-6.49636311652311,-7.36425644094924,-6.09348165262644,-5.19327779695123,-6.42656729396131,-4.77982777795031,-6.89357671196995,-7.02615211584209,-5.61029296052406,-5.43405002743058,-5.59746134902305,-6.52023472281401,-6.1328660177169,-7.06628255996294,-5.99187681083694,-7.40960143944261,-5.99417633278248,-7.18697704361054,-6.61372606697035,-7.30199602329174,-6.81495420407847,-6.61998752745556,-6.18997367790603,-5.22069431723924,-5.93460577807385,-7.30244641550637,-6.00227830108744,-7.15670508519056,-7.78567339568812,-7.0690678183609,-8.22641207487894,-6.16525728586817,-6.09962987932249,-6.11648422625489,-6.4080356450288,-6.56635842697623,-6.27806888072784,-7.4628618084863,-7.42274742869696,-6.39458910982965,-5.57107389340206,-5.62094253687295,-6.27933965392514,-6.30848499466584,-6.75367659357135,-7.29741454104771,-5.33826290134239,-5.93848473478589,-6.86174232837899,-5.53337952070356,-6.77631004427698,-6.37300478492151,-4.61145792791569,-4.80490344814262,-8.71681629464387,-6.27220028641278,-7.25124185547778,-7.23905020025519,-4.72157873701044,-5.4998750290993,-6.54087499351383,-7.48736309275638,-5.5235376781554,-6.44702186262937,-6.44166483562324,-5.97271782807818,-5.30500527479323,-5.48079844084835,-6.20843494092827,-6.63446915163787,-6.07493017573193,-7.20269658631513,-5.68670274863927
-0.613483003862639,0.685252828084282,-0.210129346875514,-0.583449231699957,-1.08033281807133,-1.08033758424342,-0.535649384177044,-1.13930869586759,-0.441715595576587,-0.457371424968312,-0.808773055936229,-0.883583663536573,-0.0959852750657946,-0.845071411979856,-0.314439052009818,-1.54758912154462,-0.0955862665851971,-0.525658888387396,-0.423630621683083,-0.721739330582972,0.0838670147641278,-1.10814913291166,-0.942445295895165,-1.17166857842039,-0.248966399543462,-1.35130452354427,-0.766944624469971,-1.17904554550946,-0.917278868305166,-0.214548105233396,-1.46214646023733,-0.982518719887086,-0.571345644967591,-0.262464524121867,-1.31221261960307,-1.22072746275779,-1.38237261022331,-0.566804238903127,-0.530060274730866,-0.926610885802433,-1.45515093255593,-0.815268417365983,-0.193455419647571,-0.919375367169495,-0.544255830497451,-1.4572280496228,-2.26844218823852,-0.569324765708723,-0.381676133752847,-0.743900008305032,-1.5344414267615,-0.555503566557967,-0.525743350601158,-1.89665609312153,-1.01822696729042,-2.24733952868849,-1.6259756921876,-0.137694708785288,-0.28027974448679,0.343664601654135,-1.65816411722255,-0.361456875687863,-1.7826543666552,-1.61616675889781,-0.501263858578374,-0.931884739915303,-1.41179257179755,0.426500855412703,-1.52147465901275,-0.276932026598724,0.319225421031038,-1.05386078503396,-0.724649609422125,-0.644088880792127,-1.61877582649139,-0.713707126198246,-1.27564704736372,-2.13897731358355,-0.00476694450895943,-1.25580782364557,-0.043296790872474,-1.00428633862174,-1.58650320769985,-1.79144546325211,-1.86766346897829,-0.075295776661607,-1.23536708713178,0.456796851143621,-1.06703558778162,-1.18102494342882,0.0635389740401331,-0.776352114281611,-0.242074373947105,0.243691807394114,-1.00464655103741,-0.65919932939691,-0.0519535423670251,-0.930235342063606,-1.7555304007735,-1.54340954490942,0.744643860350185,0.174353857345288,0.575568212281754,-0.83666471862288,0.0628244139323363,-2.16700700155398,-0.651655925740496,-0.223091218292216,-1.77505317893575,-0.299320138772553,-0.112362283875673,0.634849336884951,-1.9451275947342,-0.268070425457973,-0.383837120480425,-1.4999560008041,-1.28101356378319,-1.32741164815565,-0.314300728181151,0.155353887979491,-1.43512403816953,-0.979291593117215,-0.888419547155461,0.00799361762500916,-0.0531299660146037,-0.372825125788478,-0.993085740276253,-0.409536187726724,-1.05908276567229,-0.729483111283013,-0.734808620820478,-0.139532611842423,-1.21927167231364,-1.35976381125969,-1.42341212188269,0.55867441586946,-0.733956193961443,0.268797021676958,-0.653946165541384,-1.5454181823708,-2.02714715701946,-1.07745408670972,0.812991776541031,0.178947106588269,-0.825849287999223,-0.782471459216604,-1.41836388236331,0.255430232966562,-0.635399730130598,-0.319427665240981,-1.49675678444483,-0.373499985422721,-1.23898596084617,0.39245855655046,-0.806632630711343,-0.931180966570798,-1.8656176883753,-1.84194318433771,-0.89527661042941,-1.62408568615526,-0.520194979646838,-0.805581973390727,-1.8787101001331,-1.49806448255466,-0.593249570462783,-1.88960337558447,-0.609564978258025,-1.12728525247949,-0.585538083093086,-1.26488058363055
-6.57738287245446,-7.03570511190364,-6.31357491878743,-5.98107824388512,-6.44717049613455,-6.64028195197305,-7.33847910875654,-6.25677615609022,-6.98039301830333,-7.03811615788242,-7.78536425780733,-6.96402051591292,-6.17050682429433,-7.07186629599808,-6.92833837054513,-6.97634628533351,-6.58136436729511,-7.58814801662562,-7.03675853952184,-6.7764699597424,-7.69040812895916,-6.55957403568221,-7.04319014568062,-6.90642818510052,-6.77187168255277,-6.93678573327333,-7.13824130881437,-6.94245843124149,-6.46326482608217,-7.11858467906416,-7.34245878266158,-6.61874920488357,-6.759845858426,-6.29147513591684,-6.66728125697158,-6.76990780156843,-7.14945240073554,-6.68287666779314,-7.30797939248615,-6.08225284524437,-7.17097464396265,-7.64294155654421,-5.9732529031954,-6.95847040807707,-6.2176487564709,-6.94027736559354,-6.7113044715918,-6.8940538975914,-6.33771173047552,-6.90479151784643,-6.28595793573255,-7.0107270752706,-7.05846012285156,-6.80032251633023,-6.94575200369384,-6.18619283221574,-7.17713908751509,-6.99564838632404,-6.81640645140472,-7.58086134602855,-6.52972424164977,-6.56525493334126,-6.63890667761503,-7.5023315460767,-7.58788499846495,-6.80172493712218,-7.19078895532906,-5.07036451877109,-6.35682492262199,-5.79689128971603,-6.98564759233169,-7.89699683781319,-5.98817259633348,-6.94687505477684,-6.51451582501827,-6.49654032606667,-5.97588429151707,-7.14130551761149,-6.05037675078991,-6.76423043411457,-6.98970854688364,-6.7770866312743,-7.21527681033444,-6.16498684509754,-6.5312439911332,-6.20173267477266,-6.47682425990259,-5.1442472688855,-6.69918984943831,-7.22385017825728,-6.45716962940197,-7.25403911287605,-7.78028479689782,-6.50188925921581,-6.24377544680992,-6.70447229583209,-6.57104996867623,-7.00355669222311,-7.37442415665561,-6.60689507937344,-6.78316788424594,-7.37133790295444,-7.17641558922411,-7.18728056892108,-7.19948461554087,-7.23725017658271,-6.42212350479668,-6.78398618866982,-7.00232252206951,-6.3368056010097,-7.15493973773864,-6.20746817911203,-7.10389023565886,-6.57650402733127,-7.61069061733635,-6.54653253391725,-8.11072312308125,-6.74774694556028,-5.82188156592732,-7.58288803184148,-6.60300187813739,-5.91518128495181,-6.72311000735665,-7.10146318280982,-7.30553344076835,-6.61853563923742,-7.49217869352968,-6.5647166149467,-6.54360781953677,-6.60966616510564,-7.81371180810177,-6.48336381452915,-7.12934111403231,-6.70801650762192,-6.50309794537859,-6.12046656102059,-5.80769670938109,-6.10618760820131,-6.04358950335944,-6.86716631406897,-7.01983068609781,-7.60393096951762,-6.55651959496512,-6.09731549708629,-6.435237428161,-6.11662266430771,-7.10180979081122,-6.83836845201195,-6.80781495608713,-6.97253130430668,-7.11193212655296,-6.120251467135,-6.74205179786311,-6.36275727725007,-7.14686940774016,-6.38239329848508,-6.29891829355965,-6.51183237808666,-6.07976027287414,-6.29909484265071,-6.93173254802816,-6.81455829305908,-7.07827563964496,-7.41904352797007,-6.90028282792007,-7.02948571224556,-6.63291765597541,-5.87043593941222,-7.08910193450166,-6.43979195501025
-9.65187855505921,-9.29908435178681,-10.3415157105807,-10.2843999347432,-10.6418568197295,-9.9959251011178,-9.36925425969049,-9.22099156685177,-11.0143773606845,-9.58224011772582,-10.4979141080028,-10.5904613998344,-9.84893202843546,-10.189382221803,-9.36531391544484,-9.4365660677513,-10.1889968815647,-9.97921052515034,-9.59952162398112,-9.51372261937626,-11.0323475710777,-10.0813685234417,-9.81187347084984,-9.84058420333872,-10.8249322137133,-10.0650427382404,-9.60157885650925,-9.01062109096362,-9.1005124153629,-10.0795871503003,-9.48322150214767,-9.18204363683087,-10.633110764008,-10.4781275983225,-9.50196768453038,-9.63136291678119,-9.57945353116676,-9.64325990745971,-9.92471331448012,-10.299844677185,-9.28555242608059,-9.83608928911531,-10.6815993773665,-10.262811533725,-9.11803330159307,-9.91476802207834,-11.1996898387586,-10.3507142352171,-9.64256903262016,-9.68233085872324,-8.90444128765638,-9.15845518186487,-10.1269567541969,-9.30841987984653,-9.86871998112191,-9.32656443872633,-11.5734291230359,-10.2831221290297,-9.85887730374619,-10.3716288047699,-10.4941894811838,-9.21935743477181,-10.5390579099097,-10.2638399251745,-9.01738469065371,-9.78398326713772,-9.24578270742136,-9.16713831874244,-9.75814113609117,-9.3381062424418,-9.18004073814492,-9.50234836785908,-9.52139110534669,-10.0371219141461,-10.616313226875,-9.24289917734779,-9.48397478923593,-11.1096981149949,-9.56350417366391,-10.0059189960079,-9.54815722339137,-10.2468122113621,-10.0828593156673,-9.19855093102433,-9.51855298794801,-9.81024487041935,-9.45350177313559,-8.98582015264599,-9.89236369504497,-8.6730041954444,-10.090349824229,-9.13490320234892,-9.77858201278907,-10.5833775707285,-9.74351733105622,-9.82466852120656,-9.48432763669819,-9.14186505343718,-9.54135790892922,-9.34386972756283,-9.84429867188753,-10.4587136845233,-9.30164592999787,-10.5139357877916,-9.63438661982986,-8.20039650749415,-9.29973617756361,-9.7084996315196,-9.23461133661764,-8.90263671387187,-10.3427860482672,-9.20064010078807,-11.0505838819213,-9.30070855584584,-11.1472102592076,-9.9318308170319,-10.2247267306578,-8.89881612170925,-10.157922692947,-10.3299410610199,-10.1623336861777,-9.38543946168177,-10.3476434867028,-10.2120004861752,-10.1122704988674,-10.5175180289419,-10.540763389746,-11.3727692890818,-9.5974897769315,-9.49681041469141,-8.96418096281066,-10.1091516899937,-9.41997635705327,-9.63056678383683,-9.4903245365329,-9.91718767403593,-10.0496262435278,-8.51285942456417,-9.49292342095624,-9.77072433174316,-9.4697993470558,-10.7327417019405,-9.50226439803594,-9.83809818650909,-10.0897245383798,-10.13472290458,-10.6388987968142,-9.70980271028134,-9.95335220412166,-10.0090311219592,-9.0956049049945,-10.4745911605018,-9.65189158379668,-10.0527381136666,-10.3355338230391,-9.21945027469513,-8.40473346859164,-9.08767138194069,-10.7206327212586,-9.26389553449533,-9.97843335213418,-10.4129803253848,-9.96754376506318,-9.49214943392859,-9.14872731569644,-9.5538427017703,-10.2294049829669,-9.58092823575879,-9.90019899760326,-9.46230162399456
-2.36227060006936,-2.63010008833964,-2.16892881712622,-4.39797461625517,-2.82934378315592,-1.6145819462623,-2.47548405768337,-2.3110789647211,-3.07362413944165,-2.53010193380676,-2.12364625677454,-1.55497546528588,-2.86384870564955,-1.81678006465809,-1.9379126847718,-2.78837042916445,-1.60681766515499,-2.19190170756726,-1.79273605442219,-3.343274210054,-2.30207715862721,-2.62329572521011,-2.50351226509006,-2.25645451390567,-2.79929277861073,-2.48552618930263,-2.16179237405626,-2.38203063896704,-2.06855956228701,-1.66004659345195,-3.42936319939364,-2.38732222395412,-2.27613717841776,-1.55732912418849,-2.15637514982511,-2.36618411999409,-2.62478523399187,-2.26167645466532,-1.83862105168174,-2.48558508869093,-3.07568703712057,-2.41066497343,-1.13981514099302,-2.48216144598603,-2.17472553477804,-1.79360339762861,-2.26667949307523,-2.08833852646326,-1.98300338180916,-2.70336235210311,-1.9621247369012,-2.69535172066107,-2.71010284590513,-2.6744861361386,-2.17584367088228,-2.67400721894331,-2.89325889289457,-1.12519342728226,-2.75002806087442,-1.04436812832881,-2.24465647071034,-2.09999943360097,-2.23348731860595,-2.74717511042524,-2.40541404580999,-3.6269233103389,-2.37559028335523,-1.89473767977542,-1.68411912476638,-3.12060140139688,-2.73547368596353,-1.92882680972866,-2.68809503459721,-3.28810396679348,-2.23625035196111,-1.36574309181686,-3.74583271490639,-3.88473049384235,-1.56600162407799,-1.84460558797332,-0.668269320607469,-2.40781782855011,-3.64987187547579,-2.3386297103936,-2.47442201682683,-1.99616422783174,-2.17583014217006,-1.48899298199951,-2.7635118658945,-1.91945100730869,-2.76316213736417,-1.28240966173414,-2.79548982369079,-1.48736148591629,-2.79516329402062,-2.35296682097792,-1.0727883904114,-2.25018475677878,-3.19442138616374,-2.60911228959065,-0.398678777706709,-1.74349023894665,-1.49824899661202,-1.84745098319097,-1.86514427344779,-2.98761563544588,-2.44865758504019,-2.53647413759609,-2.99993670106113,-3.00363325260096,-3.24378742651796,-2.13203838375968,-3.7836019615739,-1.82435787999896,-2.27641275920053,-3.5045731312147,-2.95158887214304,-2.82303389698189,-2.06693550162552,-2.0704369500833,-1.5714425495617,-2.36553146288286,-1.13247098253418,-1.66060173342852,-2.48123681715101,-2.40947660122347,-2.33239244840232,-2.63491672776091,-3.07574038801668,-2.8634404083455,-2.49378616970813,-2.20865350723974,-1.90764847460672,-2.78508925239986,-2.09691986349012,-2.944637261579,-2.96724781238132,-1.36997351805395,-3.96530824751898,-2.03503151929064,-3.17433090185607,-3.11716166049279,-2.06793692455728,-1.27505507397549,-2.36831944849171,-2.35628965337291,-1.8655788950466,-2.05124615004452,-1.80183183428619,-1.81878053623525,-3.40142515121741,-2.92522390769198,-2.48325461884108,-2.46924545743865,-2.81323685733521,-2.41034441038834,-2.95249936090499,-3.9215866567291,-1.7372038113125,-2.12393128000457,-2.28519761512059,-1.59613341389701,-3.17531323032975,-2.61295288858878,-2.24311660793764,-2.3155226094002,-1.30430760836214,-3.66545077395558,-2.80968306453131,-1.58002530777111
-4.51677887486321,-5.27034513846146,-5.60248202230092,-4.69396073523049,-4.78684427637947,-4.56181352662616,-5.23843127548898,-4.73550576322771,-4.53948478409892,-4.18536739054515,-4.85816303401301,-5.31175201861865,-4.61605360249676,-4.56598335049227,-5.10952541764519,-4.76504696291858,-5.26082465309744,-5.41546600101774,-3.79744951815435,-4.2507919833686,-4.03101666699065,-4.61581043368825,-5.00750641704908,-4.93234768120553,-4.44899786773926,-5.05213199883229,-4.83696495503534,-6.13586204845751,-5.09381992550205,-4.64780948870141,-5.120798494244,-5.16367785820473,-4.18879901918941,-5.19456784091654,-4.69360901419511,-4.31385268067745,-4.62291859690461,-4.52633093287785,-5.16391560974608,-5.56082292673019,-4.49750770512487,-4.84481353936794,-4.68617502512275,-3.71586626132031,-4.48598040705588,-4.93856825194524,-4.44918450132389,-4.74741339171587,-4.41537561387841,-5.2359981523774,-4.47704552280454,-5.51732069562,-4.52655538147292,-4.50929889427493,-4.92312757278699,-4.81847919114334,-4.87932568843442,-4.12178636005015,-5.01360718872013,-4.58266327990879,-4.66201435182634,-4.71499507075472,-4.33825565699903,-4.63105063258212,-4.80937192448765,-4.70833185815465,-5.62962770918511,-4.59945511178435,-4.92223787459419,-5.07473593310652,-4.7509093482857,-4.24168120731557,-4.08466773582192,-4.60043542036655,-5.20509162114967,-4.46898602654039,-4.4756694449486,-3.87572921733208,-4.0316046684365,-4.36343881252352,-5.66399551892222,-4.73497987294015,-5.57882485803306,-4.86306697159814,-4.32956033001836,-4.82569457294046,-3.8681957298537,-4.12977301288102,-4.67134893507871,-4.40248662066239,-5.33272678921128,-4.85179834254256,-5.79388837706647,-3.81764560810511,-4.61543988883877,-6.04652753263521,-5.0240710399792,-4.57122008277602,-4.26453916859914,-4.83184209883408,-4.96914771729718,-4.04466324889581,-5.37171475649277,-4.70648020704996,-5.38987957071234,-4.69384180148321,-4.48134815410865,-4.62111598044039,-4.74644393931638,-4.88072355206608,-3.9511558918993,-4.4203770089043,-4.59083287174068,-4.17220912453099,-5.54505860899241,-4.49739410927561,-4.43880189036722,-5.22449114489141,-4.50904634701288,-4.32883858061324,-3.55518705285635,-4.39982730133437,-4.52179374210687,-5.33074616200328,-5.43615383786156,-4.7721986209458,-4.35680626655448,-4.89058598816285,-5.00415075920534,-4.77165670710645,-5.65789998233156,-4.22620539936092,-4.69545654760234,-4.50119624640361,-5.27847722132262,-4.2728794030861,-4.44443404749276,-4.34813298892935,-4.58643749144005,-5.28134672918361,-5.39332812665415,-5.11021631669602,-4.394190047192,-3.69180909043185,-4.62519260763535,-5.24321506559164,-4.62473211730177,-4.57978998178591,-4.39597807848075,-4.87842572954909,-5.42516363177678,-4.58102468609992,-4.61056182978639,-4.31829454119673,-4.28296721723271,-4.43362093439498,-4.0832305468179,-3.78001310546537,-4.74355603473593,-4.03993825112302,-4.66464879340848,-5.61360574491725,-4.71264310390299,-5.12803522626853,-5.35445969447173,-5.31641384325452,-4.95335027334727,-4.49238949347271,-4.95533300086527,-4.90131013006918
-8.68561274175617,-9.08032040698978,-9.38914400106155,-9.22356018661969,-9.63844730853401,-8.93609714620189,-9.2278796756751,-8.88286753596113,-9.42210519108387,-9.15596733854004,-8.40734033656715,-9.24909964059851,-9.05070766455356,-9.53772015825161,-8.48130820059643,-9.19151681219985,-9.55149465234109,-9.95684830794884,-8.3651307658746,-9.15484466251146,-9.08836526940513,-9.40646562527972,-9.07738310026049,-9.5712761651615,-8.93323073388749,-8.70576832837015,-8.95515336597865,-8.90766548281112,-9.22075797107513,-9.76447169169639,-9.82925254458046,-9.12369159127877,-9.36009020480955,-9.10044414985311,-8.69062632871379,-8.88922205032853,-9.20951978579028,-9.00764939826526,-8.86316174403876,-9.32827955598707,-8.972861535061,-9.34585882209506,-9.54853773199541,-8.78633540577651,-8.79619523136268,-9.12971475587874,-8.92507665979861,-8.44622001415265,-8.86520351192824,-9.65120248932821,-8.08866451563637,-9.5621011388645,-8.6504480877978,-8.77858782616366,-9.28518372700653,-9.62762044160079,-9.58887585309019,-8.74938502945415,-9.42439838839945,-8.56651970280482,-9.54135757198907,-8.60309996192784,-9.94672384524977,-9.21621927482529,-8.9269973755127,-9.13456802585111,-8.17801914213705,-7.66422031331113,-10.1387582047556,-8.9448860102251,-8.78217800134996,-9.21585163397519,-9.22599326756933,-9.37205842257483,-9.2402409670708,-9.43616714847872,-8.78082959771809,-9.88114738519084,-8.60216023714211,-8.44509564145386,-9.09422207842889,-9.62301981371057,-9.78333029161561,-9.32337556070566,-9.95628149083007,-9.99134581821413,-9.36298746735376,-8.6002541535296,-9.05887211572677,-8.32370843531932,-10.3998937303302,-8.18416092619482,-9.5018088160444,-9.99850338394426,-9.19231288795707,-9.24637041360258,-9.1651535116348,-9.04946574349009,-8.82109374182709,-8.13227052436211,-8.90036843973019,-9.03005014606062,-8.56756405708613,-8.81234057084906,-9.45400427021202,-8.96817754125236,-9.09239560413001,-9.01806685522144,-9.31644690018193,-8.63705799083959,-8.97666044112503,-8.51276258739172,-9.13418171287711,-8.76677507555043,-9.48258420966628,-9.39462216265279,-9.56906343989369,-9.57742480440407,-8.67541101941752,-9.9190913289619,-8.04022844538586,-9.25227489242173,-9.72774720144633,-8.03035466981298,-8.527400989462,-9.64242540099492,-9.34427974462246,-9.42934118310978,-8.68270546927405,-9.04618833222215,-9.55498138786957,-8.5162663765274,-9.52824761285319,-8.1160642413791,-8.96990864390131,-9.00749211860916,-9.20173114214741,-8.71357081533918,-9.17789344604688,-9.2185323452517,-8.53233768206658,-9.55387017199919,-9.399526111662,-9.13485276466286,-9.61507065198581,-9.03265042820553,-9.69272329780549,-9.00059386943063,-10.0209958480168,-9.66838429728938,-9.56769929500595,-9.71690119366645,-9.07836679204661,-8.88005625580132,-8.6807281807897,-8.26375576147075,-8.29097843250049,-8.19583609067423,-10.3229554243606,-8.67651869461128,-9.05121202693655,-9.11854461422075,-8.88677402700658,-9.02640809359728,-8.74144798239398,-9.21657456258767,-8.93705671690322,-9.30407975887993,-9.10597682678201,-8.72019034512607
-5.73252891429437,-4.19520275462552,-5.58967552567301,-6.11561482443087,-6.10596333600597,-5.9922416486196,-4.2869825380406,-4.74546143275911,-5.14582885589975,-5.71405235015534,-5.48417552447387,-5.31977136266651,-5.18496143387605,-5.36483885409456,-5.32536024322319,-5.62904186902464,-4.43165434673602,-5.00605454024507,-4.63878948476547,-5.54154064776094,-4.52819560141562,-5.83466385458511,-4.95749287205762,-6.94858665450213,-5.48406598771716,-5.13460467720081,-5.5051786297421,-4.74143480113809,-5.53590956841699,-5.40038756396796,-5.68512203040058,-5.41193949927642,-5.38113245578298,-4.22974180529586,-4.92124873375423,-5.60329726015313,-5.51050574055854,-5.52834189597241,-5.39881319434244,-5.22008076545346,-4.53952978638535,-5.20081610462531,-4.76778073817411,-5.96089568585355,-5.50166912255894,-5.76486571985546,-6.58478050371794,-4.95555587833983,-4.4885941629016,-6.07798223463443,-6.35858045912864,-5.53661744765666,-4.99849093405999,-5.55103368162762,-5.44111319472486,-5.88855394494767,-6.21403537384429,-5.55042876727084,-5.21468554186203,-5.21084688668447,-5.82985198462986,-5.05085019376759,-5.35367344834526,-6.13519968915466,-5.2843267344765,-6.06291289254829,-5.46484341753413,-5.78409835308307,-5.13248927108203,-4.93889175280674,-5.47311074339943,-5.41892346763039,-5.89033922017196,-6.0698128312007,-5.66593350561339,-5.15277098257449,-5.39177905033073,-6.09712412727698,-4.98992842212041,-5.21300438679605,-4.61259301761178,-5.63955069322042,-6.07151681921233,-5.73791279554595,-6.59755965321681,-4.99808400488709,-5.20847261856587,-5.09339255413499,-5.80038423866428,-5.82711646876557,-5.00901735548437,-4.25868390855528,-5.83191439496655,-5.63771704681321,-5.53784473965094,-5.56084354638716,-5.40031408879329,-4.86719472665352,-5.778783562273,-5.73793533372373,-4.06454895653073,-5.30653509567331,-5.34609482724327,-6.1709865221166,-5.02720858215464,-5.99374814148411,-5.23986638983894,-5.49786490234041,-5.73682917995312,-5.51510114079709,-5.34518167299671,-4.63176337926483,-6.00042128552525,-5.52391431667813,-6.29053721654867,-5.70580878736205,-5.44906815715021,-5.59975115217497,-5.2980118418682,-5.50664017194847,-5.18910292160789,-5.24951793472346,-5.04393918150984,-5.09455513115996,-5.5873895834922,-6.03780910083517,-5.36736531638987,-5.96186579647631,-4.95945753262378,-6.29085820282315,-5.54585024547342,-5.55312766694692,-5.47823127589339,-5.94533221319372,-4.64830815034472,-5.25912505459376,-5.47488567453332,-5.86171696342003,-6.38691099782757,-5.32917428521765,-5.43421015568097,-5.12541238033137,-4.76377680988301,-5.01140914413179,-5.10751320228374,-5.07342569679722,-5.00266451714632,-4.08977227908311,-4.93223299051559,-4.60834174552956,-5.66020543168563,-5.52152294628272,-5.48120618314695,-6.13703894880381,-5.60035391832056,-5.49921326330674,-5.06524805752814,-6.47916294643635,-5.012678562301,-5.87064241011302,-5.86023286288877,-4.93055879516298,-5.67707766678216,-5.71707668738344,-5.45102888747183,-5.48742173157413,-5.23949721715392,-6.66110969892376,-5.76256364369586,-5.23155711557966
-1.33633805157985,-2.17628560863243,-1.56638245456132,-1.86151079995305,-1.93822380976354,-1.87266370605528,-1.26003696544075,-1.93371391320625,-1.9202265026244,-1.46458039899406,-2.47171494646944,-2.12216638517379,-1.82837313494605,-1.90071891086174,-1.92852942486564,-2.03546906690892,-1.35072879543871,-1.81443710935517,-1.44471940964657,-2.62755182711039,-2.25356699962787,-1.91677063357129,-2.09115259283598,-1.97894034649403,-2.3519497996194,-1.78967808256153,-1.85750709153185,-1.79873449495726,-1.85438913848064,-2.39146716811425,-1.82335043593098,-2.09849864248846,-0.977619220453898,-2.09039501042152,-1.93173023344955,-1.78513084153761,-2.06924554379728,-1.29036205766169,-2.16513203023027,-1.71021092335459,-1.72263258525886,-1.46825281036061,-1.45610974223381,-1.20261135826452,-1.64707912425475,-2.3997778141255,-1.95389821818782,-1.95019427641003,-2.45452381624756,-2.16486820127786,-2.32686279048511,-2.00401568279699,-1.83943081650401,-2.13553003324151,-2.21485105947955,-1.8639460158194,-1.65603382603188,-1.9158605268033,-1.96437099826641,-2.51284958329759,-1.54694555773128,-2.07231551537499,-2.11421891799368,-2.25659959254096,-1.9794455881768,-1.74559388027456,-2.37650634362082,-1.84297770777017,-1.98672318592358,-1.81336383729484,-1.97096426932164,-2.01314943768253,-1.54767132413585,-2.01700330782587,-1.39791551309825,-1.71168089224505,-2.22627761428603,-1.95452873419972,-1.71107544883746,-1.74067231897964,-2.93340669957428,-2.25416242384937,-2.32196295713051,-1.93295823529853,-0.969101501662528,-1.81171279175683,-1.40382392491256,-1.37014520747484,-1.84404536730396,-1.90907172365468,-1.8496395824255,-2.41900905266892,-2.38304874043312,-1.60272590331853,-1.27353409381846,-2.0434397564461,-2.55824978627866,-1.86130028762811,-1.98584260118502,-1.61264590157774,-2.31047219227736,-2.57911219152923,-2.11751156260147,-2.24253806407942,-1.97084575160287,-1.98736344631155,-2.07462298532667,-1.68633923276212,-1.61472573830346,-1.92923348898325,-1.68247280176633,-1.74182740760981,-1.93501261752564,-2.62104180240263,-1.84234637340438,-1.50858464358433,-2.7280335284514,-1.99929972670163,-1.34089737126221,-2.18303167885951,-1.57740678623783,-1.70561115313234,-2.37818526630722,-2.26092155153535,-2.51423639657454,-2.15968259383474,-1.48181748237861,-2.23966379706197,-1.85369305653742,-2.41984457456025,-2.66087760127601,-1.80709587256986,-1.88280676193195,-1.57493938617448,-1.96434265096107,-1.52107680854248,-1.47247766221327,-1.65182012212153,-2.0029841644048,-1.23952699011481,-1.01595908915896,-2.07272376279792,-1.88866388031256,-1.3077150955858,-1.89784523962074,-1.34283527903993,-1.4032824593872,-2.16623769011278,-1.79886553935732,-1.7727452833587,-1.98889850998299,-2.208509056635,-1.60654663948647,-1.47004060701484,-2.34368345888938,-2.09691095678061,-1.09048437258547,-1.83662634033883,-1.5992924114354,-2.25886178979634,-1.99553449529542,-1.97232186013192,-2.07402636919644,-1.65539198552735,-1.68771778675926,-2.48208443223883,-1.93027690917049,-2.09269560260029,-1.86058138364535,-1.93875631486687
-10.7917752577485,-11.5030185757666,-11.2318534037157,-11.6990474859355,-11.5863254424115,-11.3450658176521,-11.3792693173849,-11.2984774575267,-11.5600036204402,-11.2037454662757,-10.9063088279401,-11.2793899696551,-11.4962704254741,-11.3143980122686,-11.6312075456475,-11.1048900432257,-11.5742650116538,-11.5950030651509,-10.9737944079956,-11.6227803711103,-11.7090507927477,-11.3314293973073,-11.6846531003078,-11.3319425403919,-11.9829462989684,-11.6345809506868,-11.363594734915,-10.9282233255275,-10.941995124301,-11.3229371941088,-11.4464899971797,-11.8109323455382,-12.191169948234,-11.3151733831783,-11.2318774153992,-11.8472138011617,-11.4939230284668,-11.8701082213591,-11.6316678902381,-10.8155063893383,-11.9039240961527,-11.3176823467017,-11.8929703441587,-11.2215545272595,-11.4381317759413,-10.8383525630317,-12.4130536795243,-11.4268075551879,-11.4884155428811,-11.612083840976,-11.6827964252231,-11.0240338931032,-11.7803878822891,-11.3945349491222,-10.8721292779499,-11.9144022400075,-11.499094450406,-11.2570821888218,-11.3885052844873,-11.4035692913854,-11.41962922082,-10.9853709923786,-11.6267117547593,-11.2836217348854,-11.0944767356976,-11.0582736620538,-10.5630324127437,-11.5022395556547,-11.7394683236486,-11.4705772953303,-10.7176731208073,-10.6457454404649,-11.6117930943992,-11.6077638628341,-12.1141145738748,-11.729207686184,-11.3667490581101,-12.0304695534514,-11.864893187968,-11.5791824150106,-11.4351539925069,-11.0524873840906,-11.3614599598332,-11.5047488460441,-11.5049375796057,-11.5817308868331,-11.0916111154398,-10.7900508438549,-11.5231920575978,-11.1551486236385,-11.2771018645907,-10.9907855003745,-11.438087563449,-12.3384431295803,-12.0374524067525,-11.5077869816449,-11.2624999344166,-11.2416973696501,-11.5323390420006,-11.1479024135428,-11.7435035740866,-12.5558930687074,-11.6232241005537,-11.251637287665,-11.1104648337623,-11.7050730825582,-11.5998494053741,-11.8054576567342,-11.6473962252982,-10.8858540083285,-11.433963551673,-11.0055955017365,-11.4725626650515,-11.8504950870628,-12.1281986945428,-12.0346081712836,-11.0843590379803,-11.274046999315,-11.3191583874057,-10.9199515747323,-11.2423441265222,-11.5814232254814,-11.4826947817317,-11.6385363285376,-11.0883716557756,-11.8976290736288,-11.8952606303835,-11.5961002886976,-10.9002177455006,-10.4653845025819,-11.7342473794893,-11.944254868452,-11.8278552875946,-11.4073047566601,-11.2319519424163,-11.7455158169397,-11.743913784282,-11.2228218945658,-11.1383104948076,-11.37154582994,-11.654895664415,-11.4933839082072,-11.3352397995745,-11.5288660319125,-12.2409914197419,-12.7516091983664,-12.0419239713501,-10.895286048452,-10.9978917748119,-12.0585519148697,-10.3901573887594,-11.442794302137,-11.4200147117707,-11.2152000444225,-11.3313697638315,-10.7587718645743,-11.0826095891887,-11.6507383979141,-11.7070949552105,-11.1672934047866,-11.1127767176435,-10.2409416403902,-11.3513663820015,-11.3594736624851,-11.3346872893481,-11.6722812932105,-10.4846808166847,-11.4362851911513,-11.8530197831905,-10.6574744050684
-6.98105500358905,-6.09947554407255,-7.09392659400588,-6.8577042143854,-7.08314041231501,-6.65192734304449,-6.19784340600048,-5.84581230890505,-6.78003167711629,-6.71076101475447,-6.11725621651436,-6.33006483938543,-6.62330202150087,-6.40681186913051,-6.88968501309809,-6.93326287628015,-6.78324401407474,-6.84527502738471,-6.37802306160354,-6.17016856026703,-5.88991132274618,-7.41872898566535,-5.68545657081666,-6.63933459544403,-7.2270120608593,-6.97825108991364,-6.37293767654538,-6.60975783982996,-5.84402074605636,-6.48731304867413,-6.79528830713247,-6.07657592787921,-7.36559294981269,-7.15445742547791,-6.39294169414805,-7.12710538897599,-7.2737824663401,-6.59375708862893,-5.31157872836214,-5.60427255310391,-7.1722449007206,-6.89543106471227,-5.64699224657641,-6.45616771256404,-5.75534970380467,-7.18494213047471,-6.34524404181265,-6.43134156487597,-6.71138739288203,-6.4818214156517,-6.77859764708077,-6.97421231281627,-6.28193523045484,-6.1156759393075,-7.31631130542821,-7.12564452800391,-6.90685772225845,-6.76556496406625,-6.64555680123671,-6.8073303517229,-7.55413001856031,-6.71507626199607,-6.68907532538374,-6.46916266102059,-6.68330348709864,-5.88150862452992,-6.35288391089139,-6.93941049187308,-6.4406373803018,-6.90140250619899,-6.04759314624014,-7.5091000516976,-6.36056198155946,-7.50715901340305,-6.50700101884268,-6.83342466152657,-6.50144901759654,-6.53733551044317,-6.5250692107284,-6.43482332585596,-6.0234875145269,-6.68586937828186,-6.45906857778425,-6.74165952741384,-7.57500071218831,-6.65070907247087,-6.60138340314892,-5.52955048942652,-7.33281758774696,-6.42740885108035,-6.30107796371852,-6.06729802154321,-6.66854828951038,-7.19828769026158,-6.91243755537542,-6.16427862511171,-6.5188385508023,-6.94616976642451,-7.34139710978535,-7.04328531976364,-6.79537793008689,-6.15262044255212,-6.16940431091538,-7.3807944002491,-6.27713240719348,-5.50086758888565,-6.43537155572963,-6.38411891893648,-6.2567677796487,-6.46861098669911,-7.21577627919576,-5.99381483166203,-7.38553613383667,-6.86572397846755,-6.75563978331419,-7.17790543009771,-6.04076898401239,-6.33990335320071,-7.03592002330876,-6.31742181011212,-6.9528477730885,-6.9569834142663,-6.56730093103596,-6.77447754012644,-5.79930684626338,-6.55476766597932,-7.77169959670126,-6.56733256072467,-6.49140787098759,-6.85438103435806,-6.07083361683537,-6.08851297120727,-6.77320158066893,-6.66333264912711,-6.135259937589,-7.11030448815721,-6.25113256335891,-6.50468031626704,-6.90978003203609,-6.2486490520529,-6.49460286763035,-6.23214724172259,-6.14605025774391,-5.50531612284589,-6.02297882768738,-6.63389713567191,-5.24890835912,-5.40189321967082,-6.61527761089069,-6.17145027496327,-6.48621742132444,-6.45555070557485,-6.48222533244523,-6.15549724150912,-7.01072678957993,-6.31099388574683,-6.29126225742352,-6.86834218850135,-6.97792099730421,-5.89480639979837,-6.79389024000811,-6.41479356953117,-6.77631452751607,-6.47465521351447,-6.29156118814677,-6.65118943609175,-6.68656878106442,-7.08671443892363,-6.4950051589582,-6.49997510151858
0.639626761597113,-0.863389040224777,0.40086041292049,0.541485354846709,-0.179848118468116,0.829101783840863,-0.290452767647068,0.748655517251328,0.794802897190901,0.45611503305265,0.478967067037172,0.185825037739384,1.48798278270204,1.09056303692535,0.320432178781582,0.468462702237348,1.14687079124759,0.424890487966807,0.943116681410674,-0.030151698516021,0.560311282404622,0.561646783333803,-0.565085070672407,0.978496467311075,0.387048666180868,0.0891299068099973,-0.106643116269918,0.739646452808956,0.917304996134515,0.486326648779118,0.39138478742243,0.896807975082065,0.92779339450593,0.482210521537091,0.54064864817426,0.573904512529463,0.485740514190015,0.569297045999295,0.257846023949245,0.00650430768818089,0.288458160810911,0.352404076809062,0.942730601926113,0.48927748746554,0.571185097322102,0.678690460143349,0.531384868457094,0.135985577625732,0.0439614462892966,-0.0478138403531608,0.680829600152271,0.882612197128122,0.878734792550111,0.709713730857822,0.88034033122978,0.089238424469395,0.570194419320658,0.285818087055765,0.27236264054249,0.214353972312414,0.521950809935324,0.263977348864657,0.698492097945612,0.718104463263719,0.296453498763654,0.230408448864826,-0.347093825341949,0.373508556346579,0.793911536832702,1.40261636275908,0.413526474606147,0.650372437050936,0.278982466865543,0.524733242560952,0.299001054235184,1.02546696358184,0.802630573785678,0.666330203229908,0.930670161333698,-0.528101765239198,0.307813442077869,0.264922969886124,-0.549952421000042,0.612586315876043,0.516461054916772,0.93601935686745,-0.11152796784458,0.936595400070775,0.868017780755782,1.11543137906285,0.497347616350804,-0.465355073921122,0.182108472603857,0.893655253161813,0.684472661394522,0.944194471507247,0.729801179243337,0.347779913190238,-0.275568729322334,-0.13204096731771,0.447059520900369,0.156625619181621,-0.33645983251835,0.919515367186992,0.356525706099282,0.239280029669985,0.0400836250508981,1.00471523114771,0.853645297048656,0.514231735733244,0.342896991834614,1.05300697072029,0.0689534724985964,0.547211556243998,-0.100540604722423,1.10088654492241,1.17881076739945,0.461076095476721,0.879733298023676,1.1081927309502,0.466184812403901,0.50117552806759,0.969851754515818,-0.186184420055916,0.462099074414582,0.883835157838855,0.13168160079882,0.61500752694007,1.02632310417351,0.987997098572841,-0.0306355761512118,0.632504760421686,0.125181102950625,0.492602691610847,0.335080309401841,1.01535510828678,1.25445582517857,1.47915361285839,0.777661015620729,0.907820345754227,0.778880008412406,0.631000973992976,0.583657563812039,0.709274464028045,0.433349582682233,0.607924009411102,0.176291192890379,0.652063107526443,0.162622017585091,1.02697173920831,0.0792979155973073,0.380688720751442,1.01331624161627,0.652968124250982,0.583409948955861,0.800449726204206,1.03574414569631,0.42884686709728,1.21362340553963,0.08934227462873,-0.322994461203551,0.0146012026240889,1.21912130502988,0.909821097713083,0.305275200934303,0.239497062319276,0.151920311152773,0.405600229063479,0.414168145797604,1.01565154545874
-12.5145103864266,-12.6113419734053,-13.4603600710619,-13.7253168970407,-12.9842487210432,-12.9101109141849,-13.4719675637894,-12.5362507114056,-13.5495521699818,-12.5162711399648,-12.9177398184365,-12.3681000783849,-13.2651147864647,-13.3134886235961,-13.0996224797008,-12.5882321132552,-13.3628712433903,-13.2952136052395,-12.6016220044251,-13.1865530059515,-13.8237623582348,-13.3987139902011,-12.9023030257298,-12.5059625571867,-12.6485096052424,-12.7881147052762,-13.3264659238386,-12.8806200039321,-12.8532317363356,-13.0802378357667,-12.8016308873809,-13.5209504986272,-13.0369239410699,-13.2510131315135,-13.1326809921698,-12.9246547462132,-13.0109367118653,-13.4028292545864,-13.342508795052,-13.1976253790768,-12.9836975411573,-12.2478597983361,-13.2752048487373,-12.8822939864375,-12.0233604763027,-12.2746593815927,-13.5902325954627,-13.3743554148696,-12.3085629460452,-13.4682636898866,-12.0531250879313,-12.8931542353416,-12.5437914233634,-12.8582688172275,-13.1702245048142,-14.2436072886103,-12.899653354557,-12.860022887528,-13.154677897308,-13.0996682547235,-12.9476311118677,-12.6794324639771,-13.5716728359706,-13.2568551892244,-12.8561617609358,-12.9862862972434,-12.1366246094733,-13.141422187041,-13.0403108491392,-12.813194567253,-12.8245006542964,-13.1976854882364,-13.7268962661818,-12.8816234435235,-12.8925843881443,-12.8416259324449,-12.8057663829576,-13.0197208818039,-13.0606429226637,-13.3077697548226,-12.6419903134703,-13.0116166838702,-13.9162903013801,-13.1956485577997,-13.461863110204,-13.2227085998572,-13.3068722163724,-13.0470325717868,-13.3301615257886,-13.1593888871065,-13.3817615935092,-13.2217599603846,-13.0703411814863,-13.0031782816399,-13.0882239965515,-13.0455522041429,-12.9104446133405,-13.213153215226,-13.3886012299759,-13.8396657718301,-12.765042859063,-13.1737994705537,-13.2272694367906,-12.9356605417659,-13.231619175998,-12.4786630469922,-13.4648821332422,-13.7801572581698,-12.3684315634387,-13.0765778537439,-12.8693924162734,-12.6400829162755,-13.8573069990157,-12.5478712265761,-13.4211259041724,-12.7277553515987,-12.4480886617239,-13.2249663055281,-12.9545454909958,-13.6122529176999,-12.3902717802218,-12.9191297425416,-12.927029264727,-12.3134375148832,-12.3196771444749,-12.9850521695801,-13.4786992706231,-13.8164969814013,-12.7870851891422,-12.3077422125949,-12.8120169111002,-13.4178898214622,-13.2837283081842,-13.0699812130096,-12.5305498089504,-12.978832536033,-13.8032716247943,-12.0470451993205,-13.1882552668869,-12.6452283594332,-13.100929577735,-13.2346354610057,-13.2545023442933,-13.243785199877,-12.6133566107426,-13.5307656776431,-12.4339771322206,-12.7415977184701,-12.3070681012704,-13.2026633191194,-12.4678244509565,-13.3936500569175,-12.6102785329384,-13.0750836546338,-12.8843810778545,-12.5652239799116,-13.1225155489671,-13.0985583729511,-13.787383566486,-12.8283474726759,-12.5965442916202,-12.5259663069259,-13.5716124187419,-13.0494421124504,-11.8966864457914,-12.8957899323229,-12.7738700774966,-13.0531403145042,-12.9113725236552,-11.9494121636133
-3.81947994754039,-2.77358571336555,-4.42084158685341,-5.26196655418131,-4.29687919729749,-4.39944236120659,-3.08482507261493,-3.80570138157824,-4.97218546903057,-4.24200100938017,-4.60495696642827,-3.93797712553212,-3.38275014127008,-3.88308955179943,-5.19415282952438,-3.85100563213931,-4.45481302195082,-3.6463251582801,-3.6157347040588,-4.3309783840892,-3.9429838360533,-4.14032946684504,-3.59943426825422,-4.2874795678142,-4.38948148863797,-4.15767159872374,-3.9637411176061,-3.9405375262064,-3.80903757628698,-3.9825745891657,-3.35156848009315,-3.20062396381575,-4.35574978817282,-4.590238474505,-3.98480986090431,-4.04725108711725,-4.6804964316,-4.18917768743254,-3.00120387813916,-3.76170745459501,-3.99904370929988,-4.33192889498326,-5.23709109041472,-4.22577021628145,-4.16715881363065,-3.35800296354122,-4.39903138360028,-3.40231647196454,-3.27166245285772,-4.85239104170521,-3.52446189032902,-4.30939188145779,-3.52060468502291,-3.43747680415532,-4.71433640098081,-3.93521288953999,-4.40439943905898,-5.11676059877765,-3.74707295832282,-3.1476945292576,-4.66001965273031,-4.15299049319124,-4.32743801637557,-4.69918910112531,-3.45431112689786,-4.44967145513883,-4.22261636273184,-3.95113182083594,-3.47315136928489,-3.81107426588331,-4.37850983727084,-3.92901298215666,-3.58392473634775,-3.70739444186807,-3.47918406810561,-4.08269228985793,-3.58100741675475,-4.90786318951254,-4.37169059547687,-3.77676592710926,-3.51127417646527,-4.60246438615492,-4.96703294625782,-4.50669820251981,-5.02140617680429,-3.88890322247434,-3.18468033578021,-3.91249446930049,-4.14326256322243,-4.70090326625742,-4.16794408328917,-3.87274075367672,-4.5135891567999,-4.65621797112844,-4.62085306673455,-4.16923648536006,-3.9875002376612,-4.5262659110944,-4.68888798774838,-3.59965469042635,-3.6838097528794,-4.11550627007835,-3.98536045719913,-4.74640124220723,-4.61464060443165,-4.22055021359891,-4.39392349793646,-5.01529114322394,-4.12330985511591,-3.97219128766751,-5.0332867032681,-3.71404694999612,-4.4587772318554,-4.31287443259436,-4.34735855711188,-4.31357764251961,-3.77580290476091,-4.12985051187135,-4.62824677435133,-3.13374680709575,-4.09326647249556,-3.79108044399067,-4.88472137418408,-4.33913418395714,-4.56434509376942,-4.29297192266246,-4.5321073818766,-5.1900152782626,-4.33925234060856,-5.22191281501608,-3.3576726609583,-4.34643027694072,-4.27943626506244,-3.84546518388984,-3.46210071682231,-4.25520870613454,-3.90896255254292,-3.38084578967375,-4.48529966955685,-3.89067064600476,-3.52986675417153,-3.26765405518496,-3.92373457897906,-2.79031540226958,-4.24146632322281,-3.58885206354713,-4.03554970255587,-4.30855585190107,-3.75379577515818,-4.28230064975388,-4.37219594515352,-3.77911189480491,-4.11920887551473,-4.02647063331707,-4.32144041725664,-3.92653101646104,-4.49788257309444,-4.82306991526959,-4.75338300279041,-4.31783834889174,-3.47078660572558,-4.28214049424286,-3.43366234590636,-4.56837262812374,-4.0704856003016,-3.11213023294155,-4.82620770898792,-4.77274114297642,-3.73076724539616,-4.08130103459052
1.40127521509725,1.81630932953972,1.69837167696542,0.754596096714558,1.58335816011052,1.20343861483251,1.45352127209156,1.30279216031581,1.13790577597258,1.53916595202955,1.39208542648789,1.62774391449382,1.54700422160761,2.22728804139352,1.04272007971037,1.10148038295033,1.1954368566507,1.44328695444383,1.85852479072757,1.27409768262172,1.4828543635065,0.628428121819834,1.93845771454932,1.10307220149019,0.198261199565446,1.82854417775755,0.977402110647085,1.20854647134035,1.01105107554304,0.990850490618498,0.803205430067516,1.17003483166291,1.65989409368723,1.64398146125862,1.05997835763087,1.18340662802994,1.1363638012837,1.61804514583216,1.94254217825269,0.906241296580867,1.00876070867775,0.871052598690472,2.41726281814588,1.36961700562625,1.29904395724025,0.924240698255491,1.33522189246548,1.06301302122335,1.43129575516617,1.17029603543246,0.758650361721919,1.28360672911282,1.79278678905608,0.809165884465519,0.720633621355267,2.52848562110187,0.842212375996567,1.1795488879296,1.19254568829213,1.11829442993188,1.79364285849181,1.72073529434579,1.43191573064166,1.19698988692279,1.31210965672938,1.21827359756247,0.86845081510493,1.93299857230335,1.31953373244793,1.3305376039762,1.31951971146621,0.923372750585927,1.50827225592342,1.39811727195759,1.18223410703325,1.62850608074004,0.642793837809096,0.459114067430162,1.75777436256242,1.61358677361811,0.544904211815925,1.21180706393491,0.718914828339245,0.397505569869056,1.83562704597875,2.29199851159215,1.88138145554101,1.53465882877399,1.06056389245869,2.02847398940482,0.979296960622407,0.790712474325963,1.00775523192441,1.6134268609904,1.31155651491796,0.213028948292838,0.787836857946857,1.22870631162626,1.77451372867007,1.29671507449185,1.3993123456017,0.628737597103678,0.599046089366937,1.54406797236277,1.42285480107779,1.63440176016353,1.24304104889557,2.40043727582947,1.53677109583369,1.36773984711049,1.17306844372207,1.67094876502004,1.2248217427238,1.7122113532076,0.62879897145047,1.44282477594884,1.3644658507735,1.44563299784132,1.37288394566986,1.19211401625496,1.11802257371003,1.74606495240369,1.92838622470788,1.46396834102482,0.522586006075224,1.50218228716545,1.05162769037788,1.67498306645869,1.13144101718439,1.60080959151808,0.336624941917226,1.9128221447279,1.20818558763737,1.52567114383808,1.67278075326083,1.20402719388823,0.883405639636633,1.72442135705649,1.339830655263,0.671122721432777,0.924118674352068,0.217061095172425,2.10882019558682,1.91885168641921,0.668876014045237,1.42470983794618,1.22874359470885,1.22404259682774,1.29111161901452,2.03518998681325,1.31944306579213,0.827635252480049,1.23768697392859,0.362053921734797,1.0506556186909,0.974036126622782,1.94682800290269,1.57891141833335,1.89461965650623,1.79162285458766,1.2464063195596,0.550028385142432,1.07359355594133,1.15292432734399,2.04703001148091,1.292312145342,0.868356427964938,1.25675482344845,0.647161088136061,1.27748719645398
-9.57627848080124,-10.1114059232503,-10.4103124886274,-10.4071300022502,-11.2354745257341,-10.1002363243281,-9.67382648863613,-10.1095320173193,-10.0112314709849,-9.77888780463574,-9.58486240567619,-9.56637076395336,-10.027667394855,-10.2490714212557,-10.5046084045754,-9.50474023895527,-10.4878936545888,-10.4079507279032,-9.3936710685958,-10.1796569250848,-10.3602257592594,-9.28211652906953,-9.22379514669065,-9.66075626851136,-10.3400300283332,-10.4977906727965,-10.497389685494,-10.2358095155991,-9.59222678428702,-10.0916518680715,-9.6601274464087,-10.0586304407164,-9.87998452941588,-10.1326279444713,-10.0312745254873,-9.72472796303236,-9.76422005555528,-10.3785542458259,-10.5957742134478,-9.85491643765113,-9.67941299179622,-10.3495872384547,-10.8604522464451,-11.2103219857293,-10.5314025177097,-9.97203936275049,-10.5287159083619,-9.87112158219353,-9.89763594303878,-10.3462283614941,-9.4910560369,-9.63781459494467,-9.86160647273164,-9.82260995811331,-9.75811963613043,-10.1454503706733,-10.1999887557916,-10.1259454360535,-10.6045623804083,-9.39169309725466,-10.6123031941211,-9.81788072457967,-10.5543584251636,-10.2240524772784,-10.3499598480759,-10.09839257215,-9.40960253913844,-10.0707717621217,-9.72073417724507,-9.94562063184113,-10.2984327693217,-10.3071968406878,-10.6051834758065,-9.70587462393595,-10.1300235201739,-9.83005411351274,-10.1185340378214,-10.4463442967748,-10.2513025041784,-10.1325332374089,-9.87072618607896,-10.1980577740685,-10.1130145648019,-10.2716280764474,-10.6456170282106,-10.3749989875362,-9.09374551129628,-9.84404558913646,-9.75945569855675,-10.3374789933619,-9.92047757148297,-8.97524873869538,-10.3655926467701,-10.7356865269837,-9.77944954876119,-8.87021408386896,-9.34053537590887,-9.29114187997777,-10.7181453448008,-10.0477270350245,-10.0667540218276,-9.23867419693912,-9.67758249665222,-10.3761502826376,-10.0966596450094,-8.63158096872758,-10.2551395375137,-10.4857647865408,-9.69865845446764,-9.58616308101744,-10.6099435355435,-9.44794899663747,-10.9236424101131,-10.3412463380075,-10.6498528315374,-9.80067208167523,-9.09801894694361,-9.97680966342051,-9.62122705438832,-10.8862527862686,-9.78902374075132,-9.56684706858198,-10.3779817194839,-9.10574236053577,-8.93463020937656,-9.82934815178165,-10.4419004494101,-11.7888022269905,-9.65060464488814,-10.1650874688313,-9.76932158185503,-10.6677873408457,-9.52710864868769,-9.43499993855168,-10.0563855985127,-10.3822630474624,-10.3621529511267,-10.5706152832388,-10.3067288905248,-9.16125138381061,-9.38455171040817,-10.1929010448622,-10.2281557252885,-10.5533755160696,-9.56501280592831,-11.0676516012925,-9.81959247151095,-10.2816542454336,-9.86065075749217,-10.2687677139644,-9.59221675808095,-9.78516145209164,-9.68036641141846,-10.0812966409118,-9.34992738662466,-9.66741633195583,-9.2175938794794,-10.3515904549448,-10.4812323869548,-9.37837395478718,-10.310224471726,-9.38483397798411,-10.1841906729011,-9.91717135750833,-9.87865861793316,-9.88259040689331,-9.65611718478529,-10.3419739703579,-10.2888321889228,-9.02018509954283
-1.91033780273164,-1.92911716118276,-1.53857559093824,-2.2058245558935,-1.44882637364157,-1.34549954212667,-1.73103728120968,-1.8434680807426,-2.36165656540682,-1.49845372079668,-2.61500871961067,-1.91568476794716,-1.80243823764332,-1.21916735861745,-1.47433695251398,-1.86027541587374,-1.23768766405094,-1.89295603596396,-1.42224727742131,-1.60295497654468,-2.59883237471751,-2.37901551405232,-2.34271658741222,-2.57424428012008,-2.07624790185512,-2.99266402560329,-1.75263018095068,-1.95417130702447,-1.48930446318195,-1.77609480585157,-1.98190463214504,-1.69481449468015,-1.83798560103026,-2.26823776391884,-2.06311472357278,-2.40406638755839,-2.21361129137143,-2.21979294433717,-1.34495036953913,-0.344613512632831,-1.55290549549122,-0.851126472390098,-2.08315014152272,-1.5843017868966,-1.85002742397397,-2.10669007849305,-2.22287105989544,-2.04205597948354,-2.04724215591898,-2.29672426190393,-1.94056247898851,-1.53998348914112,-1.60191953736971,-1.27610085669999,-1.73662989944734,-2.60648892722358,-2.39814607367513,-1.85427499920608,-1.72707544501287,-2.06881459746544,-2.47958115470666,-2.14116508509098,-2.12712894256825,-2.14413560834639,-2.06125267034321,-2.00875953961387,-1.7360642457315,-1.87040817392265,-1.50216201456924,-1.82525185543098,-2.43140332853468,-2.00824994785313,-2.06437152690693,-2.15202608859602,-2.31551032510249,-1.76462690155826,-1.9975964984649,-1.9577535167249,-2.76455983994234,-2.27933481334249,-1.49133750103433,-2.83565370967388,-1.30656253328081,-2.34010645380198,-2.48718086251256,-2.11967538388511,-1.71156070331759,-1.69272255042328,-2.65991648627948,-2.15541305375264,-2.47107203657429,-1.9406314466703,-2.59593500173626,-2.22189789378684,-2.39542312880615,-2.35805013511988,-2.01613054473295,-1.65862418597828,-1.65672871660881,-1.61508581986085,-1.84689066453097,-2.29122408276817,-2.27268440165245,-2.2121259549725,-1.39425217675849,-2.53415365786152,-2.25989806131045,-1.15307287829214,-2.06588718219685,-1.74544283961348,-1.89257098670561,-1.82322848709939,-2.41507439449428,-1.89807052213011,-2.4592639298971,-1.77651513709628,-2.27751860655125,-1.57522009535095,-2.1070752184526,-1.75787640195473,-1.54398857634027,-1.59315929054866,-1.66347091015056,-2.21584443862465,-2.73393423502619,-2.13199762581871,-2.06210343427913,-2.83016870982905,-2.26925363105365,-1.66759262257251,-1.55218182554864,-0.992410843802957,-2.15594035178458,-1.93004847014202,-2.17853904583157,-2.35721952021427,-1.51686797748299,-1.29782290748346,-1.77210431744038,-1.31237122499132,-1.42825927958731,-2.68653589588401,-1.64391467410378,-1.85523267165575,-1.92504690411964,-1.56915462851129,-1.82130710848595,-1.83080788617765,-1.53896026891216,-2.16302858073815,-1.80005630114834,-2.19177242437039,-1.94863577826196,-1.06198826409598,-1.77086453793553,-1.92690744334602,-1.47310464403735,-2.36088206668084,-1.83356689576144,-2.18539002402135,-1.55923030979148,-1.14891366531443,-1.8970358301468,-1.88762847060935,-2.00835643860054,-1.99869610871227,-2.06132648593489,-2.43047824469622,-2.14132594388601,-2.34053080736721
-1.55396425404325,-1.28102037945105,-1.68323653352592,-1.90005881210112,-1.27247864177221,-1.25533547518816,-1.87896406317067,-1.31995218755545,-1.52751636710233,-1.54731378248064,-1.7293821177616,-1.71855071352525,-1.35572916273917,-1.08390891778985,-2.22575176919107,-1.86246656027692,-1.42487484546749,-1.91386820361341,-1.93739848833056,-1.878545288215,-1.46282511605876,-2.01636765851566,-1.66077777709119,-2.38516250971982,-1.62028894998572,-1.09863363789657,-1.8051604134187,-1.58215573516573,-1.98426965350232,-2.07077475117923,-2.02630555081661,-1.93419568606561,-1.26991722226414,-0.920326671248601,-1.8667762076987,-1.40558201700535,-1.73308751672915,-1.66193815071363,-2.17856307158943,-1.77536642424218,-1.52889508239589,-2.55505794218764,-0.784558831357411,-1.60632642377168,-0.460727881368095,-1.48584214892898,-1.80493717475501,-1.78761315938117,-1.3362309512202,-2.03268279349311,-2.00185644488914,-1.29680207123975,-1.03202344352254,-2.2990952082729,-1.62438500266583,-1.47153795174604,-1.9788600542256,-1.44783820675539,-2.18206728890826,-1.84309186400667,-2.15656631349466,-1.42849725476603,-1.76883253722084,-2.43139595417391,-1.3107907059893,-1.92830885868118,-1.52855576277362,-1.17320051073763,-1.4884454020805,-1.24465927174983,-1.12506559762054,-1.27376792232919,-1.30482880646448,-1.56415239635867,-1.78986344437275,-1.25149176444514,-1.91080937648348,-2.29613161377032,-0.733116536907664,-1.24945897454047,-1.5156923467424,-2.06094652605249,-1.98626203818577,-1.4040823256835,-2.03181243735097,-1.20992303156467,-0.755140129057557,-0.949326244881583,-1.65294860272379,-1.49563585757354,-1.31979376677147,-1.62231384140348,-2.38004282407436,-1.50688260531197,-1.56346475727919,-1.61231054447624,-2.06622720806309,-1.69891236113456,-1.91940852132839,-1.6271810774877,-1.95160823602337,-1.27208044717561,-1.25901313163369,-1.59859454855141,-0.732438011708938,-1.77322730756242,-1.14286692010741,-1.90535472232792,-1.43655827199637,-2.25218299496564,-2.33789633699198,-1.17533556910456,-2.02618849416027,-1.11545631871046,-1.97991027531069,-1.23692909116922,-2.28419371182516,-1.94752344883644,-0.473608932928225,-2.07261298239552,-1.03234446880908,-1.82602829507417,-1.40064798746045,-1.44354159992313,-2.32675364671222,-1.57891085252894,-1.58740485199328,-2.00197912265312,-2.03205480635647,-2.01262569607329,-2.5565638705366,-1.38588047099636,-3.17735439932115,-1.27283436131384,-0.776571035491767,-1.66180357655658,-2.33656251953423,-1.18044577807228,-1.61305260173753,-1.70749493602798,-1.93149266402083,-1.42769165811887,-0.825987552321981,-0.530058757014082,-1.23418266420285,-2.55689937122353,-2.11943890323104,-1.91116027169373,-1.66725521005956,-1.04501418920473,-1.78248789345935,-1.84166296962761,-1.56155253639007,-1.60470164167408,-1.24993001941685,-1.71023120082624,-1.35448919770737,-1.61031153894733,-0.908237821267992,-1.48128967365213,-1.91041175168955,-2.11367052884723,-1.86220378050211,-1.15359920258813,-1.64535882013411,-1.35101814620748,-2.04689121360855,-2.06350766456532,-1.89114695813057,-1.88037088974347
-7.44043010318665,-7.25065024952458,-8.46472029217346,-8.55738848080752,-7.97971522171087,-8.44652874751862,-8.14905036660733,-6.43554767363294,-7.91084313730393,-6.8114636322805,-7.62111864220678,-7.16595374819732,-7.6828887135733,-8.20477992015554,-7.68196375050731,-7.30756260180445,-8.6859271616383,-7.82887714014568,-7.57670248534873,-7.07887000851342,-8.12445087255749,-7.97103183561567,-7.36829235626665,-6.4626558430206,-7.85040293888705,-7.67569800593343,-7.61039098044774,-7.37002909114397,-7.22208840083316,-7.681173864412,-7.02765683321512,-6.41469505631796,-7.72602645311332,-6.70986556162897,-7.43217474409005,-7.13502613639945,-7.34440496858105,-7.7716800556991,-7.4799774860497,-8.08676269455094,-7.81575036336466,-6.69973914935767,-8.76598482756679,-8.2585362372,-7.06684705480926,-7.37498239775124,-7.86891554072435,-7.12360821016746,-7.15304696055235,-8.35286513579419,-7.36445724034258,-7.36568186270542,-7.22186580477864,-7.10067129592233,-7.53829923675502,-8.63581447850428,-7.53788844146647,-8.72920423564308,-7.5605048220099,-7.11142677353877,-6.99389392744044,-7.33594456354759,-8.30405753826873,-7.76326801264393,-8.82031417259719,-7.88113215577934,-7.02860765808628,-7.45885614497683,-7.43544080467343,-7.91865338183247,-8.16201420721128,-7.80788629837804,-8.11208836396343,-7.9859681679245,-7.98388797735295,-7.46438907983897,-7.71667957137779,-7.16773764712489,-7.92167261619474,-6.67617735107537,-7.1945371950902,-7.77631497023514,-8.48155962773366,-8.44069021108136,-7.35240017208643,-7.57467190352071,-7.84582015639477,-7.27406325875313,-8.11958369347426,-7.03726429199195,-7.11442132433229,-8.03642878804843,-8.93625433204846,-8.38299839375359,-7.34550912029538,-7.37398170620725,-7.77665266850842,-7.27236246332333,-8.30304894306618,-7.44648210402131,-7.676744890194,-7.45924573300219,-7.66875884470271,-6.99286965569219,-7.65987362716126,-7.19319035881989,-6.78268633391629,-8.57205765130099,-7.74861969243949,-6.87759526783766,-8.42118928733756,-6.96690210764554,-8.96278096955832,-8.12047534274634,-9.32926771561361,-7.3785206601105,-7.67468768919083,-7.64509095569692,-6.56960869521306,-8.03290637935401,-6.94502511899035,-6.83568598637064,-7.65014143809433,-8.02802754504474,-6.87462317354859,-8.1138075186642,-7.79688517525843,-8.48731346071818,-7.93683534873483,-7.52780054404755,-7.34038969291575,-7.77744714389008,-6.43691508214922,-8.03286321018931,-7.71330895530813,-8.14427075324139,-8.7368190906837,-6.49554781852202,-7.7156461631269,-7.42966029895861,-8.23613494976535,-7.74001653403933,-7.57649037842657,-7.42671967036924,-7.75455448219288,-7.80208436816385,-8.06518304329126,-7.43396046162255,-6.37828397961097,-8.65755451192697,-6.97233232603494,-7.85924992836848,-7.57123152078617,-7.53576551770581,-7.66909823576411,-6.85522796394213,-7.30669466203014,-7.57386226093345,-9.13184470302726,-7.44864894229848,-7.61295031068299,-8.11587422094968,-8.1394980418613,-7.98168180671465,-7.72710397691178,-7.29911261036946,-7.13712578962795,-8.04188363415774,-7.860748515993,-6.3751651424163
-2.30204421757502,-1.72943883828562,-1.33778057162084,-2.00400840720061,-1.76973759045638,-2.45020457116342,-1.25072718575313,-0.874598993826227,-2.54977262848564,-1.70967926682316,-1.87680000244552,-1.72165790633267,-1.77273353685555,-1.66693820663476,-1.51133967023408,-1.77773345700672,-1.75251955095028,-2.24449347905966,-1.46349098035777,-1.24839705503268,-1.38791755592793,-2.00702691235804,-1.14124900165008,-1.46005369031889,-1.433078827319,-1.82707167049609,-1.25757494884859,-2.03021148272368,-1.89969932249045,-1.59375921575796,-1.3638434770483,-1.9088747171718,-1.95650305038116,-1.19831597000924,-1.62128809583738,-1.45899454250452,-1.52484991639077,-2.33544124214594,-0.8783981749929,-1.39337681715615,-1.76278058767317,-2.46425485365777,-1.45010915130253,-0.950749148061987,-0.403495175026842,-1.63523669972634,-1.96670306212006,-1.41055088955049,-1.60100661008357,-1.9540404250853,-2.55501304434233,-1.80514677107725,-1.99964438052221,-1.02373070792564,-2.43382135740419,-1.77365115298602,-2.23685246194893,-2.42447623272827,-2.21755357298792,-1.90304534374449,-2.28584032156678,-1.58345366882141,-1.79668752795594,-1.69211259618275,-0.880535293837193,-1.7248610003347,-1.35522903765512,-1.68115000035956,-1.65755961352302,-1.47617309585734,-1.52679943321256,-2.20339141418609,-1.90994836872397,-1.83952844617288,-1.80241032945687,-1.31267496869143,-1.41360106884848,-2.19566893328216,-1.82486690544008,-1.86657327775019,-0.964353907049758,-1.93536514805826,-1.41884395200616,-1.44135128273985,-2.45603532912087,-1.95916782597632,-1.75798830969972,-1.14145378413975,-2.11482786918815,-2.02360371915853,-2.13181299062174,-1.41793054645662,-2.06506238184203,-1.44048971025748,-2.36935334679259,-1.90238397932132,-1.32731595296373,-1.60555053248778,-1.11120048289598,-2.22274563552317,-0.801969608559685,-2.56076808536538,-2.34626626690812,-1.80491109963441,-0.449910528769271,-1.96949323933756,-1.79681004064157,-2.17512173513738,-1.71770460167962,-1.05086400297626,-1.15378220897152,-1.19335399311018,-1.34383439488511,-2.42282100329676,-2.85209194712305,-2.36145221216527,-2.05401819381971,-1.52055627488953,-2.33761488384763,-0.703993157530115,-1.35894755819012,-2.16435703379264,-2.06867843658024,-1.78270123758849,-2.1140841116147,-1.9486480161508,-1.84679980975474,-1.63156547828014,-1.25559983806648,-2.51518623822816,-1.77940954630117,-1.76849737300372,-1.19015858479853,-1.90576125170974,-0.726139219969445,-1.06797246899413,-2.17378812878077,-1.37919615342303,-2.5389878484945,-2.02063400693119,-2.04811567825368,-2.5946157329027,-0.617172867184792,-1.92067658662627,-1.66508724942067,-1.43151392936568,-1.93701634022948,-0.767229539289201,-2.2974212877271,-1.08593444292703,-2.37194496570957,-1.96307100000737,-1.31982033714105,-1.57718228530453,-2.32385869743634,-1.60457999667226,-1.56488839548497,-1.46902670083487,-1.87311462821081,-1.66198033568018,-1.86317110295412,-2.42528659633849,-1.89853465572987,-1.42789450987682,-2.28839524777329,-1.91791324803687,-1.86384478461359,-1.68562375461863,-1.05389872937966,-2.38238978565111
-3.24778157681529,-2.73074551464913,-4.16553499551551,-3.2668091269072,-3.16364549245431,-3.69130078468903,-3.5219756558183,-3.32185926912529,-3.81114669757615,-3.48528710170753,-3.93806487476759,-1.40205617370399,-3.85054212671116,-3.56459095125978,-3.79755046326245,-3.57565186816937,-2.96532365658148,-3.70652594822933,-4.47180399954937,-2.85112944422655,-3.63448913381685,-3.60438918383531,-2.92479681457466,-2.90052337970022,-3.43193326889786,-3.73117274216366,-4.01361267286105,-3.79911654211869,-3.74882656658786,-3.31160301912284,-4.04339977700878,-3.98831338619191,-2.58699995836102,-3.88722909527725,-3.80403665885532,-2.89636141154032,-2.93416727147262,-2.7965163943705,-3.68590662185701,-3.8916558837777,-3.11291969680233,-3.76355446932123,-1.84951177516221,-4.31496796964811,-2.69911386944521,-3.90915227696089,-3.04401244019087,-3.36226435267479,-3.06085761296415,-4.45841521347582,-4.24102357908779,-3.9779068105442,-3.21720307233506,-3.92194418616375,-3.08069560532464,-2.04290436549543,-3.718115073103,-3.28451357327655,-4.13566684896039,-3.35188380143664,-3.20370163269202,-4.30668133182239,-3.18743324583189,-4.30043303291,-3.51685354169066,-3.85267502276054,-3.83510774050452,-2.54050564673715,-4.0525083948935,-3.46662171957405,-2.98981335795015,-3.49857299762634,-3.05606174871505,-2.98412079343168,-2.93367011601688,-2.96769905483515,-4.50024040439979,-4.61656628486295,-2.85402802166621,-3.57973531314837,-3.47703201608268,-3.05355174452695,-4.28364980686011,-3.46398710815367,-2.36746362121176,-2.92741692140994,-3.0893320813709,-2.52033509398018,-3.28330365186472,-2.75519637399039,-3.60062617910998,-3.55892515885885,-3.86977758238116,-3.48430395758241,-3.399826872529,-4.32170412218404,-3.213561029254,-3.48147218779228,-4.34867486713191,-3.98223272902096,-3.55654887820427,-3.20192129217178,-3.73881422717773,-3.73892745533282,-2.72201121929774,-3.73847658744792,-3.34592862501055,-3.13615007299393,-3.95605770484163,-3.5229626166868,-4.20901428691151,-2.79699028683529,-4.2726979472224,-3.21674120383265,-4.62074780486591,-3.68290615998661,-4.40265482994324,-3.31807486447679,-2.55278357960058,-3.38583988883548,-3.22257801956511,-3.68090267886685,-2.85758975811877,-3.83034696334398,-3.72089300421678,-3.58413484752162,-3.05137890853528,-3.77868494096031,-4.10236442443728,-3.3823834703358,-4.9026718571645,-2.41047756138442,-3.8681691810788,-3.45432687395777,-3.52496382144943,-3.10401207610837,-3.3593173596631,-3.69273207332691,-3.51957908284029,-3.51778686112431,-3.4740456037109,-4.53511528659921,-3.49358032134904,-2.2697788889441,-2.47875451817622,-3.0116364928655,-5.67934123943431,-4.9810661904192,-4.69379194750785,-3.32427586470607,-3.20682708521593,-3.36870253176969,-3.67421857641106,-3.63471075244574,-3.754864108626,-2.53721575653916,-3.3870736246093,-3.4549111119868,-3.48394626697909,-3.32043344223942,-3.53014997631725,-4.296817815705,-4.58072531156302,-2.91806040605864,-3.60250511358133,-3.57211364949061,-4.41209690421517,-3.69069761795941,-4.09132893946709,-2.81705121785853
-8.81076571271234,-8.83917543682178,-9.16004555510119,-10.9828137314825,-10.673347441209,-9.20475107022789,-9.34276574494777,-9.54352936883761,-10.6005690942297,-9.12464556216865,-9.75015029506815,-9.12021518609809,-10.4167811039809,-9.32675790048009,-9.71700946931041,-7.83819257234644,-10.4017410478205,-9.55169121470192,-10.0530651670778,-9.91450345845767,-10.4481080195591,-10.6763032002231,-9.87742503769193,-9.82862776214379,-10.5245448782215,-10.1117326179514,-8.8411955170303,-9.121735569874,-8.3787010059096,-10.1333580890065,-9.59586161363139,-9.11008391919861,-9.58191479864308,-11.0261389004914,-9.34859127229702,-9.23480521485212,-9.11130944363682,-9.53099889298518,-9.32396481194922,-9.5762832439004,-9.16322122888787,-9.88221005404688,-10.0728399794633,-10.1642865675585,-10.0609608148799,-8.36668375516897,-8.94927685814495,-10.5368400597741,-8.83724835283157,-9.59700026361915,-9.41648031910953,-9.67146417626047,-9.49469938902151,-9.71621901492312,-9.643729329237,-10.422662671223,-9.79808707416263,-9.82160320639593,-9.76592814613719,-8.7288551638682,-9.54154285409659,-10.7759924481162,-10.0484137498862,-9.36346698936257,-10.1797232744654,-9.40234154631512,-7.68192941499147,-9.60959868592277,-10.3758280158729,-9.98587531216994,-8.74065714267559,-8.89993048984575,-10.0395782943419,-9.4280477198426,-9.89838044845902,-9.84442475199311,-9.68886527846494,-9.78489329323088,-10.7170259012474,-8.17705361530981,-10.190737267661,-9.71446772102536,-9.63552241592727,-9.87275444626161,-9.06091575481394,-9.86815978484081,-8.27586272099712,-9.41523544552737,-9.87465665814224,-8.40728981655804,-10.7153580184216,-7.63236000717576,-10.3032141712158,-10.5407731729228,-10.0502472068499,-9.76643697960397,-8.90356170446306,-10.081849563667,-10.2296046077569,-9.34191435038155,-9.29407310801043,-9.34918072076426,-8.14963258337652,-9.5492553370802,-9.79268789439175,-8.64253231917508,-9.2032884740475,-11.629947869163,-9.18134029333205,-9.21337341001716,-11.1331598599126,-9.53549424340396,-11.2912394484075,-9.73898078447357,-10.7963818292469,-8.75949537102707,-8.78897860492984,-9.20761453321766,-9.66923796910932,-9.99173986691867,-9.52880012649591,-9.51094775066148,-10.3274156785545,-9.42083392764839,-9.83701233002365,-10.8315316404467,-9.77646449313959,-11.7656417229401,-9.18643366841562,-8.97127473235308,-9.8885125988434,-9.94746969719541,-9.4929948613706,-9.23418307137261,-9.97617026907331,-10.078861865211,-10.0178338710332,-8.91175021035655,-9.40754060982222,-9.61771396928676,-9.03410476198777,-8.85384361724319,-9.96908322413467,-8.97795906575302,-9.99424540719022,-9.74981338872768,-8.70207023624922,-8.69270240547055,-8.26677238846909,-10.5399046514327,-9.35909107953366,-10.3440245540453,-9.9030766162489,-10.5535305523972,-9.81089964440533,-7.93909350752715,-9.73174229302942,-9.58012664031018,-11.3679740338654,-8.9493683247982,-9.79505870497535,-9.96283610042977,-9.49909074916107,-10.2295173766162,-9.16985594147214,-9.57576306207567,-8.73355313144462,-9.79735631809336,-9.57931076773366,-7.96440087583437
0.685719012696176,0.951930082572869,0.325990649143631,0.748365681777417,0.680307589340024,1.53222802484678,2.07515742367868,1.39022068001254,0.553990004985837,0.599064750792651,0.148266759851304,1.30455483109511,1.0360721116398,0.924650183954473,0.788594057916023,1.26704442280494,1.02266396744352,0.715600995065384,1.30056432188199,0.650021032858098,0.712732197513192,0.727061086922566,0.563684868311746,1.01523037450153,0.853389214065468,0.677850205357494,1.1733132148011,0.826749321994921,1.67763271522628,1.38898606028365,0.698464437988271,0.736135448376707,1.08799313671557,0.150740562463029,1.02629130737042,0.507702560611385,0.699698431374983,0.246371486678816,0.773163874644866,1.21968670238436,0.574475710180846,1.70516622347162,1.59735493107529,1.02615744146006,1.1004371403913,1.02529634903031,0.781136898347576,1.3065699802778,0.661163201678164,1.3359424342055,1.19370970900036,0.583210250325579,0.858063399208981,1.26035911980964,1.91992606603348,0.376014905751116,0.615377653433102,0.878665843416967,2.0021375671613,1.33188879034177,1.11996287972825,1.17639020292629,1.242346566471,0.394352144359174,1.01964932234183,1.01858589612162,1.15385816533172,1.03538327824155,1.55925999101936,0.83959748734671,2.16462291369607,0.643857079822594,0.989778768922729,0.678290547386962,0.984054329759179,0.861241577044922,1.18016728626703,0.17659569186802,0.663194293200883,0.192405769336889,2.67427407243051,0.558023048380713,1.15270742176667,0.35107279147069,-0.206975553978741,0.883430279917928,1.16506608412799,1.63893638360814,0.245703493445791,0.949739605814199,1.19342503751768,1.42988134136918,0.569657856642516,0.495801819986906,0.88902308668139,1.19167139968865,1.10234329109939,0.340813045951003,0.686102699946067,0.604562266926005,1.25463384610908,0.202281246975845,1.18566004443269,0.214755205151391,1.93042690808596,0.488931695219309,0.593563809651858,0.113875289019444,0.639429891263394,1.08959524729906,0.476089461587263,1.94344466908384,1.04566470144364,1.11061077662242,0.779314411539484,0.340486289458933,0.6774987073847,1.33374137877857,1.19936491869493,1.68374691469375,1.14391924455915,1.06103577339378,1.66190523886657,0.815052909504477,0.863632467017326,0.409850643517445,0.548538845718409,1.30392604412232,0.883634054281724,0.589194522295851,1.60853830720961,1.08074904486828,0.708020969991119,0.434867891218023,1.47671763737199,1.62912783600552,0.795300793759396,1.30529006488625,0.239368838189465,1.08081676917715,0.580058606737474,1.11870260560982,2.2461113644393,1.22706894931878,1.05681013875461,1.37084091771048,0.669362899726738,1.64308482900848,0.985829174324045,1.19667527317163,0.907819257885442,0.850952675720085,0.93455330187294,1.52944403552832,0.68269187532278,1.35810798930825,1.11759232175556,1.29171517380502,0.622738060310191,1.44441781105199,1.20483194357949,2.57735357801466,0.616351333507848,0.983543114737561,1.0499483238476,0.936603192676181,0.652994713915059,0.717859081569009,0.836494431316451,0.689166292522443
-2.49814936140478,-1.77509208954338,-1.52728060597094,-2.23484243043777,-1.80507022451612,-1.5618048488868,-2.46005165244289,-1.26905945312265,-2.93805631683654,-2.68498985212484,-2.11043245555277,-2.62185237307553,-1.72504236265853,-2.03171181132601,-2.68041789770256,-3.07703484979041,-1.73447876636529,-2.79491220692975,-1.90629006460779,-1.51143222645351,-1.23863498072127,-2.59993745598698,-1.79109226251563,-2.21057868446375,-1.1384555763572,-2.21080333984469,-2.57493660201623,-3.57934173866801,-1.63107462546269,-1.86661807158442,-4.1854725655543,-2.95619015625147,-3.2241967955889,-1.46001233317431,-2.28126037114132,-1.75170556672649,-2.33205817436197,-2.51999192792894,-3.20273139777512,-2.91284750653907,-2.07798605036122,-2.27961747248401,-0.580464733614945,-2.91550662218902,-1.93727087108959,-4.21370895685873,-3.71465608434394,-2.98447717613123,-3.41609764525822,-2.56244194907313,-0.317376029113292,-4.12966302350274,-1.81854502498475,-3.24987173639437,-1.55811888953105,-1.34330871837729,-3.02995654075294,-1.59679036559944,-2.97863807411792,-2.59539551206583,-1.7960205997539,-1.71401868905358,-3.76914589900716,-4.11021940603144,-3.70762928380671,-2.09647479167723,-4.33160926464822,-0.265445929539563,-2.14771949137456,-2.38390632958919,-2.30230644029801,-1.81439016750514,-3.89296324441262,-1.5219993211208,-2.59336650884097,-1.96082682623185,-3.8795503504535,-2.50605446346565,-1.33748388666412,-2.66357177476013,-0.327733960396533,-2.37238081578867,-3.45029498493552,-2.67748831828939,-1.87823301661541,-1.33301442242386,-3.04058878372617,-1.38486693096359,-2.9446253705122,-2.36322162852821,-1.994474558211,-2.02330296342244,-2.55044545251337,-1.56675559126392,-1.36681159724077,-2.48238394082647,-1.60403219498478,-3.26877082811827,-3.42580926024948,-2.19786989260904,-1.49317116948427,-1.76750784521719,-2.19693876227295,-3.01956629143191,-1.33325240479634,-3.59193892726356,-2.16177348508109,-2.89223442951884,-2.83880296058656,-1.08064310496734,-3.23152362852402,-2.42498162552672,-2.64574001536591,-1.97797010652336,-2.18946018334157,-2.32831113360751,-2.45476648787428,-2.20304590795391,-0.812857827194013,-2.05897030478064,-1.88827546879569,-1.78327469797168,-1.06546112712645,-1.83243513700626,-3.74318840932869,-0.997328016318158,-3.18062969699829,-1.01704364273444,-3.37916775533067,-3.44518685985423,-3.57091785435122,-1.10861963708666,-2.30280809126988,-2.09372371402893,-2.03878302591622,-2.02463612176678,-2.158853184121,0.341261519260802,-2.47481524984039,-2.17667693057301,-2.66506883852355,-3.17132022266431,-0.920993259748336,-0.460536419438696,-2.42046783954241,-2.14109134837121,-2.94572057786161,-0.930529276441935,-2.45064474508989,-2.17326607428448,-3.13867180118254,-1.18430659388635,-2.94190937479673,-1.97923705552628,-2.3471564520515,-4.48953662956965,-2.42081757909384,-0.954460407498282,-2.52258694133844,-2.37965069632912,-1.14003084114938,-1.84610037296206,-3.60548459363193,-0.697194883746988,-1.98690218463462,-3.95246079520094,-2.2191612208656,-3.35564664556118,-2.49517397658663,-1.33837981726616
-8.2831590151195,-8.4576527989622,-11.3747678595135,-14.8653631782249,-10.826461280996,-11.1811865042028,-11.217971885856,-8.08655890167275,-11.2737652567804,-9.22262684753222,-11.136759502682,-9.80801812064334,-10.385454228639,-12.6147801665213,-11.931333152423,-10.2676940993582,-12.5547727551891,-9.8059099940699,-10.2590817074211,-10.2027133191601,-11.6002774766074,-9.38761160687584,-6.05581745114535,-9.16506353844828,-8.71451732241115,-10.6333777794889,-10.1168766575314,-9.24643953908714,-8.18406218435151,-10.2622745987077,-11.5105624595054,-10.7933067312087,-10.3849383989966,-10.1407087326414,-10.1550052146061,-9.0465817125163,-10.8687661473379,-10.5826716427888,-10.8283210206323,-9.9972521375991,-8.49783270360756,-10.2097364663991,-9.90554991478331,-12.5529379642803,-10.2286153057592,-8.97097023881746,-9.88177202116738,-9.6908858835508,-9.06733321719926,-10.0864145307935,-8.40214763524698,-11.4305302126758,-9.90593012174504,-11.2874807005209,-10.0019178358244,-9.93721476410213,-11.8001987266684,-12.1980317388044,-10.9026647894101,-11.6444746452648,-9.52163876272775,-10.7561470772557,-11.407271110289,-9.89681328215616,-10.7387829757109,-12.0075096678075,-11.03871403269,-10.683552478921,-7.39828746330716,-10.3580732057487,-13.3293747850186,-8.75341034344381,-11.9046724232876,-10.4793811857172,-10.837717524524,-10.3406971539682,-11.1063667770162,-10.3716540398645,-10.9470714865065,-10.8824537707227,-7.92904345016927,-10.3234137328701,-12.2784195493965,-8.98156773866787,-10.9402460486542,-9.9458941906551,-7.95106346668637,-9.56049863351939,-10.0881944584158,-9.826408826913,-8.5633388536905,-9.43851559610476,-11.3201282705097,-9.9932521659988,-8.71307882256533,-9.02262707666797,-10.5034426034478,-11.6788849927579,-11.3325026742777,-9.92873512030382,-13.3006481102382,-7.91501438431913,-9.53260894625659,-12.6618058494915,-10.563041959235,-9.58753279465919,-10.7176529887689,-11.7708815100368,-10.9552349912112,-7.97734237580777,-12.9522791945182,-8.19810462646808,-12.808194141237,-9.45726921626013,-11.7983817892383,-8.7598205105256,-7.81910146056275,-9.47209777237401,-10.0546580090458,-13.0487721341407,-9.51135052732252,-8.1416116685505,-10.556505807314,-11.0301386591502,-13.0615737843296,-9.33721965958349,-11.4686427233747,-11.3777263574959,-10.8772515356977,-12.5628786786499,-10.0887477762588,-12.7481564099095,-9.1617026970097,-10.8908622419511,-12.2775064737928,-12.2732490760441,-11.0242137902062,-11.9462443154227,-7.60090658784011,-9.5667084033468,-8.54997279975434,-11.1228884062157,-10.7354473781409,-8.81604379753666,-9.63258969795407,-11.2553456710646,-10.1747368841452,-12.0489219578082,-7.55247877496031,-10.9262690538558,-9.61506571966047,-8.70279959405612,-11.5267726890382,-9.40338552900063,-11.2295843854166,-13.0639655669878,-9.67167380466376,-10.5180418679078,-11.5716057857852,-9.12809739290223,-7.88111080045523,-10.7267950023152,-10.7565060746106,-10.4068848619383,-9.29845515698668,-8.01818295930419,-12.2479508112809,-12.3157557671102,-11.2992613191085,-8.93172068469575
4.53855951205532,4.11022471718435,4.07099129792536,2.1811219130042,4.26406078288882,4.34250549118138,4.38227925807115,4.70196677978629,4.56312266077225,3.90208278148836,3.99398421313031,4.15068644916501,4.84284567008113,3.91025960627601,4.1581120674096,3.78974216120078,3.12224490601373,4.74188846880758,4.83752305893815,4.65078057997585,4.25516461875481,4.94033155573791,4.99085685062099,4.87463606451684,5.68366086557312,4.40539917533502,5.45279826831408,4.65318286304301,5.88144280864733,4.87249645999975,4.42471689280856,4.83203371731914,4.0970060432344,4.31658329780524,4.72827290640563,4.702957918331,4.44995996432887,4.3106758468163,4.80308730614443,5.33100736291607,4.83048800453035,4.63264583696159,5.59146792634887,4.24411047775795,5.54622658573715,3.60726873127564,4.34781129363901,4.18276914120914,5.54351606397062,4.55805323565849,4.39969638220627,4.39747026271337,4.97231484881947,4.85078490341417,4.14798847287251,3.67728520373716,4.42466429505537,4.028155909955,5.23128892623174,4.11264575857461,4.09067500280474,4.91743165326881,4.27294682162006,3.58752419131019,5.55400260593873,4.72746844774834,4.58062527348462,4.11543186890795,4.3108332964912,4.86412006264648,4.34877809111263,4.61768091494245,4.31167480508608,4.95765358143868,3.92413121206368,5.46190901593558,4.59966946084665,3.31854201864012,4.59937865168144,4.64902353372665,6.11022570889855,4.42584991202587,3.14839219584968,5.63504318181301,4.59173185162892,4.81647810675435,5.44431944166992,5.70505475656138,4.2094144333307,3.547958341696,4.62603120809107,4.99847367473729,3.29382520404847,5.03014469041889,4.54520018241205,4.3416239903924,4.57722672230189,4.17709414058133,4.17067821257371,4.80170884556323,4.30678157447473,4.51126079561111,5.98924173240138,4.35740963073199,5.38675268954983,3.88817989085627,4.35745713101425,3.84980742864783,3.77945027472766,4.85495479482272,3.49869772426856,4.52672872356267,3.64856271527689,4.40013944106585,3.49810938812947,5.39599663132434,5.00877760600273,4.84019601766218,5.2619044516268,4.72066392786426,4.50503429251453,4.59940897540285,4.68892277960101,4.36878049842917,3.55186544857355,4.3318860530659,4.71770347924226,3.5627850593984,4.03164710803097,5.30644449575953,4.71123614729818,4.83413572153642,3.62690171043521,4.40603316196116,5.81992866790145,5.40091001437197,4.92999521903971,4.60491620943679,5.78754454269254,4.29489469626618,4.73945477932803,3.60202689738722,4.62816998408789,4.29850757719973,4.24080850962073,4.59341633662392,4.58364096191235,4.73738929882969,4.93216554919136,4.11126014437352,4.35844204072537,3.7804125378462,4.37391041662233,5.47945358846391,5.00636770107137,3.86137417303778,4.08261063705599,4.53331923910501,4.9633827484156,4.16465088622731,3.78484267457204,5.05198437874334,3.8316710820162,3.78844491816,4.90973422323859,5.04384004638226,4.4731018013931,3.90812696957404,3.8607383388707,4.5757307822224
1.11516463028227,1.81415230182791,1.64263721566899,1.91818965933782,1.17212812186962,2.4413511589521,0.658963165294336,1.31161124380822,1.00904343247583,0.753046600271767,1.18554090114332,0.520414132557137,3.92334878948484,1.91085889410062,0.784934326826141,-0.206241434402746,2.42772122453004,0.633893064675365,1.98815187843601,0.473325718175254,2.47741920222772,1.41976970992801,-0.390643887947574,0.988934606723381,1.10863456851416,1.72113925197625,-0.0150825046484362,-0.264038008382759,1.66691573160695,0.424926983460794,1.13284582443366,-0.117600705933958,1.9757388895176,1.31108146376793,0.945026290962936,0.964632213164313,0.0940544539375683,0.815787180062055,1.36249071327467,-0.378185262750329,0.662423402445839,1.42575618751497,2.26343400125522,0.213421455334324,0.427499301845263,0.0660989711018182,-0.593439410995994,1.26782064737267,2.14432970347141,-0.0511999634857703,0.331948372411937,1.05620761905641,2.10525470482644,0.721875102126442,1.78929244272366,2.26802206322785,0.0671574728131301,1.90916355392163,0.165746727840471,2.17390138592581,0.529278697843185,0.00508936262461412,0.590418462906242,0.849231079176549,0.595030803801636,0.410959001508384,0.18154140305237,3.32692253339467,0.603575963789035,1.73960303153383,2.41406607446887,-1.01574272343115,0.806916852381656,2.23918007017359,-0.937354474039956,0.841301288944926,0.454221250299901,0.145557788543844,1.39123488525697,0.316961790957087,0.454360238114735,-0.44364607180521,1.0773351641596,1.87902760263059,-0.657246840370235,0.334776800113597,-0.833132649854182,1.7796383579137,0.118460473948301,0.809315221440123,0.88813542569875,0.666243965492655,0.185506484122496,0.380633137540327,0.636277472024874,0.494596441266484,2.33898411218895,1.21655975061848,0.50977144743702,0.996484214209056,1.09289881522939,0.792347884423316,1.77336773752423,0.431256536272214,2.24089852319215,0.338026835890059,1.55041564957159,1.05526912148263,0.213524229349305,1.43188360754667,0.637560976909866,0.870284776996483,1.01752961863148,2.26002815809103,-0.651267469317045,1.05457784954526,-0.449827826263379,1.39884473942797,1.53723714570385,1.22230395689537,1.40725104137687,0.535411428115687,1.67933760579596,2.27474862627394,2.65728054781214,0.892928174870291,0.548234850573134,1.69860331169494,0.392834993888993,0.566217739275093,0.258897314643547,2.25094930767926,-0.352475655438699,0.861911868458781,4.05849085363694,1.94436735582134,0.429105492908819,0.194739313675959,0.383910101630161,1.34035577680647,1.10540251869983,0.931489279534194,3.77532370761452,3.50825860260004,0.468202200692919,1.87853547047502,0.608640515603626,1.6280139324377,0.5747209910468,1.15055889786734,1.96228362086981,1.47501474766266,-0.293183607228475,0.886593875821756,0.889744882553219,0.179300356505153,1.06948725945635,1.94705584771183,-0.303728460031807,0.64601179696027,1.83977376763715,1.68724423331353,-0.444029850998688,1.43758368757216,0.953955148191338,-0.22037568279452,1.44200069182982,1.6072491592463,1.11284417585954,1.34755542390433
-8.77649781366286,-10.4487212517489,-13.1116667964772,-13.5123276096956,-13.2255028322712,-11.6406772569924,-12.8360613452053,-11.7348705975038,-12.514520597221,-11.6229472772724,-11.2309154522611,-10.078409722077,-12.5880931031819,-12.6707255643978,-13.5544275188638,-12.2315996541918,-13.0968340300468,-11.7667430080159,-12.0237164777996,-11.7015998710169,-11.382142298743,-10.7011072892271,-12.1910336635533,-11.0196415626173,-13.8443468132365,-12.4304475671757,-10.3949103033936,-11.3922347721637,-11.6162090465263,-11.8956666541389,-11.8294078958583,-11.7331677954947,-12.3173586945657,-13.4698752929304,-11.9327095720819,-12.6858400912772,-12.1700222615289,-11.7426369108919,-11.8295527815364,-12.242479165194,-11.0256182465138,-11.4250068007036,-13.8030809435289,-12.8969845134603,-13.7438697998228,-11.3019713571798,-13.2126141180435,-12.9451095472714,-10.7341470017757,-12.6752910724934,-11.6292279406115,-11.4933455922399,-11.6510475496354,-11.8842523623207,-12.6422180155175,-11.989445113404,-12.4862862766357,-12.7463533775197,-11.9253158825979,-11.7064084777948,-12.15402705185,-11.5937849157145,-12.0267463834971,-11.3180863058319,-11.7199930928947,-12.461100648467,-10.7054302182137,-12.9477401811902,-12.046294205942,-11.1506010048659,-11.6611193977952,-12.3136079024164,-12.2659173765635,-9.45722106771384,-13.5684637311747,-11.926489975171,-13.6632050299695,-12.5804989306731,-12.7319697315402,-11.0722459790203,-11.7074370018675,-13.8149974263105,-13.1116627261385,-12.5969008704593,-13.1087237041179,-12.0169028645242,-12.1393725510854,-13.0675309447588,-12.3207011033306,-11.5653537518952,-11.2990862952731,-10.2963049860388,-12.4689674200852,-12.6839422957995,-12.7734571395421,-10.7635726000054,-12.7033685917995,-10.9754241061484,-14.5599985281302,-11.637061782459,-12.3640872875827,-10.8456229262379,-12.2632753911366,-11.9736586913513,-12.219844576675,-11.2257310972242,-12.859571102522,-13.3326792295967,-12.4452069320982,-11.3924171822714,-12.4482876729461,-12.0604645667673,-12.5923462434942,-11.4437021138206,-12.7761740850461,-11.837435635962,-11.7968121948509,-11.0977876573628,-12.94434822945,-12.5924790996914,-10.9468573480256,-12.0516545861075,-10.3302295347104,-10.9917073005888,-12.6367427617179,-13.8545086060153,-12.2594286743728,-14.1452206803382,-12.043692004142,-11.6597787997728,-11.4430228209496,-11.8402639326842,-12.9396092018354,-11.172907404636,-13.5637353892222,-11.4695140746182,-13.6441139300111,-13.1778918175468,-11.5704123716221,-11.6246202248625,-10.0025715364138,-11.4541000368139,-9.84916009824376,-10.232876185099,-11.8108008720009,-12.8380090824429,-12.0803220626143,-12.3515094630022,-11.1992267573971,-13.1241938059971,-12.7692015283102,-12.3763712886014,-13.4939167086081,-11.6891935024085,-12.9033502650915,-12.140202733402,-10.4583704951485,-11.5286501477924,-13.8638593550144,-11.2084477923052,-11.511258706101,-12.8574540667502,-12.6755482901895,-11.9980936810102,-10.6920365431714,-11.747619822254,-12.4784226830972,-11.4847753693977,-11.5676569654304,-8.06012010318884
5.68882650585947,5.29609463803792,3.98073723756407,3.50942169686965,4.01536048311415,4.4626811932416,4.48307741538006,4.80932635084966,3.73735051414416,4.03906955357966,3.08578589572199,5.68724091742698,4.17122723039931,4.3593297448709,3.78361172932115,3.56096402180794,4.27873471353731,4.68687639548519,4.78554637969865,4.18531356920235,5.61856666442414,3.8509637091019,3.10830788391906,3.80349357535333,3.49957526502377,4.02056410560829,4.96379193143771,4.18247776226843,4.14270750725766,4.06479883850851,4.24722324904024,4.67209424755472,4.07937019245771,2.91356994060839,4.22098516336104,3.551878481599,3.71713993234008,4.01697594390032,5.46225085467404,4.30062172246646,4.60635999751906,4.26044357475607,3.20585985236976,4.13796179055939,3.77784705615925,4.84817376759865,4.22086301062255,4.3059315626548,3.85290268128916,3.95761869160833,4.42754130463636,3.0481872547489,3.65835177990469,4.65420424643881,3.85893708159649,4.37451119648409,3.94551394689774,4.1675132940798,4.76435002332456,4.94016202386086,3.92293634251434,4.03062799272285,5.18773544654626,3.73423387596856,5.35854042169733,3.85188419514823,4.35345905850981,3.80219856244997,4.40191601957287,4.42827907687768,4.91194107859193,2.81294618007829,4.36171730801645,5.21552323386068,5.01599477039101,4.31446336518031,3.66489480336384,3.12272983438768,3.43394005962068,3.97129984834086,3.98291088530791,3.88902934547652,4.35309444747541,4.13908306871635,3.21133425048647,4.25376878007534,3.72579105966981,3.22741893891996,3.71301554214238,3.58740346003707,4.52616028374475,4.56866965038677,3.4891047493346,4.20149762349896,3.02070672357192,3.75896450835799,5.22920643808772,4.52738572838097,3.54863203862253,3.57969391469207,4.49488160012675,4.10431653719199,4.96755905896478,3.90037129059875,4.21736330103925,3.52900823785457,4.17081112161877,3.47056177980028,3.79772856517916,6.05814962391128,4.09703052347202,4.8796385252782,4.20709387915974,5.53497109517694,4.35619102341922,3.90033795705344,4.20082061307733,4.7042542236592,3.50313083220972,3.3923599779942,5.07654879420095,4.01295298170012,4.59830001608335,4.26989632099695,4.06420968619379,3.65589921019241,3.84759053979304,3.70080164248818,4.17880334154622,3.45297611439497,4.9508610624858,4.07951339857364,2.33329568088724,4.69709285696259,4.42392383300834,3.76788807023549,3.60278363609944,4.17304320819229,4.46255181123565,5.46931285791575,5.2391389988636,4.11221530895229,5.07142420553844,4.71789191943072,3.48272978973597,3.70722066789331,3.42225861270219,3.60952487240044,3.2249205688647,3.63642537257728,4.85301959248481,4.16504531422428,4.33828451809105,5.39366048686801,4.48595252157447,4.75305546679727,3.73485518060021,3.72812160421681,3.33808735958762,4.09385466978226,5.19476822466875,4.63669660500911,4.02898051034288,2.58768265222734,4.98867219928627,4.2351158616527,3.80512800981111,4.35030498936701,4.21579283541574,3.95499990515119
2.6175017847294,2.94918415803526,2.91266933208249,3.66879658172184,3.12981411661531,3.87148803577647,2.88526968063519,3.35663873633131,2.26706866849109,1.91299878212536,2.55434129402061,2.81709843946728,2.34867625602535,2.44478469130124,1.93161836261358,1.63762642008786,3.02556262916477,2.08006822063744,1.67660724709822,1.86593169048562,2.53458093191968,2.0531341825928,1.815078496093,1.42553111922794,2.85939476203994,2.88046677035927,2.68959183023561,1.49529628772958,2.14043706662318,2.97572320627289,2.95144069686337,3.42095270677054,3.92107106706801,2.16316799456669,2.84257839055257,3.06836598100001,2.20735129860386,2.72426293810577,2.30224461743495,2.09250484411286,2.66913494694545,2.52111317202835,4.55825820579254,3.36996463186036,2.61011435174615,1.85591318126141,3.24553960682918,1.16082416357392,1.98435731280795,1.46096224264166,2.51314303404474,2.5680628834236,2.68404144814066,2.53282819168399,3.12091210731675,3.85679573545382,2.01237185149007,2.62164417662317,1.78265453347317,1.19969314488522,2.47827510915983,2.5787759785777,2.35832175450475,1.80564875846696,2.29838474655112,2.55738965871283,1.68660238157453,3.07954994102616,2.56726645969865,3.17575486806339,3.18327418177451,2.10783048480409,3.1641165914802,2.88581250564753,2.10377491787066,2.64137781452354,2.88586862530258,1.77483295019333,3.18793419147786,1.80254950010243,2.91539409626968,3.41315041454973,2.41049129209907,2.40541373301101,3.28667619258228,3.20244717395937,2.34695951577361,2.43444682153914,2.18084517403277,2.39300181009973,1.2939212702337,2.72529900844502,2.43419147929851,2.18873181890834,2.15340861615697,4.14665144063035,2.5901082171767,2.35384861909021,2.55680785289636,2.80756595498919,2.03417531470931,1.97518582735487,1.89753552257733,2.27359525611717,4.24084475706027,1.92362072416909,2.02560636603306,3.02052704303305,2.21329133330164,1.88779116837253,1.30653218050844,2.78747446721411,1.55168568559471,2.53553508557318,3.10274051519141,1.91524854728901,1.81164925378127,2.42700385327377,3.27858805175292,2.76140982729739,2.72458763952913,3.0620998449385,1.9335621918955,2.77640407263182,2.13633736661692,3.88750963948059,1.93383442491519,3.4492222734349,3.22048393429497,2.68207628806622,2.05176496977906,2.4500537224341,2.39918574424155,2.33200191375125,3.73499255325351,2.63470793821332,3.86083948615736,3.80685422433188,1.5265112793983,3.97519275887326,1.60723362525269,2.55986503976301,3.24843960007217,3.70544110243285,2.65182761725303,3.64670813498537,2.91608188973429,2.86287075741714,2.4809595172526,3.54140875815828,2.70199068604541,2.60595875994907,2.38882836917083,2.47037602980326,1.36560064050041,2.13093308062466,3.07986689425115,2.82978770704735,3.10983982793055,2.27338341504145,3.20582442262242,3.12597465233913,2.49104703183553,4.69558594553641,2.75449049510666,1.60222954298161,2.82246183860544,2.663734512173,2.16896123963366,3.07343740139819
-12.4798028212167,-12.7725023815065,-13.4388194415001,-13.3215055500687,-13.7963207277269,-12.9679869209777,-12.953043281126,-12.1891465212901,-13.2866294428955,-12.8318477986825,-12.810032323739,-12.1879722983939,-13.3738782546867,-13.3520284643773,-12.9458122550184,-11.07644112369,-13.3449783612452,-13.2718281728443,-12.4277181487974,-13.412415609788,-13.1706609371626,-13.7164042283569,-12.4711325666797,-14.1831460183351,-14.1790317272813,-12.8105356180481,-13.0499362716781,-12.6300630820754,-11.4070607110213,-13.0550703902305,-12.7363985425935,-12.3805908071205,-12.5651628623909,-12.5370827662099,-13.3249200409204,-13.31038096225,-13.0686416557609,-13.031539050357,-12.7226267662265,-13.2801322124285,-12.6357462065661,-13.6546291865254,-13.5960103067191,-13.1601655025492,-13.5067656256189,-12.8091991119022,-13.1762047263187,-12.7498573636762,-12.7631783024017,-12.9746437770971,-12.2343620275246,-12.9772896324971,-12.0139884361457,-12.7462465018225,-12.9830939960552,-11.7493932426526,-12.0395888100198,-13.0790554574012,-12.8829831227292,-12.2344818962566,-12.4302778129015,-12.7921150332143,-13.4379616657965,-13.6601026341593,-13.5358453077368,-13.2538261938265,-12.7934770571848,-13.1633855380131,-14.3191753047963,-12.6014376561767,-13.2751349875552,-12.7435345720438,-13.0113873064321,-12.2149317742754,-13.8782668640209,-13.5376321904303,-12.0482370269534,-14.3440864873259,-13.2148328360916,-12.9642349627104,-13.1969997920858,-13.0655090483164,-13.2059723827802,-12.3489444740808,-14.0533456196246,-13.1915089035268,-12.9697778416395,-14.2900947422396,-12.7683230017127,-12.9759254910942,-13.5075577697805,-12.4081580024353,-13.2442622552127,-13.974881099057,-12.7549990942348,-11.8218402290416,-13.0769471942796,-12.4739284391561,-14.0819945042564,-13.0224277660661,-13.1717145505989,-12.1745739417587,-12.3611424305086,-12.6139352484187,-12.4474121453631,-12.3860185338246,-13.7902380689631,-13.2460633113838,-12.6098696973536,-14.2235701838026,-13.1550883051739,-12.4840650944489,-14.1904616606471,-12.4641111336219,-13.1438040970928,-12.7788485976342,-12.1593567411416,-12.7517488181307,-12.3859706824139,-10.9292453468594,-13.8286752991946,-11.8448916478847,-13.5766095978025,-12.3056941840273,-12.5673823474531,-12.4498555894555,-12.9674751810359,-14.4897315678762,-12.939577525083,-12.9304948322746,-12.4469968437946,-13.185113174267,-12.3834071605363,-12.7589608673543,-13.0598612172889,-12.6729546215733,-13.6881382735844,-12.8128457263766,-12.2855037788617,-12.8633328175969,-12.258608057319,-11.4952514654354,-13.4645063514982,-12.6854531742161,-13.4369188140794,-14.0540177109445,-12.2383092758105,-13.3607155414661,-12.2925839639575,-13.5265397124576,-12.4215110398883,-12.8174088295822,-12.7367046675536,-13.5004108650207,-12.8029384373399,-12.8851970219513,-12.235991519976,-12.966631058434,-14.8701221144576,-12.3976532976218,-12.4897540658071,-12.4111818932007,-12.943542039513,-12.8732132242439,-12.2484654374865,-12.8389413164385,-12.1889722007358,-13.1400966077009,-13.4392439174284,-11.6631049287723
1.30354051724135,1.3906950928997,0.244939170095915,0.151888251150297,-0.0655804038659324,1.03695217355894,1.75965397105364,1.68720929768584,0.264136466650961,0.568612469979438,-0.198785091423081,1.45747705314264,1.2492430868217,1.20913695656723,0.941976378951376,1.03190193232594,0.506991989214961,1.4226925727342,1.59183002845021,1.32861147505402,0.577031838368904,-0.220621532910275,1.49549475172667,0.0646897189072716,-0.216301664247214,0.118115398987277,1.46950075174163,0.0447368812056231,1.07787611203068,0.904146841920671,1.24630183575307,1.467467673662,0.491449508853613,0.561049694015738,1.17681661073031,0.605873727986173,0.722018736178083,0.924176574841273,1.40231221610818,2.16680124161004,1.53377218536815,0.478287187013638,-0.377504333338865,1.99653310827117,0.724578394880814,1.6113369670006,1.74632163820991,1.04040760391053,0.528773636084361,0.248122875087606,0.766688878763148,1.16433812881297,1.1013961805833,1.49439735448195,0.846250955167756,1.23232047284245,0.488102737232912,-0.127795729595879,1.22901986609109,0.805908035331144,-0.0371670535842527,0.665959161653402,0.756959121861798,0.31763413501672,-0.0488621718134532,0.447706354544688,0.692234566170186,-0.182659271355578,1.66736949440542,0.664339699457607,0.636922575856758,0.838884958815947,0.760111079694675,0.55295971352249,0.797497263610967,0.133878069690298,0.769565936124488,0.266619613951942,0.126820558095091,1.0803660929957,1.40273185100651,1.0132265539563,1.4196667390631,0.783287614348334,0.81902172309383,0.61896030913401,0.895477346953695,0.616557847322419,0.384211977631031,0.527632471618362,0.287982192722945,1.81777588596526,0.774501083382596,0.76632525951346,0.535571343901556,1.16416354410362,0.628322924919599,0.582442434466387,0.888959633569985,0.436875459943672,1.26678487984546,0.866672252003994,1.11709751084317,0.562992309601094,0.708487544470059,0.652322044112158,0.521325626017845,0.770686682256122,0.870179784692189,1.47653401920567,1.1943259301407,0.497585066919996,0.630345602002067,0.823089458703738,0.944474244101048,0.718402620865065,0.791803922929912,0.857524779654299,0.0383526151266589,0.675190621852052,1.22451501030915,0.642454619378643,0.233934467018461,0.370279535322998,0.706414874698225,-0.103409751533407,0.242712286148528,0.255423712112788,0.657352354349737,1.37120541094249,1.82883087397314,0.836836620255312,0.691144819265673,0.720784389618649,0.33081137246409,0.504897353056278,0.795268378258057,1.40101795752118,1.55482761461437,1.20858863821554,1.93434224158791,1.68459650652898,1.25207417243604,0.563540038316547,0.73883033962299,0.948115033838974,0.778179270790376,0.15192974558158,1.02791376236784,0.702231376358956,0.76400171305679,1.01210586743058,1.4275633257819,1.57715292913557,0.166552042765748,0.783325902629336,0.326700203994015,0.317420036499763,-0.131787865633924,1.49581185281298,0.774504048181759,0.954077252290912,1.12219336335898,0.489423946019096,1.07072179562589,1.8124376629237,0.884469365593008,0.897315941913899,1.23388078044062,0.654666976601269
4.43629301592498,3.9873818687576,4.63254600347061,4.43760253956315,5.04918267747869,4.31916511119993,3.75650811247781,4.2173872521552,4.56674249089993,4.70105036163233,5.02719765419594,5.14422220559418,4.39703609073047,5.54549251032151,5.15717068011919,4.8816655266151,5.29069017905887,5.02882361430787,5.23600140087352,4.42535311462815,4.74044263703831,4.86736840844084,4.59569208273114,4.76918261142116,5.66514455161202,4.84980751880499,4.08870712711946,5.13672691277387,5.5700190788268,4.35723142506214,4.82044808707977,5.24666178318769,5.67166150512691,4.82538259017791,5.95295929902472,5.16126248724501,4.1078734840014,4.42580151475133,5.74438819544127,5.29026975514789,4.6684036696486,4.85199455946336,4.87402330006192,5.07260291726136,4.725619926673,5.15034856562917,4.13922366966504,4.10685533668091,4.37040689486463,4.76580470653993,4.88220384676465,5.72243952299284,4.88933034814189,4.00998883787815,5.39070475322685,5.19944257210345,4.56322950107338,4.691328383813,4.24130227614066,3.97033581614494,4.30816230706419,4.35242279359612,4.23688140629609,5.26418662450183,5.63017989561528,5.17725737333752,4.91184241316426,4.61400202071521,4.99328652680798,5.51633460168323,5.20060203890199,4.17298370767253,5.08373285758612,5.67461928481727,4.89507571421376,4.84022983568221,4.42290325417752,4.34878204471019,5.70107628258393,4.26159921377727,5.03757710168462,4.11217704990427,4.64755263055848,4.30669939514642,4.08292128721055,5.64752523615821,3.107938642787,5.22767594370757,4.60201489315512,5.24054001725302,4.74407204862863,4.44061015190341,4.77424218156586,4.00011253795676,4.57217585666717,5.03939435792112,5.52187851707106,4.59577047590682,4.90476788922853,4.91821564033847,5.44450789982876,3.89447558083566,4.38678793877787,3.29612489325327,5.50548451557928,4.45974011804801,4.6102519107614,4.43199271809347,4.18959997284154,4.89417173428667,3.56191439709506,5.0310558102604,4.80765218029695,4.25829171519627,4.73864636914638,4.46020596709453,4.97437036645507,4.49235301816158,5.68398579828909,4.97113827084352,4.77953891498845,4.29722181238413,4.82685924873259,4.97513195903929,4.75517463103838,4.81599204251964,4.59610443496278,5.65413844819675,5.07600668939366,4.64303284257979,4.79660722883847,3.9357968602791,5.72547231862959,4.15856664901249,6.82544179118048,4.82432411626284,6.14452156435621,5.40409592011695,3.52106494094889,5.5721810213785,3.97074333056139,4.16789615766582,4.22421639362372,5.27971526605253,5.4246596333026,5.1184451007519,5.04534849083249,4.50036960940436,4.92399214894915,5.35708902806221,5.05200632410903,4.6492730231035,5.74814366583937,3.6809137766045,5.05734393213672,5.15472058097965,4.46996037621922,4.62071612919251,4.51191957968024,3.65538444188128,4.68572365096013,4.88399776998848,4.87477387054492,5.82536406992919,5.06536185216755,3.43535701898634,5.8647609456746,5.3909474678487,4.4176977652871,4.68954217956617
-16.9378272792843,-17.0991558127723,-15.3376629632153,-16.1033808912273,-15.7730188007346,-16.5637832868974,-15.7249591131336,-15.8686511895396,-15.5376985154448,-15.0391572772593,-16.0075549320193,-14.7446126816265,-15.6211040400407,-15.7126647742366,-15.9114903488011,-14.2473197187847,-16.2192022097929,-15.9074685914421,-15.1604600389714,-15.4349344601734,-15.3199207793686,-15.6443877214103,-14.8480427278873,-15.4740075936607,-16.3340131412016,-16.214365982945,-16.1716206832865,-15.0725851414638,-15.0555077584369,-16.7008128646192,-15.2378599939027,-16.4853103972407,-14.7645053247027,-15.3148465911543,-16.8374957238979,-15.5512555438082,-15.9762222115612,-15.1235614363411,-15.685727943527,-15.6629417204939,-14.996350496894,-16.3019402997549,-16.5366360904999,-15.6853817984801,-18.1072132051152,-14.5052881725338,-15.7573190324572,-15.3033241544788,-15.5798207485671,-16.3834468375806,-15.455808861147,-14.9898080227559,-16.0424964839396,-15.7519745942711,-14.5486428158346,-15.33531144097,-14.8033749103791,-16.2532441502356,-16.327061133295,-16.0313709281652,-15.4146418819676,-15.4971483631731,-16.8869235834477,-15.811904371326,-15.4934999535786,-15.682372476171,-14.4057369211011,-15.9249674630628,-16.0835243941643,-16.0819904362235,-16.5147635194478,-15.4870513700783,-15.8800254177562,-16.0122937953251,-16.3429316186479,-16.0022352750855,-15.5124057680725,-16.0962021493696,-15.4144927605081,-15.074097493864,-15.5542939090724,-15.4094519019865,-15.5693570464456,-15.7623376385844,-16.3533036068286,-16.9633977307174,-14.7802354430523,-16.6383905419983,-15.6353323598008,-15.2400923266793,-14.4565853283046,-14.4836839757662,-15.3801381636897,-16.3502033619134,-15.8756612635912,-15.0129280773024,-14.301366297489,-14.7375412749008,-16.5837050706546,-15.9262574782926,-15.3273754450249,-14.737292408561,-14.7245707148662,-16.2172685588546,-16.078528201326,-14.4081845235246,-16.5589111168809,-15.5557003771204,-16.147576169471,-15.3542281233812,-17.025897081043,-16.1430135102721,-15.7342588990761,-15.7761421730297,-15.5236611756154,-16.4361006114999,-14.0726637198051,-15.689763046736,-15.1941224920311,-15.3577970875854,-15.5936383991702,-15.3628432096927,-16.4373851237793,-15.0543662960823,-15.1888756635024,-16.3905708076936,-15.6585119413617,-16.6220657236459,-15.7881871013601,-15.2972860848213,-15.8602438151189,-16.3179036981672,-15.2546717539516,-15.3519050596191,-16.6823837893997,-16.1986008314004,-16.8011709494,-15.1286572976941,-14.5421090727031,-14.6314669064291,-15.4157307883275,-15.856479627406,-16.4119469360013,-16.7740571866375,-16.0889678186188,-15.9534089697505,-15.3573204966422,-15.726518035385,-14.908349659138,-16.4161207401781,-15.0260753884277,-14.6356393622826,-15.1439869320131,-16.8513904144319,-14.6837585770208,-14.8671575323227,-15.7691690342255,-15.5101508912759,-16.2148910439364,-15.3275354528162,-15.9131982971389,-15.3584318860304,-16.1579929170927,-16.581805805528,-15.1523397298903,-13.6759358550209,-14.557897354733,-15.9388237933074,-16.2340757517589,-14.3669125962268
-0.833505474190524,-0.876462678702803,-0.659195208192242,-0.898986746242459,-1.35700291080566,-0.812236851647263,0.336781182915279,-0.271319952677092,-0.948344565884131,-0.390216000025032,-0.766706414022808,-0.350656857941662,-1.00095232416182,-0.447036185739767,-0.191140602181897,-0.0198182959286267,-1.88844204588995,0.992801491791005,-0.531383144308231,-0.607542911208334,-1.18122923985021,-1.48108446847697,-0.021363634992389,-0.105242010972,-0.982099910988512,-1.10058362388394,-0.214004766001546,-0.0321832567998636,-0.691684392793372,-0.483707043090325,-0.80070789403042,-0.730197083237598,-1.68013989405898,-2.25267389987805,-0.253636282323807,-1.40459384757328,-0.14640860631321,-1.75561362535471,-0.477418328900577,0.883395605489713,-0.026409589478623,-0.232371039073331,-2.14995087482008,-0.61484845038377,0.0303363568694024,0.70586141434678,-0.785664020367638,-1.361120292399,-0.968573671172358,-1.42098754926207,-0.43068674781492,-1.30852076851827,-0.601420140241502,0.839359532051273,-0.87877126117586,-0.411880074021246,0.269732136571357,-0.19031231922718,0.376405918994816,-0.893539585179566,-0.579651714747508,-0.298735975826814,-1.19846238336528,-0.956410488763811,-1.49261187087585,-0.82111300167,0.247576421964727,-1.39508423062114,0.188701758005275,0.244047738555716,-1.20952450363317,-0.452446262755823,-1.22248452320638,-0.91545174615939,-0.703115378806486,-1.01001787074981,-0.515138516844261,-1.10841749476395,-1.61749613165578,-0.156096138831677,-1.083344596753,-0.48974595240761,-1.09876605860322,-0.417791548566289,-1.42687007528224,-1.55259745218341,1.187402103923,-1.30568344118783,-0.330256980871284,-0.688176674456872,-0.611923373034553,-0.451647284384729,-0.313497454266948,-1.71529372786896,-0.855280760164025,0.344121926795279,-0.963668940371141,-0.163029753769189,-1.31084225215768,-0.30276361033011,-0.422766023969276,-0.656301248462583,-0.280631990556748,-0.55726689522145,-1.91386411207523,0.080591119090224,0.0643370076185592,-1.53420510529837,-0.128182695803518,-0.377733615183074,-0.204442087517389,0.788600018095902,-0.885472950057789,-0.607903886759219,-1.2636405785974,-0.431332575275333,-0.103852475193935,0.102310004762811,-1.19982028841942,-1.25406586137049,-0.87701665998874,0.0157908939841102,-0.90903712726471,-0.646996080518605,-1.03175269400405,-1.33322028405089,-1.06572319864985,-2.00462213699589,-0.217058635840164,-0.60687960272479,0.812675329717998,-0.773925596863673,-0.736755242938718,-0.512628029296136,-1.66990401472249,-0.593271574602313,-0.719470647937028,-0.842563731867601,0.415506477083441,-0.410340401426459,0.815803330857375,0.412029044256088,-0.825094795502298,-0.282884171820996,-1.06066999295908,-1.01434780797362,-1.02416944700828,-1.03528614309105,-0.356132025588492,-1.87110142961178,-0.105997506470412,-0.0411408531411736,1.005294425755,-0.233739931403757,-0.562055855348868,-1.07199161482772,-0.38854275414671,-0.896668939019641,-2.52984619605471,0.803847413815804,0.0958495038818896,-0.972501980692948,-0.767654686081442,-1.62616832625314,0.843348440067813,-0.381783668129232,-0.803274990162996,-2.13021148441805,-1.05850508915326,0.549704383723573
5.96128000590997,7.04991606885428,5.86094689139374,6.25572695124464,5.27901597938226,6.05106481681531,5.55132586439884,6.40701664612769,6.94096309149441,6.35998106078774,5.94890534210621,6.44936715693452,5.80487396659791,6.94611873710624,5.2692608546536,6.12963624799363,7.62504817470629,6.50625995595047,6.8528244130967,5.9144416364337,6.7060438728466,6.12212210535255,6.33040360738885,5.54845097875119,7.04656202314733,6.57313263519347,6.27834036792565,7.51980998168127,7.01183287163809,5.84045012193212,7.50329363096284,7.21622606030398,7.1245014475096,4.91954478933288,5.71248657465637,6.01764946047109,6.497148485322,5.84799636921001,5.86625021078401,6.11056798194726,5.85054809824619,6.82867566101108,5.78933841999546,6.57505964770149,6.15202479099085,6.51171647755393,6.9918793301582,6.35450472205228,5.72801432325797,6.05197435353351,5.97584444389155,7.32635661601918,6.16574540211515,6.02614393207707,6.61174616975641,5.88858506411426,6.09554125206389,6.81782703497724,5.92465737921479,6.15231035145356,6.60038726008379,6.36261836193302,6.83857468217156,5.83739585624772,6.56673265755484,6.48936085128346,5.40713119319345,6.05597280371083,6.34444527927873,6.43059198302232,7.01304505528073,6.87880566286921,6.71262374578998,6.7073331420093,6.35273649614877,6.53330642677161,6.31939601021012,6.45953798162823,6.03845887074109,6.82202383380579,6.42981133803459,5.2053260217004,6.4259550012111,6.10426594797012,6.71344206065163,7.25327786349683,6.15918040319379,6.54647153031288,6.76948767273468,7.35933397090351,6.58362919707612,5.48975456952629,6.68183510668376,6.43897555438642,5.96559204246741,5.96928621728363,6.35941230516664,6.69543217713323,6.321850314307,5.94496163288524,6.62432255117716,6.10003506003497,6.92332215392303,5.88964972245974,6.02958280142352,6.0823522981683,6.58815572859068,5.84899874143982,5.42030276998716,5.97394865344504,5.5517520071984,5.94914659774989,6.32951257079434,6.05385345523394,6.55868485115498,5.45661978186393,5.65640717775512,6.48155368138979,6.71577857416463,6.72468632142693,6.49547102821422,7.09176391065249,6.61039708691837,6.01711805002198,6.30581225828003,6.68136151036048,5.80764119940738,7.42645073222314,6.21640326058114,5.77196277368373,5.94502099771004,6.6847222834993,6.8379186375949,6.83703787521306,5.90863690904702,6.94931238059651,6.71918577181274,7.0962291700887,7.17245587096982,6.99369089988833,5.82477660138006,6.64766466737899,5.77277335016788,6.0503020887867,7.09011158576069,7.21273203905833,7.06927044125291,6.45837473159728,6.46855491954931,6.83589323201054,6.28875321293295,7.1501186116235,6.58114250642497,6.03004347308385,5.76006605927795,6.85609515611483,7.13262071117149,6.92347066473865,5.82765169464034,6.08543548472766,5.62883005484773,5.58766410614022,6.00884491012933,6.72173270499021,6.31312523975549,5.22126295441421,6.6089715108829,5.38974498666716,5.97266682311821,6.5249822908786
-16.7028397914628,-17.8731510391809,-16.7763231272087,-16.5574488897883,-16.5945783967878,-16.9219967892545,-16.3056068822409,-16.3875500770081,-16.4205774538567,-15.6775839845115,-16.6740918720819,-15.6391922154942,-16.7289413031303,-16.5226450307539,-16.5804286347272,-15.9963748291031,-17.589290680579,-16.877739796496,-16.5856993160242,-15.8425016357933,-16.2945430141359,-16.4886671835013,-15.836104616139,-15.8141286871103,-16.3038216641633,-16.8027834799131,-16.8493285798433,-16.3972344821122,-16.0034655052785,-17.4492190729539,-14.6279932287511,-17.063169047728,-15.839180822742,-17.5475858783979,-16.3404535449283,-16.5952660500308,-16.2513384565188,-17.2804839355185,-16.7580775224284,-15.4997047692007,-16.5503211867342,-16.2409104109278,-17.2818103817598,-16.1025381625831,-17.1428580011152,-16.6778014894547,-16.7896061335802,-16.4677615970108,-16.2537301150889,-18.1753857702793,-16.040038918116,-16.0130389184555,-16.9461381035389,-16.6628177986111,-16.3059185236981,-16.2173938490374,-15.4520905625045,-15.2682523921017,-15.0862572117533,-15.013120537101,-16.020372138148,-16.1083830016806,-16.8801478479858,-16.010292405574,-15.7764365565812,-16.1101301768618,-14.9481076919111,-16.9648681710759,-16.3785490727281,-16.4629921054171,-16.2953077211997,-16.2860891751968,-16.5423154043679,-16.9486570177687,-15.576206452524,-16.1025032841838,-16.610242866991,-16.4135800366372,-16.5649006301066,-15.7449999333551,-16.2744596311942,-16.1920038400336,-16.8920282798339,-16.4736953404334,-16.6893867609882,-15.7614749510148,-16.031604358929,-17.3242966304339,-17.3183965039406,-17.1811879342978,-15.6919016409492,-16.2973738306325,-15.8096800359609,-15.2427074907094,-16.3026597176382,-16.611060581164,-15.4217019291891,-16.3312816828295,-16.0530790093621,-17.0827001145851,-15.8332285261533,-15.9585844121003,-15.6771466717987,-16.5850209570779,-17.3832100827164,-16.3525227367674,-15.4188716650303,-16.9094779435444,-16.2722669326869,-16.1804906181669,-16.9572202143903,-15.8875169389137,-16.4034109333382,-16.2642926460746,-16.119254801337,-16.6820047265328,-17.2599689015686,-17.1058688683324,-16.0035164876271,-16.7050817342485,-16.5702072354844,-15.7846584968787,-17.3541357739161,-16.62409979619,-16.7885812166816,-17.072699672803,-15.6555765884085,-17.2048745859995,-17.0404278424712,-16.6293741892094,-16.1195627385227,-14.7566214648054,-15.3691225154047,-16.4619568722627,-17.2118369885065,-17.2285312064475,-16.7664384918841,-15.9648889925374,-16.6124558489295,-16.5033139005989,-15.5938052055216,-17.0602420286056,-16.4263013472551,-15.8524759664236,-16.0098149590909,-16.1003096586534,-15.2059187297858,-16.463717379571,-16.5934989234931,-16.8715445273221,-16.5621788869406,-15.9103067209449,-16.0511507971909,-17.4603647613027,-16.0747678654829,-15.7032587425806,-16.1822366287672,-16.4977671328413,-17.0170472976771,-16.7921315555906,-16.5612891261864,-16.4862441227374,-16.9193254164405,-16.915425559572,-16.8883888762397,-15.6766666628455,-15.3822895956269,-16.6782321942564,-17.8874648056003,-15.6450039153922
-3.92206584824156,-3.91925524678061,-4.1353486055505,-4.23689881396461,-4.70213453863073,-4.13839910841013,-3.26817597405484,-3.73834886072349,-4.37188450795079,-3.75801540822294,-2.81098483497876,-3.61542320783535,-5.23850627786942,-4.00316340522066,-4.507124959131,-3.40397641485832,-6.21996077563335,-2.62883418890496,-4.77178584786147,-4.77445675064771,-4.42248737656021,-3.14340761701542,-4.33512768715312,-3.13146849150081,-3.8814095536081,-5.2928817327629,-3.6164363024623,-2.67621435665489,-3.75299591304742,-3.79147169613093,-4.61942352632431,-5.31165227732856,-5.4520629507198,-3.66709641523913,-3.42789770893126,-4.61836296045522,-4.07337270788148,-3.64808778766062,-4.31883297159391,-3.1281827872181,-2.87129075306106,-4.80225916214078,-6.02767394409079,-3.90854782022743,-4.55100539520907,-2.97621123339279,-5.29911867653581,-3.6216214413367,-4.08241237166885,-6.0719261102912,-3.70111426509428,-4.60103612870786,-4.74814297103795,-3.52266936246904,-3.8894426227121,-3.19707631652918,-2.25173207506107,-4.13917094141681,-3.69065606336581,-2.355661005669,-4.30607500696896,-3.65687595802332,-5.25427827305123,-4.23760817335224,-5.41931403034097,-4.52383775033526,-2.84640827339538,-3.76461007437266,-3.4917227783243,-4.1756020538247,-5.08336674375878,-2.52733118903839,-5.00829832889645,-4.39909037268533,-3.63441379102796,-4.83347659622713,-3.99653795682892,-4.81581978773128,-5.75526407446081,-5.02168104652704,-3.56048027331322,-4.34224326867943,-3.3005373316575,-3.73928688321544,-2.7514226149838,-5.11503945444726,-4.00805183122189,-4.44377469690228,-4.47800112521319,-3.51847541401285,-3.48432074584913,-3.56701288973215,-4.41250668050576,-4.38971165495206,-4.25309034446907,-2.91485243099285,-5.06096630012362,-3.18701704257669,-4.42020627660368,-3.19753704044241,-3.98509828523845,-3.38016005431534,-3.42124978777598,-3.34275983177035,-6.04762138786585,-3.55338749370639,-4.00462027085428,-4.05353083542478,-3.40386221400633,-3.77235931029842,-2.77336651597097,-4.98034229234628,-4.18594407289131,-3.81851070022349,-4.67333348022258,-2.83274356786766,-2.86147890420212,-4.04035320563406,-4.54308431048362,-3.09670921768421,-5.39813943070275,-3.54865289304386,-4.61168951340728,-2.76129988323985,-3.47698384575052,-5.03091798349177,-4.67363688085563,-5.71475960407795,-4.39852158747764,-3.43496055910147,-2.48769102045076,-4.53838589273835,-3.86480141470203,-4.65811944386589,-5.45828682149699,-5.15277629097402,-4.76948835643803,-3.33572495491459,-2.6164393543566,-4.08897769746196,-1.83261183123668,-3.78557919644781,-4.62698636209655,-4.40563069020846,-4.28385698562225,-3.77082698384534,-4.11564205138593,-4.22844342932115,-3.82197015751145,-4.83098597302279,-2.61476313724434,-4.14441618540629,-2.93130223416582,-4.36855024983932,-4.16320468478021,-4.53183423400255,-5.17236577244421,-4.13710832686355,-3.51393689224367,-1.98416373042347,-3.72560673668352,-3.93529531269727,-3.58463473234266,-5.16228540479044,-3.6596171742392,-2.52494286990971,-4.14448160166158,-4.05823972241147,-3.83443095194758,-3.25662214317013
7.0833586827688,6.60369071987851,7.87040523552925,7.5225878343452,6.8099811981373,6.91404051483626,6.83944441304164,7.6043601841127,7.1065752447909,7.5941114439558,7.86669332517734,7.70259498006262,7.43420389905766,7.72537510898818,5.98877612182197,6.92315086570653,7.67559822456985,7.11209523291794,6.32623260384231,7.27739160226573,6.97010280171802,6.65919582189147,8.45657494278084,7.56894623694108,7.37774977138039,7.45205911015911,6.41654271123436,7.32379989782966,7.63074823489336,6.82817336586472,8.36185764815372,6.24057619191074,7.76133533328335,6.85760359696778,6.65121944588891,6.5686376302116,6.86196416140274,6.39676950258187,6.00704609352486,7.01861954713908,7.25058632479831,7.99476310134487,7.92903781124981,6.55504203870957,6.28268354917023,7.04647280377735,6.56111205387175,6.92831232439084,7.84403711019821,6.39399230418714,7.58119887777485,6.90949227633643,6.70615013433251,7.1561009273607,7.23179833599123,6.97017336103009,7.54660936262421,7.32630676866171,7.01614028069356,7.55460069747047,7.48125057484816,6.62206158704212,7.537422141043,6.93184827926704,7.36130632021076,7.41919408999528,6.21547689929124,7.18590909873501,6.741014539251,7.36517034261785,7.36124308154021,7.03050581880354,7.77158603014741,7.07466400989953,7.63512968978689,6.74684792136121,7.59351100529029,7.77969503473294,5.89898711596288,6.5994802311253,6.21215599836723,7.01045028873913,6.39565673757501,7.09273625871022,8.33326372510674,7.28489686823386,7.93142037266528,7.18001181394391,6.74714127061017,7.45909271785678,7.14399785791966,6.30778527271358,6.61503149614978,7.49448590121228,7.30172460946159,6.74062909444766,7.31048130141491,6.60536532607071,7.26880681037005,6.93449045505215,6.78963447735238,6.83681386240975,6.78774241299964,7.92214340480543,6.94584934325914,7.60052252397505,5.89838821789754,7.39866933617184,7.09262323082361,7.18345800292678,7.01917576950877,6.19030999983245,7.5318708015836,6.94458292361888,6.36488760541023,7.94874990417076,7.41062177137087,6.75351710044218,7.05132855693873,7.06368805505786,7.81082812579015,7.32949115210644,7.19221452126714,6.72577692933195,6.46182937014816,7.57815841072539,7.30610979560628,7.94030622300457,7.46913596536233,7.33865013119466,7.08110900659926,7.38500890291002,7.99374515621934,7.86295363756719,7.85159277115392,7.72707842924425,6.68200091792896,7.30227355437712,7.73743406938355,8.14915632950429,6.58983570318348,6.74568618733306,6.96008365581011,6.70669181886328,8.08128532523899,7.11839784225482,8.23233711375043,7.43816484460492,7.20920536419041,7.39147841964833,7.12521461092593,6.94983167417462,8.90706678339283,6.65171416680652,7.5361174338361,7.50332583314417,7.88773054965116,7.30546549099519,7.61800745513642,6.90586968623917,5.5951138878052,6.27440824922238,5.86463544758258,7.7758419817615,7.11384908465243,6.20396156003133,7.32940842490758,5.90706844691154,6.54537661705476,7.25396669006952
-14.3557143547986,-15.4084627405717,-14.2816142059055,-13.5499869648385,-14.1782085822321,-13.9172998730883,-14.2412226945945,-13.9368112135524,-14.3143327298637,-14.5193268732694,-13.134687726493,-14.0020809637185,-14.8092537187882,-12.7593509935078,-14.4136187134428,-14.2503051738874,-14.2191780466044,-14.5874580403589,-13.899984635782,-14.1389772153587,-14.2210323570518,-14.584952203252,-13.1099143594742,-13.4387595190038,-13.3275092407978,-14.3675925332701,-14.9653754669197,-14.820810073134,-14.0723627366745,-14.6847907162253,-12.5092681421249,-13.6348890692244,-13.5379129650444,-15.1554900681415,-14.6179826236736,-14.0538565696563,-13.8140693630694,-14.6884246618459,-13.9946094537928,-14.2955502870826,-14.5727116669279,-14.2148008887261,-13.9497639419716,-14.1556456200911,-14.7094314378003,-13.9049611531143,-14.026046723836,-14.3269223336074,-14.654097870406,-14.0821784447163,-14.1583263691172,-14.3642452754124,-14.0033636601392,-14.1710217110747,-14.106966034446,-15.1547638792961,-14.3827106563059,-14.3823785396156,-13.9568455660606,-14.2406115921446,-14.0984044235787,-15.0371015336389,-14.3863884073185,-13.8787573831892,-14.3898011561278,-14.2545594084516,-13.9335257157002,-14.55404554111,-14.7494056012995,-14.5678456312794,-14.079346996371,-14.5275203640599,-13.8578504829031,-14.8974369656594,-14.3421259400147,-14.559991736841,-14.4755816017435,-14.3591559356186,-14.4854373810663,-14.611411103101,-14.6120555490345,-14.3268931331252,-13.7196258266939,-13.7519183068353,-14.4587431973579,-14.5542194667952,-14.2825169943432,-14.3599842899598,-15.4468414995083,-14.0760630958702,-13.8380124964021,-14.283665694348,-14.5149375419619,-14.2237873976707,-14.0481315436797,-15.126498031612,-14.0442976102987,-14.3416623293877,-13.2822166410553,-14.7308602496725,-14.3532228747038,-14.226422498697,-14.4027809240469,-13.8127686777704,-14.547612528176,-14.8709656234084,-14.6214026466421,-13.6968211142798,-13.9160774957221,-13.7714099128727,-14.4748920624421,-14.5405968483393,-14.6791820763079,-14.5182289997877,-14.4784804546443,-14.0623683834542,-15.3916382743291,-15.0954557711516,-14.2971040330248,-14.4582136792845,-14.365623770752,-14.3734812279336,-14.463611858331,-13.8424628332852,-14.0956465153761,-14.1911003644483,-13.6258071543568,-14.0744195291191,-14.5959219916535,-14.9671730155197,-13.8750917790126,-13.6353009247414,-12.7773992593734,-13.5886447855261,-13.7782383546827,-14.6062937060347,-14.4172854009492,-13.8577677013593,-14.6748801832033,-13.4724044906076,-14.5920071227956,-14.7626413969435,-14.7680712831109,-14.3200728983911,-12.6629642178753,-13.047389661362,-14.3983901503703,-14.1947600559082,-14.1237400300196,-13.9393685462578,-13.9096997433413,-14.9242334591535,-14.0463332016126,-15.6275079954274,-13.1770828731998,-13.0086196778695,-14.5568535271555,-13.80648548786,-15.4187158265309,-14.3761849856751,-14.7370081103994,-14.1924825990313,-15.2871056242659,-12.769374887097,-14.2007224137606,-14.5757094190407,-13.5958620130935,-14.806150703623,-14.9322664144961,-14.2994029124294
-6.01806129760918,-6.56389406810029,-7.41695103907317,-6.94394438079607,-7.90380703043626,-6.79775429910135,-6.27184564893872,-6.1020209132598,-7.27144621323654,-6.82566115160362,-7.39650454191457,-6.48284230105915,-6.68382230234556,-6.49652072308121,-7.84376958213201,-6.71548478665071,-7.30283463293825,-7.13707759520359,-6.93185696603427,-7.102179015315,-6.9124675657078,-6.95877151924777,-5.75098678198907,-6.0691591079304,-6.78982991204114,-7.18364915013491,-6.78791896379882,-5.29505288727537,-6.70725511497173,-6.50707921018305,-5.63687087886915,-8.11940074033452,-7.88285530518916,-7.06621473291897,-7.08724121066741,-7.62429308995863,-7.18166964391175,-6.29602489849969,-7.63029157390654,-5.20461199982036,-6.63034224155832,-6.67439064249925,-7.89700452429308,-7.25279080390225,-6.32201163640082,-5.27063374208016,-7.6256107966837,-6.74049080597225,-6.39277772572944,-8.14768586614712,-5.85696375525228,-5.26640887386792,-6.87485120394433,-5.88106077535936,-7.45294445888371,-7.48034758124675,-5.45208203050951,-7.5043770864841,-6.62973018335495,-5.9075480819103,-7.34834278805346,-7.16828337903073,-6.49380826299594,-7.29978565550013,-7.27265136823804,-6.83615971960874,-6.78802182189561,-6.93895403682563,-7.30460949589132,-7.17420469325405,-7.35389514080631,-6.35972576585527,-6.53901561974263,-6.41534494637097,-6.99699999169253,-7.6204948911436,-7.40697115125395,-7.08664032165304,-7.35998192718675,-7.26459826238482,-6.91264537372084,-6.03803563492209,-6.44463218720457,-6.32364232597567,-6.88730834748414,-7.48386741764537,-6.13722646364409,-7.27943723736668,-7.85962114706124,-7.58512322063953,-6.93219521635952,-7.10606793524998,-8.44203018999519,-7.69724990144705,-6.72227276797843,-5.91831708379572,-8.33881755677342,-6.21428660782361,-6.39435638179058,-6.16286753373463,-6.51568791051338,-7.15501137674591,-6.2906590656809,-6.31159866353033,-8.66095506843216,-6.58436135594503,-6.2200899166102,-7.54817003674353,-6.27444850094198,-6.21443820132059,-6.78261209468308,-6.77776263800367,-6.75101186888658,-6.9510638677129,-6.3820413000107,-6.47000323716739,-7.25407281639951,-6.89417123603679,-6.54162496385579,-7.51186661149595,-6.92981971852621,-6.62993213100987,-6.6982306270379,-7.13451630628447,-6.06064693986551,-7.52742084413519,-7.00027501391386,-8.19327207942187,-7.08500561367683,-7.77129678015852,-5.61257349980606,-6.58897990059817,-6.46939001018319,-5.53962675393878,-6.53393579733883,-6.80352847062611,-7.90856037304513,-6.80464741689429,-5.73711061818301,-6.80821820677375,-6.32718553223428,-6.12258592553917,-7.15837927111865,-6.8701234822298,-6.85882472995445,-7.5057922947113,-8.00111297066414,-7.16031315954479,-5.57830018945254,-7.85750363512598,-7.07920609643857,-7.20971591148154,-6.64094996728141,-6.85684402028407,-6.27015620631883,-6.78008818414478,-7.39716850407422,-7.05762785954343,-7.44661353683136,-5.40076463673443,-6.2318323982667,-6.95510813053617,-7.22464628738094,-7.22556756586801,-5.77789055155834,-6.23033046208979,-7.18692734580411,-7.19934235187233,-5.54746489724225,-6.69812322357434
5.60752679137497,4.78286146632468,5.08226267215477,5.16488938760907,4.6553330284017,5.41476255258439,5.29757989539604,5.27103480211976,5.08855745919545,5.27067519822393,5.5134207737119,5.74002633857817,5.70315492729371,5.04608621120775,5.33411352425778,4.62750326183133,6.0091172465307,4.89200313048377,5.19021859317123,4.95046047170533,4.87984729869491,5.1385301425464,4.83224655606351,5.78799508061387,4.83906891111804,5.43848461559973,4.29385875950164,5.56987333116621,4.88071053832075,4.78633045555704,5.55043435765752,4.55285893747814,4.91062344948953,6.15525249325397,5.10658179793972,5.18124316423869,4.77546207070691,4.34630822885578,3.59725020375643,4.69988843195383,4.89248013310816,4.9482873377087,4.53199146275059,5.07853591309887,4.21115401133818,5.40268854846968,4.40704143543475,4.94280241301196,4.76954482458223,4.28429962955002,4.97733677299643,5.16137553237706,5.47536474560443,4.61689917747458,5.35691405505776,4.13469597380157,5.82124662229916,5.04672652766821,3.92598172860145,5.28962886733149,5.69560655819569,5.17071518458836,5.77477661645658,4.4364560232911,5.04590061672565,5.72704364001804,4.84889883862277,5.21521160155122,4.41415758115606,4.81158024839349,5.3571768419617,5.02761025833219,5.42107148325544,5.18034549902193,4.64057294901071,5.30070468981348,4.49688665066731,5.11033771301005,5.16512680370993,4.67445268213896,4.21730693726499,5.27627720103192,5.1178854969994,5.03245864258301,5.93064284384449,5.011113470124,5.55651564566057,5.52208285377884,5.23317612900187,4.62555264338478,5.55575973771363,4.31818938813964,3.79660235042808,5.44057809355561,5.73521486058975,5.08475824583951,5.08727730020114,5.58759638970367,5.1315114229246,5.47763538317431,4.90101644186272,4.97627205056204,6.00778175658052,6.10847692957997,4.78880007087625,5.93639699383763,4.45983676393018,5.6939590531048,4.5582244593733,4.80907988470777,4.57658096013727,6.19227854981377,3.3470886340713,5.51044920336561,5.2358627797779,5.42048914549464,5.02559145050383,5.48545131600158,4.92339285346893,4.710247730816,5.43992142327324,5.28862201861485,4.53866073057151,4.88021650722946,5.40709437724723,5.42105199413771,5.18832582041091,5.74391896560128,5.48219848442501,5.33312497676369,4.59675120492212,5.85295577729921,5.13730376241315,4.85152157956903,5.43451079746022,4.63538495601116,5.46496020441613,5.22823563640631,6.63516923765033,5.15511564296657,5.5624242057284,5.02511829431709,4.86740225537274,5.13138096897357,5.60836108520251,4.14482879540104,5.81089174700206,4.8243822373869,5.17094490606016,5.18894478293363,4.93443662310344,4.40631591377167,5.97012193345696,4.84627996561996,4.48821435460545,4.36195206329043,4.83593478057709,5.5165172246141,4.91539052653883,5.21679680986376,5.16681156780403,4.01726813317663,3.60196962193502,5.37997999451109,6.02062442863246,4.47798988112373,4.83099634815533,4.8873002425425,4.62462232000841,5.43857872765106
-11.3223041176554,-11.5579370453575,-10.8765778859216,-10.7972079907509,-11.3830046793401,-11.2472225261067,-11.3323278460212,-11.6647416239265,-10.5940491825321,-10.6333314325342,-10.9654397699808,-10.3810678274527,-11.097965376542,-12.0975872443423,-10.952217631837,-11.4639437032963,-10.8322394251631,-11.6472966312248,-10.1971674240142,-10.9914893691388,-11.1584243397237,-10.9705662051157,-10.6738327343415,-10.6838481779454,-10.6901060460746,-10.4087587359286,-11.8909698663603,-11.6345812554105,-11.4388967310006,-11.1110681188998,-10.7261496537227,-10.6027542835152,-11.02427718279,-11.4221172611684,-11.394880624806,-10.6273077471143,-11.2772799786782,-11.4698867555741,-10.8793038074512,-10.5828199700722,-11.4124630542902,-10.9134874356231,-11.2641627713163,-10.2647456005581,-11.8767435825095,-11.0074765884445,-11.1458498712993,-11.0157434958262,-11.2976387516069,-11.3602965450391,-11.0160460884411,-10.9356130926478,-10.7360230186605,-11.2147355711609,-10.4663657940687,-11.9196805033822,-10.4844148790217,-11.4171391544295,-10.7912907715189,-10.8195228163414,-10.5518967255197,-11.1687821759284,-11.4636881153212,-11.1614611112797,-10.5542295749489,-10.9826523044913,-10.6515087473131,-11.0363551985062,-11.1004441867996,-11.2692439879274,-10.9839638161269,-11.6592065898004,-11.1679461890439,-11.1163679199846,-10.6225940905774,-10.920523562471,-10.3218085941372,-10.8465574422263,-10.5588679434899,-11.5689733547504,-10.8609393312064,-10.6681468114915,-11.3360939645344,-10.8161312071839,-11.3344886711127,-10.8791270878608,-10.1281365272916,-11.1299936393216,-10.4304322718757,-11.0328807024776,-11.0903497312075,-11.4827746712897,-10.7172469721873,-10.4266201181925,-10.9936345543627,-10.9018825493888,-10.728855796628,-11.0742606888037,-10.8961359448454,-11.4014679609536,-10.879632804404,-11.2552314844019,-10.8436620970355,-11.9915927302707,-10.6444770201895,-10.8347643489347,-11.0633770450837,-11.1539058907168,-11.2272170880498,-10.9872712197801,-11.4426464391337,-10.6999680604398,-11.9265712778642,-11.5825352809199,-10.7470352129639,-10.6228131955165,-10.8115297089191,-11.1122567633486,-11.0685911976737,-11.3475141994436,-10.8446858502191,-10.5617977190593,-11.6406703044093,-10.477115792576,-10.5092631528734,-10.9435895450007,-10.455896300609,-10.6044299801558,-10.8916828322025,-11.817416334196,-10.9426394970584,-10.9498034056228,-10.8422950329669,-10.4314189701537,-10.8405757014391,-11.2260845870272,-10.738116598985,-10.4882520730263,-10.5413641904407,-11.0296067057153,-11.5582322913151,-11.4737885043267,-11.5155663118929,-9.87282028244456,-10.514979677113,-10.8404542986094,-10.8400180437802,-11.3042126192296,-11.3971418541147,-11.3526629153306,-10.7568052261264,-11.1060212704997,-11.2964749347336,-11.3119746231685,-11.1005139920322,-10.9116401605957,-11.0994034785475,-11.0432602716524,-10.2912044074724,-11.155899642539,-10.9530872137972,-10.9940453260656,-11.860342540155,-10.7412230778177,-11.5267003456129,-10.9273811382568,-10.5816055654752,-11.7459118400563,-11.4817358741351,-10.5571551092704
-7.24418117300326,-7.95745096168322,-7.52584608226929,-8.26793900986154,-8.00596350579277,-6.96155517634652,-6.6917402529246,-7.1503813250742,-7.39324845594446,-7.32738209142294,-7.69991309772496,-7.84473448189869,-7.27649955547618,-8.29232889029998,-7.42241363575017,-7.95478689258615,-7.89358450969461,-6.44909628669734,-7.52393650828401,-7.54764545015176,-7.05067027841262,-7.82363579617711,-6.94853089771295,-6.49634004095629,-8.11177093064827,-7.85539860028919,-7.10569458965304,-7.22135058512675,-7.23138910749425,-7.46662482454136,-7.10840698054301,-7.22648161046536,-8.42909835138253,-7.65476447690049,-7.94863283236634,-7.68746857857512,-7.11957683714799,-7.71873931450985,-7.54131906242421,-7.22220380263473,-7.51864615494011,-7.16467300177115,-8.14796025476059,-8.1752784755355,-7.19805654261034,-7.9976937199667,-7.34731908064573,-7.29006878479295,-7.40115605429303,-7.9495299077384,-7.42147610128077,-7.3881397384328,-7.31670230473643,-6.64563008919676,-7.63675168392784,-6.90617259015586,-8.50649818243856,-6.8776730403589,-7.98655744725593,-6.95884504863587,-7.59405913744868,-7.65935283742718,-7.43340309706703,-7.62157549321781,-7.69221661975941,-7.35317348753795,-7.17438742894417,-7.4856744977802,-7.4154071335305,-7.47624746029827,-7.39702979868904,-7.43948589252891,-7.68603978039754,-8.40032366486609,-7.18066038977011,-7.87536249776548,-6.91195380710942,-6.61248566512211,-8.42605368205951,-8.27731566159924,-6.95858264108308,-7.78387770653825,-7.05038464275327,-6.86857720288847,-7.14065017429053,-8.02156088537183,-6.61602378534735,-6.77875557632919,-7.38540527008427,-7.40051808546966,-7.74463388796325,-7.38018535495082,-7.66415476331945,-7.67820837151153,-7.5063101598234,-7.17261564386082,-6.62552968230932,-7.84599842374304,-6.86021527825847,-6.88267625352015,-7.12237074986242,-7.30384199100891,-7.02456283486393,-7.8810724632807,-7.9160326637374,-7.32832747197475,-7.6475608582052,-8.65978473529527,-6.67391395237752,-7.30873589798537,-7.23302630049082,-8.22894130674938,-6.79916469736866,-7.79137241695843,-8.03883268038176,-7.38512023749075,-7.2858874125378,-7.44705757312329,-9.08507459571134,-7.73874729211432,-7.04722487779576,-6.38122370235979,-6.98642257690538,-7.35505618167081,-7.10224638564669,-7.92147166241779,-7.65089798775176,-7.36824965012826,-7.59174190795615,-7.67975541420726,-6.82849956181471,-8.30366935101106,-7.5718755420767,-6.30823304905904,-7.12359280902148,-7.75738627232044,-7.30911075411061,-7.29228838574969,-7.12838910397245,-7.07660355169237,-7.87460945008084,-7.4837359001613,-7.39675975334176,-6.46677889963838,-7.65771699030897,-8.35442710229757,-7.51644865402629,-7.73091140661364,-7.1150138282432,-8.20310676014516,-7.81029165677444,-7.31200982349021,-6.89529045118359,-7.15856065372753,-7.82355757055396,-7.99755357834849,-7.99924191139717,-6.85950808736884,-6.02773816490273,-7.0456889353908,-6.88726825596555,-7.0687847875116,-6.3655679259533,-8.02133193081436,-7.10052896323195,-6.37692977207916,-7.31698282389329,-7.12561897253865,-7.56282346732759,-7.80462163579026
2.95637710899578,2.47567779416347,2.74713994265304,3.23022263012229,3.55230858274764,2.89724486325515,1.9763700723632,3.24244767785377,2.83629560101651,2.77694415356052,1.47514820270852,2.70087931024206,2.47907949266362,2.75032483154087,2.57318719807486,1.7162430404855,2.73662005825494,2.88449962435669,2.39738643575168,2.67568083638857,2.41224313767606,2.46054768789536,1.88545678780417,3.77344553172891,2.86710950272424,3.27775002484588,2.36505409556491,3.07177436808796,2.13305691313746,3.11741345718305,1.54194828083696,2.3699069787949,2.41082778570078,5.42697348993646,2.34041653583206,1.68981573837098,2.50284410355977,3.47033032629257,1.33465885959534,3.19073751084396,3.18819651948422,1.42983991889032,1.94588225160682,3.00820075028131,1.76324998332626,3.40163571310351,2.17168840729321,2.3755972844966,2.026527708338,1.17229304977671,2.58576603075446,3.07409452279029,2.47990957067438,2.90182973574131,3.79485965551783,1.58587038937321,3.46984241129249,2.79471078076763,2.32128908763514,2.86090810782566,1.55234872918886,2.53507198660822,2.69800317551597,3.20813936869954,2.63591056057578,2.76653623686487,2.6976118598675,2.57522773934827,2.77428155836509,2.69386094843249,2.27256314813428,2.92159343260366,3.61379164560949,2.28236198261491,3.481799808202,2.47709664581348,2.92174586666945,2.53144796396406,1.42034176497721,1.86404439762829,2.08068324700004,1.9163342769559,2.82618921354595,2.8421109353023,4.03827832182224,2.69707638923985,2.84131326291391,2.28192965869966,2.47556728736091,3.13409813511713,1.84439142483985,1.13322965895967,1.49040301542894,2.46512295497146,3.28207091857034,2.29741866708506,1.1893075263072,2.58334606733943,2.8163338995471,3.77715061601229,2.10423343155976,2.26459846409326,2.24672296395453,3.40319781348577,0.709163992728038,3.73571386117478,2.72314171252581,2.8411051720999,2.74776825120216,2.80174296564595,2.82682505717194,1.48856839875391,3.36923782520374,2.65373694518245,2.90728645211866,3.38816223252915,1.88562453233671,2.83632111942298,2.50951306726738,2.61646291736873,3.09271875677165,3.41374399874268,2.42465789020743,1.39251892020353,2.87117063969773,3.1522787905876,2.73433949161148,2.801716962639,3.83709882000619,3.38970012684543,2.12685080569215,2.83630081835575,2.62284628610441,2.46087877448765,1.50381766924819,3.95292296302623,2.51956038204391,1.65538896967436,4.24623262664885,3.02211601414,3.26281508788316,2.8858173316938,2.26131065897677,2.45076895384128,1.66990449139557,2.64696204776958,2.37461125953519,3.58346795291359,2.47478599601725,1.7829475427341,2.30980597720331,2.52921413341307,2.423691881395,3.62977612057678,2.71566905782351,2.31636646064906,3.05905399645226,2.84974683776456,3.45106463193448,3.09928334456006,2.74210508434213,2.75683012680662,2.7977905557162,2.36715488357226,2.11476502572114,2.68991536996607,1.91517853457869,2.97123334394173,3.12800753219966,2.99363770203
-12.2562771207272,-11.558148045021,-11.741702366735,-11.4463042249699,-12.1357251759239,-11.9678218426891,-12.4218184023788,-11.5758899820728,-11.4774264194237,-11.413477906224,-11.5916470492629,-12.4874632301727,-12.1223058479117,-11.769858931742,-11.2171049539557,-12.5201445961274,-12.1072179142964,-12.5326562736093,-11.2681457941448,-11.8489193295957,-12.0004111683622,-11.5891914173925,-11.9091659749698,-11.7939227291219,-11.7923651791096,-11.8918677550472,-12.0991636116246,-12.3253812408466,-12.1879726220146,-11.7057348730891,-12.4418108357106,-12.2515866758007,-11.5289738699127,-11.8637761349621,-12.4338664865004,-11.2653914996938,-12.7074122398004,-12.3229448889428,-11.3804315052201,-11.3642110924915,-12.1272660824865,-11.9680620204055,-12.1286879525892,-11.4820546780365,-11.8659409519776,-11.9096267703543,-11.7812836940192,-11.6431979281412,-12.1627023959191,-11.7346614349745,-12.059807976177,-11.8268686610608,-11.3450656382508,-11.487638864839,-11.8030640101682,-12.3933781029841,-11.9834414488288,-11.174920365537,-11.9243720690648,-11.8501689164778,-10.7725615216197,-11.6818815333189,-12.1241202989287,-11.8175627727443,-11.097342196332,-12.3137900314293,-12.0384372678445,-12.1157015021419,-12.4271569061152,-11.5526805769825,-10.8445562508792,-11.8534026172718,-12.0073916511507,-12.5757527589691,-11.9081467112961,-11.8410121666647,-12.358318605263,-11.6565772159167,-12.1595317452933,-12.8218797148202,-12.7921079548702,-12.3036019023083,-12.0280738924709,-11.6855766607745,-12.3668049502347,-11.801438067946,-11.6686379349964,-12.8204652355251,-12.060806754545,-11.8612721355914,-12.2782735042911,-12.1153278985383,-12.6140382443194,-11.2880212781303,-11.5462362734918,-12.4349493461245,-10.3671127844775,-12.1213470642471,-11.5657046900555,-11.49630857842,-12.0087541410537,-12.166189289355,-13.2315112787955,-12.251281946709,-12.0146763330491,-13.3075072042066,-11.119729600572,-12.6119597397017,-11.92493533576,-11.6288805141357,-11.7250595172536,-11.4297818459787,-12.2338720036571,-11.9449396755682,-11.8754100983498,-11.7668160614002,-11.7985756016848,-12.0031940793905,-12.1258370168643,-11.685348249971,-11.7501650644006,-12.372723886583,-12.2753550213756,-11.6857411647711,-11.1298265601478,-11.1122695981217,-11.9204225762237,-11.8629230484971,-11.9004069776314,-12.4039869244985,-11.9702874938941,-10.8044219864901,-11.7681092928285,-12.0012596124145,-11.2527041800671,-11.9163083829485,-12.1391911486825,-11.2263574909178,-11.8761813475936,-11.6264056108641,-13.4855379463251,-11.1848686029042,-11.5057193307664,-12.3790179511717,-11.9980833275964,-11.9859732457571,-11.9960307191426,-12.0152063461102,-11.6898797331294,-11.7293686929361,-11.9171338501138,-11.9400996331228,-11.9126293018215,-12.3722960790603,-12.2614638604797,-10.9793342497562,-11.2768526406378,-11.9609910955076,-12.4093396016198,-12.7564635387418,-11.3636375192394,-11.3495015912801,-11.269509394171,-11.2908172134619,-12.264403244586,-12.2533716724881,-11.425861348681,-10.9528822766037,-11.6691127151007,-12.5365570350009
-10.066933390952,-11.6008281889815,-10.5304193916151,-10.4697538127965,-10.8102826191336,-10.5206260104633,-9.26808038516017,-10.0460404027768,-10.8945673371146,-11.1855870934203,-11.2004509077843,-10.4945742279254,-10.4177083038279,-10.8606116104106,-10.6298330130974,-10.0143959810666,-10.3211904686225,-9.6207175496528,-9.75261484626886,-9.64269897885731,-10.8686779906173,-10.9041146849319,-10.4556849495279,-10.1374683727314,-10.441189184376,-10.5424739540425,-9.77442929597222,-10.320355806006,-10.2064833822109,-9.85315158799123,-10.9365618034743,-10.3375312849498,-10.3071384596445,-9.50888275920118,-10.586500369215,-10.1724664566943,-10.6583846069133,-10.20915984937,-10.5641981925053,-10.1616652250791,-10.4176509785134,-10.4706671880174,-11.0468134534325,-10.1100469477585,-10.0915257097834,-10.0951502292585,-11.2790930089534,-10.2701657692134,-9.1505448189723,-11.555366881593,-10.1689203099052,-10.511329570134,-10.3093346494458,-9.66889554627038,-10.95083006933,-10.5300252410618,-10.4643368624846,-10.5552991685074,-10.84724610037,-9.34420323531345,-11.2881677116602,-10.5891216365125,-10.214995591267,-11.100169963298,-11.3537420389319,-10.4803858208542,-9.82567445848444,-10.1087041323099,-9.96181980222582,-10.5923039826785,-11.485435468833,-10.6352961667331,-10.8028776004348,-9.9116946905174,-10.356930265153,-11.4655957290351,-10.9475025449441,-11.2753041793983,-10.6365908684421,-10.7362882013672,-9.92344390216944,-10.3520362075954,-9.71541348677224,-10.4615923512921,-10.8611475027758,-11.1101782381172,-10.4343932905101,-10.5819098740511,-11.2723140470755,-10.2550586338571,-9.80342029206822,-10.6692360415714,-11.5944330040251,-11.1432414794076,-10.6716336724666,-10.2897353729289,-10.3029020345017,-10.1284082716793,-9.9178252103978,-9.58005137495821,-10.1730464100063,-10.2898511205421,-10.7294171738446,-10.3952832654148,-10.5881102380361,-11.1270464836191,-10.0764154767479,-10.7751467023093,-10.0932869413898,-10.1439162206739,-10.094534993928,-10.0418300548545,-10.3350382072348,-11.0280126308697,-10.4459592927861,-11.010064574873,-10.1794652546464,-9.87260521381873,-11.0722242887861,-10.7776248318753,-10.184751983155,-10.4674163350993,-11.0378407537967,-10.8088468896347,-9.57995701073689,-9.93470066912983,-10.0071813677309,-10.5757041038301,-10.7664799986748,-10.5048701217813,-9.74817999537094,-10.3614291718019,-11.4289274857188,-10.7079580453184,-10.3263213146496,-10.3466681755619,-10.6331189099261,-10.0441233282532,-9.39757222413805,-9.87316015599831,-10.1204187825602,-9.959945132738,-10.8634460438251,-10.8771452786356,-11.1384528533767,-10.7601062941624,-11.2367996332407,-10.437962588451,-9.62428358703238,-10.7044516871179,-10.433155308524,-10.1547435431965,-10.3793476607049,-10.2258561029755,-10.0437607438978,-11.2226549712445,-10.7493286181499,-10.4187148306332,-10.8492419349121,-10.986189339494,-10.4986257986446,-10.6229348546266,-9.43712439261485,-10.5946863326745,-10.3454076354346,-10.9934446603963,-10.3699688153367,-11.1261497948974,-10.2644515496527,-9.98441355833801
2.02968091484819,3.05531436007378,3.14262932218438,2.59294212212162,2.15533700319267,2.82709555806834,3.30941447728762,2.91768288739938,3.67136100048864,2.39667194298838,2.73859301821854,2.41389049050691,3.17726679674964,2.77170439500718,2.76668361595467,2.55336691200513,2.93267335715596,2.83082584614808,2.89304074254994,2.72715158475392,1.88038227742543,1.95134252445632,2.71934757976674,3.62163499669643,3.48808628359838,3.03555536072946,3.58292697005985,2.90437812872986,3.18160452935422,1.72918139058196,3.99908547899606,2.2698465946711,2.54557700749946,2.97311961715118,3.08390299647058,2.75589302371653,2.57487802700866,2.80468217820795,2.59437999366492,3.02216666703195,3.00883652122348,3.22712510015933,2.46332242137641,2.77479801056354,2.43349759369017,2.70349032530707,2.52754442574484,2.80356168854929,2.1946827943826,2.00808186458565,2.95136324833519,2.84388026883864,1.4605636874077,2.54716046334474,2.95402110313125,3.1142199635941,4.22584630883753,3.31774300444708,3.48823406185793,4.18186033047465,4.35952574978384,2.84491377029805,2.59142924919788,3.05793555816251,2.66037606756805,3.54980242773176,2.68615085520229,2.65103762359548,2.68961827734331,3.42311788362071,2.96768722869127,4.07749342508351,3.25084498056957,2.88974478687781,3.17586484226562,3.00723366646695,3.33559658009366,3.07782992220536,2.20823147529656,2.74611524599931,1.60670239469642,3.28368987876963,3.26030023624447,3.99681188351005,3.160255769822,2.80198630023311,3.2227021977612,2.923850725387,3.29341855506983,2.21481283936691,2.10491626743679,2.75929403773402,3.33109583967504,2.93531367648301,3.70396990898697,2.29586506584878,2.41056706726465,3.15255013954132,3.3338230186351,2.92399052763277,3.37208423095419,2.42960697620925,3.09482052474156,4.39463006251591,2.43868646271534,3.57447068920919,2.73180284697086,2.57825445767263,3.65259629641428,2.9815374764772,3.06496139428571,4.478478400007,3.3423907397681,2.1163345521775,2.68585985181837,3.41090086554342,3.2956293550381,3.22977822583773,2.50044239926932,2.24890151955709,3.40413027185763,3.86328935109584,4.09009043046852,2.83635374473983,3.61386086210877,2.90652086742817,2.33941946130969,2.51404472534927,3.52844244800892,3.33821871350548,2.54519475668407,2.23652874842596,2.2457682043628,2.87559643454362,2.66146089317376,4.07823065689983,3.00400494482686,2.8618084313253,2.07731713417872,3.54328430741054,2.8270702371148,3.26002046395847,3.53593473041367,2.66800850703727,1.47297999713368,1.91344848087808,2.71339649887482,2.97981622169466,1.47072989462439,2.03252869800816,2.81904818212315,2.97919448123688,3.74348346145722,3.87045876586115,2.56727683204695,3.55802739011667,2.93566668422023,4.30136549390827,3.27910604827285,2.64524206598691,4.01906348445335,3.73055329512439,3.89841035809838,2.35097497416013,2.26980761467736,2.33831356600554,2.57968607124617,3.06193293586205,2.4198543484556,1.97188256386985
-8.68452348318056,-8.25740395699951,-8.01460454745263,-8.32365496296022,-7.33932389840629,-8.1337698312929,-8.76710510754079,-8.73328617085484,-8.01627282901092,-8.12192608974368,-8.60664069532555,-8.35179757496573,-9.07638961070326,-9.22376133815254,-8.7623881705893,-8.11976072038287,-8.32087170191682,-9.30074773920184,-7.74258004471587,-8.68552108291862,-8.65820498226423,-9.87406317778766,-8.07486367727397,-9.26734034375166,-8.08955109172184,-7.96234856763579,-8.36676826739696,-8.63417615794756,-9.08884629366691,-9.25606532903295,-8.20027140105651,-8.83066450613758,-8.92926773286461,-8.16504824052676,-8.80876662764704,-8.28077341778498,-7.99800337194628,-8.94254482976156,-9.10920018281676,-8.62192493091509,-7.80625409100947,-7.71864434454991,-7.99542534442229,-8.30642464722619,-9.45130912168377,-8.69645274485876,-8.13050678324942,-8.38884777096133,-9.36964734969052,-7.39714840598058,-9.29494057331035,-8.80017191479278,-7.98111406395448,-8.20850332315905,-9.06417663376311,-9.32190012415879,-8.75676737632835,-8.21411141938803,-8.16527779441568,-9.18129363575717,-7.27326067938428,-8.63982783873417,-8.95574159371187,-7.76429356931516,-7.96756193935645,-8.76387747978956,-9.54904225157567,-9.50935171176189,-8.58716134859224,-8.74298073069447,-8.46351175022956,-7.91202930147648,-8.93709875651393,-8.65564409665252,-8.84129430715751,-8.21667671531056,-8.61015279460961,-8.15094358665348,-8.95305656511278,-9.35585885876993,-9.48066025570713,-8.34320062648708,-8.7061026972425,-7.94518230078844,-8.92258609925977,-8.81064564297416,-8.15944230812806,-8.82360743552246,-9.02605263954083,-7.78428454388493,-9.40446045132587,-8.99607775767442,-8.34139214002607,-7.71173492192972,-8.54725088805827,-8.80883643581029,-9.09035669305696,-8.38265498253747,-8.95131257639702,-7.51564380891172,-8.81797812365211,-8.61349514149433,-10.1699665371517,-8.64394377266969,-8.56621836811217,-8.52202667567249,-7.78247781504451,-8.72735574419278,-8.71185629553201,-8.28864497681741,-8.11016644032646,-8.85016933628654,-8.16320861814461,-9.77140234248568,-7.98594033043757,-8.40097968576482,-8.32699117559659,-8.11831101154918,-8.0366693249013,-8.49394120666425,-8.42423436543998,-8.38460304912941,-8.47969828688269,-8.05872079574876,-7.91553094422397,-7.73929322490583,-8.99533066479104,-8.17048162512592,-7.91402150277147,-8.37586465854164,-8.65333267254797,-7.95447669799026,-8.28331840360044,-7.79301945772136,-7.75474051729338,-6.20062748251957,-8.45830023962523,-8.22054115896112,-8.39973609195662,-8.16413363224102,-9.86681640455829,-8.46362841280526,-8.04423865627251,-8.74462926334188,-8.88138762826477,-8.13024917084834,-7.89928546133969,-8.5438650110239,-8.79203524065169,-7.38143139493717,-8.43713600794579,-8.98946381989838,-8.5657820153781,-8.63965352594583,-8.30868802700244,-8.89233059866532,-8.5250477767172,-7.94335980054169,-8.50415261120491,-8.75046977371865,-7.7792007831798,-7.69510794631304,-8.75608561041179,-7.33049236034267,-8.77318668861225,-8.95921437823492,-7.64407092528975,-8.5410425784754,-8.36688586140479,-8.48527308575555
-12.6247412198355,-12.810451353234,-11.9342198101538,-12.9315395902725,-12.7066919273269,-12.9877326301497,-11.18770714358,-12.2056593212869,-12.6390164547114,-12.219469027927,-12.0662891391521,-13.4559684770122,-12.2761126684148,-12.9079513491629,-12.2960992967063,-12.1349339974958,-12.6568097879749,-12.2764268718536,-12.1587193633263,-12.5174094181461,-12.3036002207733,-12.7548185646807,-10.3607442169062,-12.3680422645143,-11.8636129382897,-12.486373826534,-11.4254298978403,-12.8026385219316,-12.4338246270285,-12.4173476668029,-11.4988293017226,-11.8649392460898,-12.6319941084974,-12.4980482686415,-12.0909659424553,-12.1525321327412,-13.3318730396534,-11.7063719164718,-11.9956361158324,-11.8848702374669,-12.3072281096639,-12.5722132259408,-12.6592261604804,-12.3467680008703,-11.4767475833692,-12.3779634971092,-11.7535727318695,-11.9243670374806,-11.4752100093657,-11.9465404338774,-11.9755204141583,-11.9525274584649,-11.9028124826024,-11.0356459803975,-12.9884271892493,-12.1347972277282,-12.2658432626952,-11.826361821639,-11.4844025642026,-12.3125525921935,-12.2221503965892,-12.2546570697902,-12.3792590278786,-12.1804932398109,-12.0376503910819,-12.5802912453415,-12.033931470318,-13.2307184132326,-11.7876036233328,-12.3379001888354,-12.645610867317,-11.9945994155172,-12.1279035822653,-12.6832762422319,-11.7156320191631,-11.3277415325319,-12.9321403848899,-13.0878915141059,-11.8355667285901,-12.2087051346004,-11.9813942802176,-12.6198713821451,-10.4966984085023,-11.6021750152544,-13.7391791254354,-12.4557014403399,-12.6909421849359,-11.4695518566149,-13.2009953795751,-12.161289849834,-11.2445746622473,-12.4701614551311,-13.0239235693653,-12.377968573593,-12.69113462119,-11.3142270291979,-12.4822087250923,-12.4753664034792,-12.0288994005873,-11.6552124472919,-11.8411951318108,-11.9620211065865,-12.8336207051991,-11.56680664877,-12.5366868724365,-11.9855375923122,-12.1251644408724,-12.7280892734996,-12.6137615097837,-11.9978050663426,-11.4820865756383,-12.225334855494,-12.0637937937363,-13.3415178978215,-12.027952763265,-12.8836965494661,-12.3992600038748,-11.5684701249324,-12.9487499081346,-12.1941037671612,-12.1541689549952,-12.5212638469278,-12.0211720920575,-12.1475200908531,-12.5445830558984,-12.3787108931959,-12.4024702218719,-12.3021793712436,-12.8757570991253,-12.0848838492143,-11.75807559361,-12.2709209127765,-13.1300266604096,-11.8163151773355,-12.1285264328427,-12.1752426528197,-11.7295672372255,-12.4391288906735,-12.776506563175,-12.0872696296072,-12.4672228011915,-12.1279852511735,-12.1829286520948,-11.8870012622049,-12.2962745598196,-12.951733808366,-11.9256022905308,-12.3997875654237,-11.3539470410945,-12.7109814302698,-12.1286668066055,-13.1086110646755,-12.7329177253531,-11.7689256467001,-12.6168793537171,-12.5217767798015,-12.2886149985009,-12.656408973142,-12.3594782634248,-12.2289716069049,-13.2133008206574,-12.7106917224266,-12.135642271627,-12.2303011614091,-12.2447218599996,-12.1866092532623,-12.0057292655391,-12.0850788361739,-11.8565738323292,-13.4794620119193
4.53059609290186,4.38632062330303,4.50155933660656,3.62477824377886,4.16876906223181,2.47735938003655,3.69536878323832,4.44069253676286,3.46855880980255,3.10904059025167,4.28614134777367,4.65730870012673,3.47912824142883,3.21149629532791,3.91429277887682,4.26328262802748,3.15571366556124,3.20853953901773,3.73877398469042,3.11008276763077,3.39433079316027,4.03061063379834,3.27567229635497,3.89035357975686,2.47273372635095,3.45597314371771,4.44697868247924,3.42123681108301,2.81786173301586,2.31051208379725,3.07757287389207,3.9361594927841,3.99390957925531,3.5541518406904,4.58288576941769,3.27498468305718,3.93133617564907,4.15050140590785,4.19030328455499,2.68260847172529,3.41467673563135,3.36911347744128,2.93137274129641,4.1132235492759,3.33711217987955,2.94652925173116,4.01906183704604,3.52067752997927,3.45242233213397,3.62972618013001,4.51465888715815,3.59138340056548,3.84122476921873,3.51207121803068,3.82385578252036,2.5169856387776,2.85635576557055,4.41152585577402,3.73107587664836,4.33263231458716,4.22055319481761,4.52187435496772,4.30930469975342,3.77495285414515,3.03610238338362,3.42906081000688,5.03775065438743,3.25900992453018,2.85348329108081,3.84062968681865,3.40902802385478,4.20528794835657,4.20441860740086,2.60481316240565,3.24945850726483,3.17776634905103,3.37729401558663,2.60013354193597,3.92827196957724,4.42230185950536,4.00975984176219,4.10851335829007,4.05060158417388,4.04583390983625,3.28284106471205,3.96333327067385,4.64776310150571,5.01435355568547,3.27351167144227,2.3182009725025,3.47385094166226,5.31847067557704,2.7198698018331,3.55545562586458,4.42237552993116,2.93740800491704,3.61854137771833,3.89157840074539,4.03286149900054,4.45864380147112,4.16410120641242,2.99003080315373,3.46950132134303,4.25969696168746,2.27365479424497,3.28734823732521,4.02142852850494,3.07709221962019,3.54989587232536,4.35563125806035,4.31815181141347,3.94862491448204,3.456010822981,4.5107549134897,3.38035354618283,3.5807360459291,3.85581021188384,2.7295650444336,2.63398793876046,2.98349913209871,3.79173131158708,4.49712289842126,2.2007292144878,3.22024661708401,3.95104271724654,4.23749856495036,3.42891067128088,2.76237208558252,3.20180497354441,5.31460296850349,3.30625169123335,3.64257350358548,2.84323464689372,4.57530318042995,3.54889147576809,3.78601472182088,3.28298299411942,3.86378190567512,4.14362789030288,3.20940456277744,3.53780219005082,3.13889777782254,4.06558690847721,3.73949251465495,2.29590743727092,3.82803176452082,1.86868323780914,3.59233928403783,4.14639717649485,3.36141445388095,3.02828605558201,3.08722335376711,4.34819642486377,3.8152337356601,2.55956840309311,4.44990200629047,3.99627110010118,4.26586958153342,3.71061152283767,3.27023030399899,4.11267361119483,4.99506910806801,3.7674206414444,3.98411198576728,2.86339527136555,4.64879032674463,4.48938425774109,4.20528872380185,4.02135221024813,4.13170214568643
-5.22543580814295,-5.26876488410547,-4.32088778054412,-5.13414372095986,-4.50229303134316,-5.08776828070012,-5.13213241435777,-4.9266462718162,-4.62999534231152,-4.37246764367745,-5.17133404205325,-5.34623007559894,-4.88079490969082,-4.96952088186553,-5.29769398067671,-4.76865324514081,-4.31223065162257,-5.09120786140537,-4.73956959529389,-5.42364318781101,-4.9245320335569,-4.9388018821616,-4.83539976020502,-4.57364794872688,-4.86697120961478,-4.45917354082354,-4.83942723177204,-5.21647763144624,-4.68144162414038,-4.79638254228154,-3.54941943982966,-5.17331971833126,-5.22583846853571,-4.94085001290415,-4.99807750651432,-4.73504223331879,-4.92722292685269,-4.43179746880795,-5.58246218250449,-4.50188873990621,-3.52731503834807,-5.41036844708438,-4.79107734569352,-3.67137734352402,-5.18604199133285,-5.50993686360411,-5.02315347529549,-4.99928973646527,-4.84831232898261,-4.64694151458731,-4.59352436793273,-5.07078352719778,-4.19384841956604,-4.86578192815306,-4.56842630677269,-5.27930712181231,-4.78351106464506,-3.69656275641565,-4.02046093180013,-4.65582022242547,-3.75018915870945,-4.67538536737132,-4.94154753736697,-5.12031081974767,-4.59703469482606,-5.7028618768912,-4.64737680161735,-4.92290825263156,-4.64501121964514,-4.95431155180396,-4.87791777088092,-4.41391123634797,-4.67247430280174,-4.91378159214967,-5.03779301784066,-4.4890590570466,-4.72968832744812,-5.39208169909961,-4.80082135047734,-6.20742691321908,-5.34909296929729,-4.39973086769382,-4.84503401465584,-4.07643476958859,-4.6822003517471,-4.68525428516242,-4.61568091700399,-5.18895620473725,-4.4241576890273,-5.15229033812086,-4.24917011005844,-5.30063703404209,-5.30061719814171,-4.38340461282527,-4.6639943484921,-4.9377986736075,-5.18780916311139,-4.53790829381931,-4.64229865839257,-4.89639819580331,-4.80987001846172,-4.92264386039602,-6.59771291707557,-4.46224839790014,-4.89766207922577,-4.72276572491896,-4.27855833857732,-5.2003402003762,-5.19706444763473,-5.08139447534609,-4.58380256291927,-5.38865660847597,-4.76798663268187,-5.57879459113264,-4.69516878464806,-4.26110927455846,-4.87849413486313,-5.29680745968348,-4.44277593030692,-4.70649047755111,-4.88302509001338,-4.41787406612244,-4.84315271297812,-4.37024033916719,-4.41757927763361,-4.41254707962008,-4.85319282535952,-4.81952329059069,-4.78368362209453,-4.11635816235034,-5.0324820827976,-5.0091419228906,-4.77550812687627,-3.80576699643705,-4.258420010179,-4.74251070703293,-5.51454359523783,-3.57243265475217,-4.34600112758652,-3.90680498339854,-5.82168151080888,-4.99407072296793,-3.5739939292388,-4.75846794531987,-5.61232473772123,-4.8296515303267,-5.6213634439512,-5.25014999844556,-5.14628725426655,-4.78158171555295,-4.68992809744303,-4.75651914800293,-3.87735414133034,-4.9501579464409,-5.03590606660022,-4.20704430473108,-4.42997516065677,-4.21821646589424,-3.78348838204827,-5.87940682050679,-4.53418798144962,-4.10344164914775,-4.78704820471308,-4.73873899546733,-4.91605804130727,-5.65598137888436,-4.29435574851621,-3.98746862083169,-5.35002283992116,-4.57929140997477
-11.3145153542551,-11.3810142030703,-9.96861742146076,-11.9469742190595,-11.0304708564321,-11.481886643376,-11.3039157053461,-11.6648321158616,-11.8982520252808,-11.3241130992867,-11.6443068665759,-11.551645124671,-11.7325418460747,-11.3924421006525,-10.8604531584553,-12.1553680480096,-11.2455326152622,-11.8302444316939,-11.479396566176,-10.7351569441125,-11.2987475701753,-11.1228125056642,-11.7737404226004,-11.5077442184767,-11.6495459135576,-11.6990083168065,-10.8391441002248,-11.8821891525391,-12.4351639033617,-12.2472805844599,-10.8361215951229,-10.4491665949986,-11.1125423929347,-11.1466058037353,-11.4182025654262,-11.5055255048665,-11.3260743035616,-11.4529616890354,-10.9772690052816,-10.9722068723602,-11.3703134672054,-11.3192765180364,-11.1807332769605,-11.5563232535362,-10.8460950921195,-11.7987457919521,-11.0325839469114,-11.2517298868093,-12.0150431167441,-11.3781054835291,-11.192426159601,-11.3533526588132,-11.0756202536856,-11.0587169092298,-11.6679940850209,-11.6494670969443,-11.2047485119549,-9.8701646942474,-11.3173759527288,-11.5028759647749,-11.1787911319737,-11.1920731417915,-10.7797776578506,-10.7784887598848,-11.1942926007913,-11.9884248502306,-10.9748388749133,-11.385982191268,-11.7133147985629,-11.3862351012029,-11.2836111514145,-11.2687490113381,-11.2617676103908,-11.4764966273894,-10.788747285287,-10.9819082937276,-11.0723776932224,-10.2719353927965,-11.4196886420947,-12.2730820104022,-11.0611607826359,-11.2548515965611,-11.3021770677483,-10.7719359557518,-11.3576159882678,-12.3174936133818,-11.695876605423,-11.4611208466312,-12.2722013931438,-12.1781404259512,-11.9227440732269,-11.6495658822702,-12.9697311959443,-11.1313886712737,-11.2675583769541,-11.2999689887348,-10.9642198408921,-11.9778452699286,-10.9085279467045,-11.6239730994549,-11.5151530018722,-11.4657680926474,-12.3384646188107,-11.192192848629,-10.9169953265351,-11.410776006405,-11.2811454814388,-11.1175044457945,-11.3196805325247,-11.4130654767242,-9.83026585538117,-11.6258535433371,-10.873459757741,-12.2064296863798,-10.5267862495139,-11.7524457738962,-11.5120010989398,-11.989907404936,-12.4493474409952,-11.3868161123746,-10.8647839976223,-11.602095614237,-11.4699443382434,-11.2808982099932,-11.1353608853423,-11.8784677272735,-11.6729967056306,-10.7432376346347,-11.7118772562318,-12.2334246616467,-10.7408236729148,-11.4337885922118,-11.615427110945,-11.4547180927426,-10.9034535362287,-11.7130386380102,-11.3151782525527,-12.3428622899641,-11.4887867539871,-10.7495619513851,-11.629854658037,-11.6004274983044,-10.7397397374681,-11.7627269103168,-11.3940191947459,-11.2453748728288,-11.5206276012797,-12.0484197475987,-12.1651968989361,-11.8817170614054,-12.0254798224523,-11.9456814766213,-10.3150260976336,-11.3600180681006,-11.4766517491507,-11.1803579103641,-12.5190058178082,-11.6876215300006,-11.2894406059722,-11.9887644706805,-10.4795100599256,-11.399892078548,-10.586161628154,-11.5747547008074,-11.8944126967409,-11.8468501354876,-11.2699383651926,-10.8587539716219,-10.6147324083813,-12.4590257836721
1.57833923435087,0.0830444659232857,0.305764751274276,0.718069567630313,0.355932021680068,-0.0479043672880712,1.28549882448209,1.66659612276865,1.07614686856568,1.40737124791427,0.150789706351209,-0.00644039151499742,0.459138301088861,0.380423292552974,0.840703088192521,0.569962257819944,0.743606905191717,0.146040098638331,0.315420612063784,0.164592578763298,0.625177204556115,-0.592024122299533,-0.422054367920576,1.06701085817342,0.430353826286482,1.10624352348914,1.12418197953957,0.860367176639735,0.759364220424773,0.509086128474882,0.0825000880513844,0.158166716184619,1.98294855299668,0.590061862410698,0.712918935436311,0.167493919079309,1.9015122801486,0.615637658128519,0.712660902992551,-0.552411538924274,0.356471818706007,-0.0896502171237932,0.100242015221245,1.51160334983897,0.728729143780735,0.430302484587564,0.906805259638305,0.530444745338044,0.339118914532571,0.647548417312037,1.40385413731361,0.163786097016077,0.155093352820411,0.329036492053618,1.02687101050476,0.688870063273282,0.112164295915651,1.43635909280177,0.530821357765671,1.09604977360138,0.848209932117253,1.03537256098402,1.24994453800353,1.38061767612295,-0.375658136827907,0.877313495587134,1.33363115251118,1.03260169360356,0.166377420794027,0.376918888380556,0.986894324611737,0.472658350324403,0.490286322044722,0.217923646499844,0.95867276645725,0.989324156848619,1.01203123211729,-0.294870429239851,0.328166781843077,2.22347085726182,0.11600192322308,0.444719736903277,0.851507150157218,0.936783523507493,0.882753268012518,0.107107886496368,1.13030646265079,1.30117239421734,0.465396026023368,0.974751530151968,-0.147061217316514,0.974090210061146,-0.14913470715283,1.00401696958859,0.906530880028494,-0.259079438815319,1.20487512536719,0.704958002230351,0.811099288812203,1.63560038009272,0.521636736452978,0.553833611759441,1.07190093777063,1.33058811275206,-0.165976071174017,0.727128372361187,1.53488102052488,1.14531783682417,0.643375743799335,0.775729071409079,0.257727041840851,0.741197390400564,1.77479496131268,1.38478941433244,0.209157531500684,-0.049163317744835,0.15722653610894,0.277943250982146,1.82534391597189,-0.10969832961723,0.97737529790987,0.686188769549216,-0.040779336896962,-0.292121279391714,0.616740502607642,0.983089241947783,0.149522182160914,-0.205623097446363,0.754811058002586,1.36544530571494,0.187197758099884,-0.130366703808481,0.504502713373525,0.847167638916527,0.768737414256492,-0.292883587895008,0.544619024597712,0.452806004803934,0.521907236228436,0.439918342956393,1.11942600357631,2.21923665102627,0.299972542458782,2.25470744672591,-0.214957239698405,0.341782859818164,0.75340638833838,-0.0476329893120193,0.161634074199688,0.600645459405665,0.0556179185362562,-0.225315289447549,0.917200942238939,0.158135063912026,0.434726996675048,0.318630070325787,0.237253768510861,-0.0502357383900479,1.37306580008583,0.229135696810741,1.51576277047774,0.241721245315096,0.300762539248371,1.07606401340571,0.265082363849322,0.366984114069082,0.8868712318007,0.585191823381697,1.24652397215234,0.641772393317164
-4.21371510226784,-3.89786917147655,-4.01970588389173,-3.91638221903835,-3.8596552767586,-3.73478842481185,-4.0302563080132,-3.88216039355092,-4.16343364979659,-3.78990548314668,-3.84009898274171,-4.98803447336051,-4.52935530090394,-4.69428001703068,-3.80926597319632,-3.80334832222597,-4.67038616254899,-3.90325256390076,-3.45035107787207,-4.51234204662713,-3.92837970065322,-3.86618679299506,-4.30475902956448,-4.36584960040341,-4.08833064981665,-4.04609680466524,-4.45811840699129,-4.0993160943521,-4.33513980470082,-4.23486550118638,-4.56526073979117,-4.50013922516729,-4.67443709075715,-4.20500337797662,-4.25187049280685,-4.13501715168633,-4.26691762350069,-4.06797804564603,-3.98510544686954,-3.77601144157124,-4.36088758987844,-4.93918221933468,-4.19397096106662,-3.91179342293858,-3.95537741671248,-3.64827992919357,-3.656919172121,-4.00196885730268,-3.86082901277813,-3.98153381570478,-4.07261693003738,-3.23924709218843,-3.67367564946338,-3.70084798577069,-4.12031648211834,-4.56102066978684,-3.47070107127231,-3.92008510154377,-4.187733175116,-4.02855926213693,-3.91138543411239,-4.34366202739839,-4.6780548786977,-3.71215281723165,-4.02134883320793,-3.72422279815306,-4.22334498112537,-4.03411044671653,-3.78990996536581,-5.0240877410688,-3.91123853779415,-4.31052748156258,-4.23076530784045,-4.20570306124034,-4.75191792172473,-4.21900917412681,-4.4218803679729,-4.27145705986364,-4.10238545518353,-4.17074430267242,-3.95652478010957,-4.30837287792338,-4.03754095266509,-3.49528774184593,-4.47626105222872,-4.0340210903416,-3.95059506108625,-4.28423700831247,-3.83988848852623,-4.09502140610763,-4.18052787192053,-3.92163991391713,-4.42026860700862,-3.55843762834241,-3.96053990060891,-4.1051057075404,-3.84652881605118,-4.29707544403725,-3.90227780494612,-3.73454092381801,-4.22770401116363,-3.90077434375158,-4.47684313263452,-4.8048390874231,-4.3927790904591,-4.57688053007427,-3.7779569023162,-4.37232016788682,-3.83774800329673,-4.04243880430384,-3.90732727164422,-4.15999431942522,-3.95150617462048,-5.00083012408403,-4.00957178536785,-4.15861281239898,-3.21265462883963,-4.13674961362782,-3.4510436232846,-4.24344089946915,-4.01004739342869,-3.94929648853293,-3.99535466171268,-3.77523353920885,-3.21583598913475,-5.17921259459502,-3.97222105665169,-4.73713473834275,-3.76411875716846,-4.2159306401934,-4.3961531598389,-3.4768201665324,-4.21097794063781,-4.37300365610794,-3.04790332750447,-3.14085730128905,-3.78941844083386,-3.56595424306347,-4.0208341279961,-4.36877971830555,-4.19507192328463,-3.25212878384899,-4.4381696870749,-3.77211781322716,-3.86887138689876,-4.24974498852112,-4.65998908996826,-5.01142821652656,-3.2038462101495,-4.40695241645461,-3.88463365815585,-3.87725792997903,-3.68859971669285,-4.95655501009028,-3.35883647809917,-4.57224535063813,-3.77876945485747,-4.05557526154666,-4.48657269640363,-4.33062961279643,-3.92744549786606,-3.83030325264976,-3.75778734271206,-3.95502096894366,-3.43387624516347,-4.47153843782559,-3.62817585933293,-4.18981245181139,-4.14048508626221,-3.68701530948618
-9.60801795649381,-9.17645092783111,-7.82391816621461,-9.97723814889918,-9.62468552265901,-8.98062971298413,-9.34152062672145,-9.12602001525041,-8.97889549533183,-9.81076422268474,-8.81892993460356,-9.1717660804446,-9.17051109614098,-9.02746715883385,-9.17567027158219,-9.68160575034758,-9.34723082235312,-9.4979063140301,-8.29742583221023,-8.77582006510903,-9.27019104755045,-8.15036136566233,-8.27642175340921,-9.22954713931939,-9.02832021779204,-9.43948462911227,-8.43418935140636,-9.74422701026782,-9.36300315067662,-9.25559727633551,-9.76127698377374,-8.53975598481711,-10.0882263640234,-8.7217618504607,-9.0315139909299,-9.29886086756583,-9.1612358556023,-9.42787947608622,-9.04229883715924,-9.54249641826449,-8.75738894570083,-9.75266989742488,-8.7248050329077,-9.0655657317897,-9.28766808322433,-9.42766661491635,-8.92149426453856,-9.47095314092197,-9.09079464256308,-8.59611854000935,-9.24629200611498,-8.72621049205548,-9.54581878487999,-8.59369888824011,-9.65073201097653,-8.94095007208878,-9.87340172420809,-10.0646835337143,-9.67977633921763,-9.22955473917242,-9.20107638931431,-9.44784568253834,-8.89639805980879,-9.03745790618208,-7.99896936256355,-9.1875809416341,-9.33443700911394,-9.36926264623311,-8.4955014627711,-9.38233212953075,-9.26566741938991,-9.10633484586224,-9.42763140852964,-9.17781522441406,-9.42179540839278,-9.09704116660057,-9.46563578660479,-9.50184901704606,-9.24305172967838,-9.45442875866884,-9.13855734279668,-9.66591908715041,-8.60565622560781,-9.40574684431014,-9.2936264452855,-9.93367110655989,-10.2630264704195,-9.90774480607854,-9.706130148016,-9.20956428010911,-9.1913455072602,-9.82407376026527,-9.06096731494523,-9.07193540442282,-9.06311218531865,-8.56401108916994,-9.16915819927836,-9.27539158858485,-9.65745671941283,-9.59700801540944,-8.93292768449858,-9.06576790676739,-9.58955841262236,-9.24846756934554,-8.9864975527743,-9.60366308017716,-9.36152337330623,-8.52904996822716,-9.25054559089389,-9.10127537130912,-7.8620199509395,-8.49446371929,-9.2576269778684,-9.8266282906705,-8.46091698238087,-8.91385803297673,-9.86566219054554,-9.01707141467804,-9.27535014747534,-8.96147632737764,-8.7493941606178,-9.24803046677038,-8.51216373964446,-9.24725421312414,-9.34340122263936,-9.53476762920374,-9.14340598612229,-8.91497703848967,-8.90445903378347,-8.95806801987263,-8.33052450913606,-8.35486661175262,-8.96506322570339,-9.3994969507055,-8.2846744366497,-8.72633198546207,-9.17388735819225,-9.91432536498576,-9.46952947573442,-8.6682013879891,-8.87696897723252,-9.42668804920836,-8.85557492813272,-9.221628201156,-9.04957963558039,-8.89403727384152,-8.88848259733877,-8.80679251595534,-9.90275779859948,-9.43893643453546,-9.12508895662231,-9.31057574900376,-8.22680587667559,-8.71648348193424,-9.17061136238768,-9.47116082088514,-9.32708498198978,-9.27171078513584,-9.92618060417941,-9.57601668880992,-9.12710780652314,-8.8849683509215,-9.21416420161899,-9.1946529125265,-8.38036547764831,-9.26497179969027,-9.69861998851149,-8.96636463026608,-9.0983701042747,-8.79959723334542
2.10633825359441,0.845445328782881,1.56352327698601,1.34860928009696,1.17002965958122,1.44919609338937,1.52177827446889,1.15308103834625,1.12745218937098,1.48749622064732,1.59078465137604,1.3280698308863,1.89432504320017,1.73775324271433,1.19120640741488,1.09518872509207,1.53867191218412,0.66362817935756,1.21313971786832,2.17030458753069,1.35881142888806,1.19939932046356,1.54714080223454,0.945215749078993,0.76338066302308,1.85820881446817,1.57847499992735,1.45059417430301,0.969866098477952,1.58937395826528,1.45691282919828,1.7869526398361,1.91238069883182,2.20036376354046,1.4011644374014,1.22976923787054,1.89639103397938,1.63509320683811,1.00307166147376,1.78375873701077,1.21327213959105,1.65930101867474,1.30001168555968,2.05943416404219,1.99614211478987,1.19975178073516,1.2244963859257,1.03499215203106,2.00200779171181,1.2113865423866,0.955193557609286,1.28975755390732,1.58367311651461,2.15441002989635,1.39302127246465,2.06206250698713,1.92315258611273,1.95722153560764,1.24380842803438,1.86992457895283,1.5052358079341,1.90262814010732,2.53763881272358,1.05770724306128,1.67884829430112,1.69770455093285,0.877903064215839,1.79534960613537,1.1532977682882,2.09476875303644,1.83207786597024,1.3629897103119,1.71290694917418,1.76664113610978,1.12879549338126,1.79999102057189,1.8310244662729,1.49662780586687,2.07069435789482,2.03904594632991,0.476292576244599,1.03366953411654,0.918303459980661,1.06045120688694,1.99258956496429,1.75952779894061,1.09550098903513,2.11758315698374,1.43159590975293,1.9479409333698,1.54591635445159,2.24007646106832,1.25520509344917,0.989280663824795,2.38371932866952,1.16389685965513,1.10634187234139,2.18647064860952,0.561625447372088,1.24869287196703,0.952441055421011,1.2710522095891,1.19327993527537,2.71867222000279,0.961959940130191,2.12630667760019,1.45180357887155,1.3527845541749,2.31776162235351,1.64768349396149,1.48768369509657,2.12683044346708,0.749679380521644,2.2108622076563,0.992338527663706,2.03013482376068,1.32688509637267,1.08255951565605,2.33943054237507,1.25342349335815,2.96907500000824,1.37329692500657,2.10339106132187,0.831329952188811,0.704431730526598,1.37312322531719,1.12636167615407,1.27139426066769,1.48696079507935,1.63534600240674,1.06992007080231,2.10655496060926,1.68724661972011,1.41034442271145,1.06160459934595,1.57347868442305,1.4776474981817,1.67706154633259,1.73173545108439,1.63623035698014,2.01526184246952,0.887946169432781,1.43727010959568,1.4668828054537,1.71620115980339,1.92524369815551,0.982470773739213,0.972423648653112,1.00367158860819,1.55530305380657,1.15486257609074,0.984480348824709,1.49128095293321,2.27178235953815,1.4448535437762,1.83031833103678,2.00220003726732,1.7738799250655,2.09124276163746,1.5466634973053,1.52233210720638,1.73016950373396,1.01530115162726,1.03362762039783,1.49373310762312,2.08449030148459,0.982341657885587,1.84245572415301,1.17534492372907,1.25953808006819
-7.137324848451,-7.59031693975955,-6.81649665477919,-7.43651553133742,-7.58768210253068,-6.70586084138481,-6.9796568433124,-6.76065913412813,-7.19048068285813,-7.37281473555694,-7.04982616657939,-7.11378455882005,-7.56088177600866,-7.05593132663841,-6.51584834306302,-6.91833362422828,-7.37895351938149,-7.06238819545983,-6.62085601457315,-7.78115422025938,-6.80640194107105,-6.79560099036703,-6.60115020471333,-6.84026592423513,-7.0210339903838,-7.91316913138415,-7.35332828088866,-7.49717908779066,-6.8688557227783,-7.75915576367039,-7.21661009833791,-7.23647469552382,-7.81387230701159,-7.30187871900223,-7.26112523047627,-7.34810501686927,-7.79745099628035,-7.08718490026375,-7.0290340029955,-7.20082672775098,-7.28321199456297,-7.33399069511637,-6.89241128890242,-6.79146587486422,-6.4445050388287,-7.19275020777696,-6.82168896953159,-6.63069831234181,-6.99161672050608,-7.21316856360426,-7.35259481928144,-7.11833275825367,-6.71802825631275,-7.93858152481368,-7.12799426848792,-6.78335535454805,-6.97056366134312,-7.0883856224763,-6.98492981140592,-7.67986450988341,-7.00208129544278,-6.95568576236957,-7.59661424306274,-7.84212889736674,-7.50698187983642,-7.32206783092199,-6.73001676743479,-7.2886819414015,-7.00150086935263,-7.56823552539028,-6.2068961039349,-7.15677236644805,-7.41743358351362,-6.97961279698594,-7.49507706541787,-6.99967267920156,-7.17010133160508,-7.1312338418323,-7.08192919141596,-7.933280196265,-7.27190220094135,-6.97405257426721,-7.5038693497485,-6.70421041458388,-7.3767098209792,-7.284528549327,-7.23571179530498,-7.29962394844791,-7.76384627780982,-7.08553241365807,-7.58479155238481,-7.11505948428607,-7.84734728526284,-6.73470671771648,-6.45608750702248,-6.66657981973946,-7.11100838140571,-6.56200872696862,-7.36597239407682,-6.51997274351932,-6.57239017397682,-7.46830533171131,-7.51367486672988,-6.39988540501723,-5.58751956471373,-7.23753222768481,-6.76680296967914,-7.53751668794589,-6.98260993148396,-6.53979418020687,-7.52355678618285,-7.53545930111553,-7.11915693036854,-7.01146340934868,-7.51134359621081,-6.93542038449081,-6.6921397391307,-7.46836980212325,-6.97590559319961,-6.97869941278262,-7.95625957568908,-7.55994778819473,-7.34394155837226,-6.94678293031765,-6.56471639101703,-7.54522454685374,-7.22780933229751,-7.64315184216789,-7.14695267208852,-7.21830433985149,-7.3436168705073,-7.64849024322917,-7.24056247117298,-7.27373983918084,-6.97067444068309,-7.12263993843335,-7.53323580366868,-6.50828994621607,-7.25192634213827,-7.0524746295072,-7.55288665465914,-6.89662540223064,-7.11476945964544,-6.57264122066358,-7.02750358580443,-8.20069397212302,-7.30257403957968,-6.93073728334242,-6.54785706587263,-6.90401152440748,-7.03452829152625,-7.46731284277817,-7.16082889118189,-7.93811625500306,-7.10989239941999,-6.51980805215575,-6.52437475036994,-7.19242034834071,-7.52538774853125,-7.37688304572612,-6.88219236308207,-6.97656961371739,-6.57396905404869,-6.70597752062333,-6.52207514363798,-7.36152095030296,-6.96951528541476,-7.3056148016979,-6.92941964324166,-7.33814872353456
-7.41978214623841,-6.97113531808367,-6.48181232945957,-7.31084030940447,-7.00151734804335,-7.12098389188278,-6.48630209125289,-7.37294370276755,-7.83259577451201,-7.79438375924724,-7.09175826993987,-7.09794074124154,-7.13172548726808,-7.0680206014999,-6.68044339879341,-7.75420057585922,-7.11627021191491,-7.93204235506831,-6.75624339370473,-7.07633318096476,-7.22268811406492,-6.800842613593,-7.66246106554241,-7.35767100611496,-7.36172902542972,-7.19705481358377,-6.97419609663304,-7.32818307494601,-7.34865605240697,-7.03507412132852,-7.20312956632458,-6.53873281661421,-6.74634262856448,-7.37011022966623,-7.0404874852863,-6.93494575388723,-8.0513467164143,-7.28219415811891,-6.53973770597987,-7.05841423704025,-7.0458636703399,-6.73291609956899,-6.88050574863773,-6.74735465217229,-6.63853030125353,-7.00279924180969,-7.12475550817134,-6.65445903504243,-6.96085766666027,-6.86055917839456,-7.1394747450992,-6.96058089052693,-7.93859078098319,-6.78632791694366,-8.02719246426344,-7.33194208406217,-7.45482151617075,-6.98456595379244,-6.77305723545253,-6.69821386978127,-7.43429876341171,-7.87626048934251,-6.41872165111141,-7.10609843387281,-6.58729458599142,-7.48353208985621,-6.57468881775599,-7.44233523554318,-6.57746400318815,-7.28134547461938,-7.39197892661022,-6.96903428100343,-7.35840192728122,-7.49825688307056,-6.94086443781572,-6.2944135452727,-7.81027023966818,-6.95824374875433,-7.58023683821728,-7.54620091216557,-6.87883737855602,-7.44498873123096,-6.54382774763885,-6.91465697397021,-7.87134360715515,-6.94420116994564,-7.16159616156419,-7.93888584404143,-8.04010400406897,-6.93169791831825,-6.86353976721594,-7.20202903353693,-8.00968367507451,-6.65431165113299,-7.37807656785823,-6.89470741408629,-6.92600107296593,-7.41817983092911,-7.19718102149824,-7.38918337815784,-6.49095815213777,-7.32553618414718,-7.72995161587946,-7.09006633728523,-7.16625138981734,-7.5576331908885,-6.82594844141115,-7.42038553019286,-7.44367153213148,-7.0544190283115,-6.84813997514691,-6.51469522081758,-6.78323281869068,-7.42022588377285,-6.91825198752608,-7.41383332346142,-7.48877366391891,-7.18889278623703,-7.75082573541837,-6.75871934221583,-6.22761770028818,-7.36595310499031,-7.42926965984036,-7.39637830994641,-6.86982514780319,-7.13208805472768,-7.32260060012301,-6.88059355292003,-6.91578359854921,-7.16711567712977,-6.66948421285095,-7.11182942426504,-6.62100573740457,-7.50486704019178,-7.05367666185666,-7.45264937882828,-7.55820343504616,-7.22114367116102,-7.7129123802903,-7.12030753855976,-6.3907633682039,-7.06415508330506,-6.75609992037119,-6.98027130463702,-6.67504086306254,-7.05685648246868,-7.26180897851553,-6.59193878471534,-6.90070886924653,-6.75434225888451,-7.23203273183296,-7.58822777278767,-7.27207847106067,-6.81470788307314,-6.96941423377767,-7.13287684471481,-6.5162729978096,-7.45740754252485,-7.26980000674284,-7.59444291575489,-7.30580959874636,-7.44863026907517,-6.70147308251306,-6.9639196300278,-6.89089120964335,-7.61525924028724,-7.12939595027083,-5.90424243733295,-6.48028306643251,-7.79490462126441
5.46371643235753,5.20712178214854,5.21500772435752,5.02245704292887,4.11306113577317,4.88320596900973,5.02823669051802,5.32498310066725,5.23716278727407,4.95290888616666,5.65289440641163,5.00244116138471,5.30436376608488,5.95133399505568,4.63880335057393,5.67051471511097,5.38596134825307,5.53640925439172,4.22505943662922,4.14923075106402,4.37653270479602,4.84218653905937,5.44713658700766,5.45154646094695,4.81321924777792,4.77087491413933,5.68841642720469,4.8869685013276,4.75341597453538,4.1350994342515,4.77385848019391,5.22659531404982,4.87823063744728,5.43998252269221,5.0132523908591,5.38884977613738,5.47186029172947,5.34729488554634,4.33024295552144,4.37273279042352,5.20368026435317,4.69172207275278,5.15944617839461,5.64802194416487,5.61258562310232,5.03647050824511,4.75058345551509,4.90669098592342,5.46989447231269,5.57555542147635,5.72282154567836,4.49071734747985,4.79792613264657,5.05305137917615,5.85485820635972,5.47305593315652,5.11055000439121,5.45842033037161,4.20731536856273,5.47473049113223,5.0809401855853,4.68552799557929,5.27563754797607,5.97882525983753,4.4684628929139,5.12370581009776,4.98081353071103,4.99595159422402,4.75625945120101,5.11316244059469,4.9615642731263,4.53354197658488,4.67256618757493,5.02553921082032,5.11669989947718,5.92061010275575,3.86519358842809,4.57240554317699,5.8019763323791,5.95078987290366,4.41513003333868,4.30271738496073,4.54959171224219,5.65102278846914,5.59460866063971,5.42926868792057,4.7402370325045,5.35694696440981,4.98509479620245,4.63377256967362,4.62826902423387,4.56139254381024,5.41716725075443,5.27416570451858,5.72545570521237,3.87527557943324,5.29103828581481,4.86250759883449,4.15762297110223,5.09840028317471,4.76199036245923,5.09543067677444,4.48615291847905,5.19792105460353,4.51191736091525,3.98049858358549,5.63701571161411,5.68848282304317,5.30936560918209,5.7006170651958,5.45234172941417,5.33309604788619,5.17201513279313,6.69756060365472,4.48699839667634,4.38401511392017,4.36716052655507,4.6726485741519,5.52378781050847,4.42007256475986,5.11383682845697,4.45253334068511,4.19339015757235,5.44379494480232,4.60024719623138,5.94484652296371,4.14832616168096,4.58807260304511,4.89113773763625,4.5892549416296,4.95338927604632,4.50487793156027,5.4065299179586,4.49107407619343,5.57890371083701,4.47312158874595,4.19874469020808,5.08942723834152,5.75357763474277,4.69291723012665,4.59228805019535,4.87402323806766,5.63475143908054,5.77254637137472,4.97863351559805,4.41516544946036,3.69953323502536,5.06449034036222,5.1539905072236,4.96593376851351,5.68762218022708,4.42789727907579,4.80704690043311,5.77145883227618,4.80037283166152,5.51953164113588,5.47219796803802,4.92326977551846,4.76982027311802,4.96387448156919,5.10978293650961,6.04503988110936,4.42554850911691,5.25570650492545,4.670939792306,5.25827742594815,4.96340292455715,5.11207561462211,5.02791559937109,5.81607668403473
-5.94584555236495,-5.91067670609304,-5.7721340510755,-5.77907337977426,-6.36824816698511,-5.71521768521164,-6.19552636174363,-7.23116079780313,-6.1611365025728,-5.89499797586247,-5.47851340092628,-5.78457893160868,-6.28187270117278,-5.84728573922542,-6.97575730969721,-7.27169076408098,-5.8362313600278,-6.09249955556953,-5.79316017024158,-5.91344251100891,-6.59777775111027,-6.08070045260716,-5.52885326528528,-6.23055121909127,-5.71321044331112,-5.55046408384342,-6.15744703759447,-6.38423549430532,-6.12856952317215,-5.45113083444714,-5.22906470052859,-5.81740334338776,-5.84028537029962,-5.54937332187318,-6.22031609814195,-5.31677585812017,-6.49508948520259,-5.32374928394604,-7.03242655334093,-5.43323313792088,-5.86056054519022,-5.87079902096265,-5.96352376150749,-6.31845861075681,-6.17780283520901,-5.59559772098995,-6.52339137622371,-5.84819847057687,-7.05581622199188,-7.07216969200475,-6.03498825150446,-5.62131019554256,-5.65581751967326,-5.57853331863364,-5.24164565350506,-6.32860535329209,-5.5214865179824,-5.56868323468448,-5.71353087403578,-5.8398182696399,-5.16979628982298,-6.00851377446259,-6.19084036810424,-6.31053339172242,-5.42561265051743,-6.08389762164846,-6.76097325673609,-5.94221464699882,-5.57017231356754,-6.114269446546,-5.92321402667782,-5.60119251075554,-6.37081456147801,-6.2443539165474,-6.00970685072099,-5.70417410618587,-5.79151564122985,-6.23555561965985,-5.70097640410312,-6.02426343483506,-6.19484666241863,-6.63081850451739,-6.6739306292127,-5.73766167986357,-5.96492332703684,-5.93242577695139,-5.77656673096069,-5.79834750117488,-5.43770804538742,-4.95439045364928,-5.60732684682551,-6.14113574889757,-5.71970825018889,-5.49124003797911,-5.66789935648596,-7.43049382452413,-6.20991886004771,-5.62369008817748,-5.88697141248481,-5.59166394233782,-5.69007185533904,-5.92495869859583,-6.59469805533546,-5.56894046583511,-6.2998302721474,-6.28813403620161,-6.21271922976572,-5.77007554073698,-5.84833066424499,-5.97384567708129,-5.4874033328056,-4.96234542629381,-5.97319370960286,-5.9428064088461,-6.26140993664991,-6.01833740247839,-7.37793059719263,-5.7175813524744,-5.61324694172746,-6.59207371918477,-5.871163312831,-5.97057087778706,-5.68594153264853,-5.52595733332932,-5.49255698345272,-5.63718359944093,-5.96811089697072,-5.95118667852014,-5.45797203790623,-5.50501629976595,-6.24219694374744,-6.19502697991651,-5.03722915319091,-6.13036577416794,-6.23617470645888,-5.18069747132702,-6.33019598692247,-5.55769412701175,-6.0166462390507,-4.2323442613639,-6.0727484073135,-5.08779071310523,-6.0125072446458,-6.27718122203634,-5.79069313809565,-6.44526501106563,-7.37930985345215,-7.14029985113458,-5.20070651651707,-6.03108647133119,-5.94184555132124,-5.78222199752588,-6.4807518509588,-6.21862856477646,-5.83101828223139,-5.84832979481176,-6.94523465966783,-5.69530977928029,-5.77345270453895,-6.10201421224666,-7.09170599530576,-5.49609108088482,-6.18319992147913,-5.90832014537369,-6.06732932846885,-6.3042424287062,-5.50761127211569,-5.9496969421244,-5.99933891361774,-5.85394348961305
-7.96488547313496,-7.31152086548401,-6.75041047659125,-6.73994236629656,-6.57637110687804,-7.78588052033327,-7.07253659914745,-6.04843263417095,-7.06084010172768,-6.72032144448265,-6.68170787430791,-7.67840589252595,-7.12767588777734,-6.97889690260654,-6.22998119994568,-7.56284536833529,-6.95485911684747,-7.45981974528976,-6.46828012213869,-7.09367997463047,-6.62992278435468,-6.84861070046786,-7.4783684632226,-7.86031754978105,-6.70073094117776,-6.74324531189788,-7.7405046222301,-7.4084455776484,-7.36392743832799,-7.37601621621683,-7.00148867278213,-6.54063145591639,-7.59507056478992,-7.08924728352654,-7.15130404521508,-7.13147595455418,-7.66610165518185,-7.13053147348086,-5.9101470048495,-6.81827671734116,-7.11894712930612,-6.92831352219279,-7.33548825839821,-6.33107070336296,-6.72257967775724,-7.24734440813365,-7.51233562748149,-6.62871166296391,-7.1464562745577,-7.67113466765107,-6.90856147478059,-6.66568537990902,-7.40550135648407,-6.24046698361384,-8.07417368628709,-7.1493235252717,-7.9400773354302,-7.11053596704895,-6.52207016070701,-7.24099613066143,-6.66163949366742,-7.1551412872695,-6.46761856760417,-6.46592583957374,-6.55571491169731,-7.25328643261513,-6.62590635883383,-7.32224094649623,-7.3159164140837,-7.15355566378073,-7.32724189597771,-7.05804652612057,-7.06955854900696,-7.83252468382912,-6.37267285595891,-6.73837465861482,-6.8323600145868,-6.92234986780236,-7.19018924818598,-7.39621489356413,-7.38763539830067,-6.63522000508085,-6.19191673427862,-6.45544587456212,-6.72730970092,-7.70928763156027,-7.63151967715118,-7.65177175331327,-7.20534406876139,-6.91225074236919,-7.85130019126935,-7.12939125850562,-7.44256094459374,-6.98768744203961,-7.05399729850178,-7.17512378473621,-7.027715064498,-7.62164638781289,-6.82742717502281,-6.51625904882889,-6.65283199778259,-7.35768626652678,-7.1629510545038,-6.50279661938929,-6.87675622377547,-7.09814136978008,-6.96327561315379,-7.73918098499811,-6.77764091819275,-7.0231340063675,-6.10809278755079,-7.26403205650924,-6.23429672990069,-7.81486132904863,-6.12376023905783,-6.66584861836507,-7.04806189239879,-6.2254646587278,-7.81251000657452,-7.0053519263071,-6.54382099918645,-7.5623565206295,-6.69674635553641,-6.9979099329847,-6.81527080553337,-6.55371582841001,-6.95764428235894,-6.52662680299383,-6.48437078004663,-6.54396069373461,-6.56721188051672,-6.62526825850126,-7.19624195020519,-6.81701007610501,-7.11276765817541,-7.42790545113957,-7.10843921949052,-7.41495880315816,-7.75484836698529,-7.36429468847432,-7.66105023313105,-7.48433538625494,-7.23284109669157,-7.15025995089028,-5.92900529367041,-6.91085767892204,-6.27616841468886,-7.41715432916326,-7.04528176903137,-7.68709270052893,-7.02136709348256,-7.22040484280681,-7.06562200007275,-6.0544474337643,-7.81554527216564,-6.97575599033541,-7.03557772665491,-7.4375159559292,-7.1526086672661,-7.7631342679216,-6.31660518302073,-6.88795606648728,-5.92735133554296,-6.76464776428445,-7.00519114774837,-7.28799845845361,-7.13156107464091,-6.86581469674876,-6.32920808578798,-8.34534500765338
4.09361568903701,4.03883623429537,6.02544471429243,2.38435834093982,4.60329879049393,3.77383482600255,4.03497121560942,3.3994512301597,3.32220951492242,5.51814435630701,5.44697324332357,3.10273126369345,4.10723786300573,3.41368427583808,3.43593736040263,6.21020387068886,3.22109778344258,4.85672483926968,3.65703021725826,3.24680077762694,3.47527907466833,3.39717713787612,3.58929757080659,4.23418791435236,4.06462921401911,4.09773885304082,4.27934316041607,2.31088520043164,3.48154223485073,3.85607405397315,3.8114975686752,3.42484874680693,3.83661646524886,3.91232507602936,4.43458523313535,3.77549438545844,3.76100812663184,3.96744030640956,4.84642790936398,3.42190947087427,3.49368103419085,4.01867121906586,4.01681672202851,2.76431333828846,4.88999517464792,3.0976051670968,4.04014208124469,3.41546574263669,4.8135816469929,2.95151747476381,3.88185467929801,3.83745397622858,4.11905658662463,3.0004243243455,2.5870649476176,3.52813612977294,4.02672694487414,3.63122223052541,3.07983156059508,4.19052004311246,3.98649250358712,4.61636502266807,4.15378995649032,2.16930554243329,3.95099995061651,3.47927806451113,3.73732511719719,4.08272270389329,3.48754656810457,3.47424742798734,4.66762336916826,2.94918342722659,2.60492488073563,4.64480417353872,2.96262047693541,4.64498145918198,3.47922380820361,3.16993776365094,4.76058673394163,3.81190392640195,4.9445539305523,3.14115163353935,3.84198868153979,4.12658903014986,3.69275543192227,4.26622047800589,4.64790952145334,3.72327404965997,2.56014109180688,2.27634536275367,3.14525746719778,4.7182206567878,2.20592898370018,3.31688372504075,5.0883009372242,3.34213489733304,3.60245660827931,4.90782866984413,2.05107883620079,3.13748723058461,3.08996796828318,4.07233385492369,4.89019838633325,3.49076360714869,2.80324079874522,3.85267236099872,4.31231063501993,3.23834817600218,4.80667502371452,4.44758772369709,3.29606446700536,4.32437858917397,2.38591918110877,3.93039992329752,3.3711245977036,4.15636258292142,4.01728170016142,3.25270340082886,3.75260661416585,3.17466183035657,3.9654292013959,2.83379228397721,3.47809224495413,4.0829800894154,4.32876739068419,4.96536626393615,3.0665390316169,3.08828889457327,3.45647953300892,4.14780119787186,3.7964492319741,4.42367640609145,3.00616662075722,3.92387743467561,4.72801532042004,3.84409891883453,2.59787194566107,3.26415665168658,3.75876785568371,3.0077545663214,3.6972944308306,4.44815694638623,3.96638490793795,3.70737846279749,4.33669810247945,2.15475595838108,3.11523467765778,4.17511879827927,4.69259074974097,3.36973907260516,2.97141055542534,3.65135573172216,3.34171485344618,2.85522961901249,3.9774221380392,3.68496765338636,4.65916613074421,3.68791782626493,3.53239452263456,4.76761224476483,3.86777011808704,4.44826539517919,2.92902968650243,3.34684868427499,4.38348679271089,3.01517370053948,2.90567946614431,3.15262687481269,3.89703018055118,5.49760061636712
-2.73249071670398,-2.62608091068944,-2.8373210968727,-2.80956549602088,-2.77273145651591,-3.319555577936,-2.49128781828115,-3.06682201844622,-2.84550460903926,-1.70906269509991,-2.77440877284696,-2.55609411500096,-3.25897388072738,-2.46763193673236,-2.70435548179913,-2.70790442207004,-2.55449055932899,-2.43149515251955,-2.15727444056119,-2.52362552140514,-3.09444107913342,-2.81563130467452,-2.37719781346164,-2.40604569587237,-2.24011413562337,-3.92450745269158,-2.9472957576308,-2.74231443249857,-2.55045256184404,-2.27765042262985,-2.72873535163483,-1.86810667522624,-3.00337636065827,-2.827394986604,-3.64299274560222,-3.41273963787322,-2.26929708668448,-2.74501522710318,-3.31748516448729,-3.0058896479303,-2.46294430349925,-2.6172513070625,-2.71560293785843,-3.3434409687187,-3.20482990899512,-2.10752152578344,-2.87864221984465,-2.38289617666399,-2.81494375977848,-2.76859862098666,-2.72908918328185,-2.72328996011924,-1.69519967811989,-2.94649424176202,-3.0049556293215,-2.82703576439589,-3.34547788668991,-2.60216878162864,-2.05030611822118,-2.11561748505311,-2.51585863593214,-2.6811747888405,-2.64182510178125,-2.47133035549985,-2.48928491813932,-2.62450701582321,-2.44599985265854,-2.39151110361332,-2.4443495872069,-2.6811669759644,-2.57210423164159,-2.83864910430268,-2.86439334151004,-2.09298699098761,-2.14023229486929,-2.87346701637324,-2.68160252328668,-3.00096511761025,-2.28994341449121,-3.03984385417074,-2.19350957273778,-2.64544891085462,-3.29264282783236,-2.49190383020843,-3.33381439582879,-2.53561447058338,-2.39207358233259,-2.71866937987052,-4.12114584493619,-3.47015020029473,-2.59166607158476,-2.22837919129894,-3.49921407633227,-2.4128179684422,-2.77633153318631,-3.25104097818904,-2.80242294869772,-1.89378837719513,-3.23917453544605,-2.22988804994532,-2.33115732153924,-2.4500782899242,-2.50645000863653,-2.50667564871385,-3.12733741685613,-2.36337916067937,-2.5176697899044,-3.32426910003265,-2.13724941401144,-2.20166466399141,-2.92595108447818,-1.83374535158359,-2.74343553122862,-3.18002243869769,-2.71811745348147,-2.38937204438753,-2.47896237690702,-2.63547730489359,-2.28564170192901,-2.75097917400173,-2.26300214085875,-2.56672887923175,-2.68171970045438,-2.08647614277348,-2.6496623887756,-2.2378749955179,-2.92829306088419,-3.04114173116394,-3.06883225366574,-2.60404827995612,-2.94477834073431,-3.04121607721843,-2.66077267652164,-2.19319128937344,-2.03305957747614,-2.53361717160402,-2.8184881820716,-2.33331323681117,-3.046782313843,-2.66006672377441,-2.60428697132067,-2.86073060341021,-2.60939376163405,-2.64186489883414,-2.51118486817731,-3.55541331271736,-3.06146102854698,-3.29087793922983,-2.7286812801481,-3.01285942756878,-2.58063784325322,-2.15154167738541,-2.03017382745108,-3.10677484051158,-2.05544316356086,-2.64616947158029,-2.80954416727387,-2.33564770011646,-2.7852560114085,-3.02530508219154,-3.15045074916479,-2.58029409831158,-2.8753747437793,-2.69981083188292,-2.22609857600548,-2.43229698277415,-2.2059106128592,-2.7161771439987,-2.97256390301139,-2.75144209914157
-5.55337439179501,-5.84911609579717,-4.9521301485233,-5.61534779359703,-5.40806025971033,-5.60557340691442,-6.06501003764768,-5.49320207574721,-5.48427710277807,-5.71991921667713,-5.58964423888947,-5.57327598359924,-6.16548642634257,-5.57222312879012,-5.57914664915763,-6.58474703888719,-5.61700941367269,-6.46380942170411,-5.11362803882006,-6.55611433782559,-5.1095531715757,-5.91465535262557,-6.00406926038817,-5.90226963363348,-5.11660991902502,-4.84485386176727,-5.18826965056259,-5.2347591886147,-5.51222684329173,-5.96477611586377,-5.40795640311958,-5.71695612466595,-5.59808465262995,-5.7672551985234,-6.03564861045925,-6.16520215307381,-5.42010784392801,-5.33499032191125,-5.29819353817662,-5.54591436235391,-6.02537449521569,-5.13607569743566,-5.1803712924445,-5.12777434956458,-5.79355341102958,-7.52710096859813,-4.87269095701823,-5.3056283285713,-5.54820389208189,-5.02255030043312,-5.89935153225375,-5.2082125833282,-5.98147348839858,-4.73909688648449,-5.66141517708638,-5.61858922478625,-5.81384312922432,-5.07314633614927,-6.01833754842217,-5.51399377072527,-5.00262604891626,-5.80664063441862,-5.7031943177619,-4.14947584529421,-5.20606467192349,-5.31916076496749,-4.70533756878355,-6.0119940150894,-6.04989693987766,-5.69654121133196,-5.45432800853014,-4.87422844279663,-5.39433890100009,-6.16155187127891,-5.6799854889472,-5.45939615475348,-4.92001760949499,-5.33821970703745,-5.304005133829,-5.98379495761138,-6.2539153385897,-5.74304653568809,-5.11367867925419,-5.6638186563305,-5.93630371579335,-6.26039029637748,-6.61231151754806,-4.77347406538495,-5.7186841906104,-5.1069722646508,-5.94473974444591,-5.92542281139718,-6.04850877481503,-5.3161843080416,-6.13420555484752,-5.84175985833012,-5.49871309109114,-6.00714236231709,-4.49999284765107,-6.84689312408644,-5.53650346015124,-6.03822124371023,-6.41395935495204,-5.63816625642075,-6.16267403197905,-6.76843104554487,-5.234745358401,-5.50983344668137,-5.50931789341791,-5.51924644232236,-4.02398413200772,-5.76405764205769,-4.88721849779078,-6.58153189563019,-4.92896273928453,-5.47702838276077,-5.62880918638334,-5.68925540862715,-5.93384884754538,-5.69034159291425,-5.09124450285289,-5.3473478659149,-6.49160049788524,-5.72700593388093,-5.16284254186593,-5.30810574167013,-5.04411061269167,-4.98398134910067,-5.58233405140361,-6.07615848683071,-4.59171786787274,-4.90494038735126,-5.61599839266668,-6.02233784110636,-5.29078933311209,-6.24715340744317,-4.68220048842045,-6.02642194669623,-6.50425857835813,-6.000721658479,-6.01277758056609,-6.25662430903085,-5.81717061956529,-5.61550403677585,-5.3581363655532,-5.2869926138652,-6.05018211966358,-5.85428554221162,-6.72637300092906,-4.65969861173288,-5.69133094053302,-6.02844577764899,-4.80532921401671,-5.09539038396401,-5.99736233774542,-5.6354224699153,-6.62501819471754,-5.93486237885698,-5.2678146139274,-6.37834706936266,-5.20912124577237,-4.86599201308429,-5.22180031984861,-5.47795370033195,-5.53490830833875,-6.21666105048973,-4.99630220803446,-4.31342923108921,-5.04379575575956,-7.23310393449324
2.48809160460939,2.44720356743308,2.480590988364,1.4145766061596,2.28230019950312,2.8606800511928,2.53951104441467,2.37820822221491,2.099261273663,2.29799385263543,2.81286827697588,2.5542330642635,2.39525955562583,1.99675481596574,2.21441770466146,2.03667881301974,2.31789501159828,1.32040518658496,2.44080998617656,2.20033315786202,2.08919874742207,2.36463528613153,2.33669598840369,2.15562290426576,1.44990590172697,2.21300805623321,2.20154926552928,2.08736993890107,2.28100999251972,2.06440743413354,1.23208555966647,2.33014059657973,2.61225559137225,2.61019389954676,2.96981672543556,2.34431052721934,2.38890811386323,1.82071260930618,1.91661158656457,1.72999389301021,1.45407644899209,1.82488737387951,2.75835250471691,2.29475733777751,2.59421064210967,2.4894953273687,1.9790622023718,3.05529615724087,2.62228788447461,2.24085409406845,2.39588164454994,2.39098643121969,2.31798069144057,1.36597769763792,2.43439136762846,2.24563065748374,1.90686009886515,2.37761561061782,1.15951689126645,2.86961198347662,2.95702297499723,2.28855312745135,2.33853798997857,2.81996102237509,2.27732811873049,1.99055600589573,3.51310241179123,2.99725825631198,2.25456931255727,1.62165731253715,2.27090176028522,2.41802657121138,2.51628897004327,1.96646617981829,2.35188041038352,2.92294242942434,1.7304338766845,1.78336870843092,2.54463946207798,2.93236564433541,2.10194644528381,1.72798981457508,1.61592268682666,1.9299431470826,1.89482304095892,2.37719536181468,1.8552303093635,2.09976867280436,2.48908539813149,2.23893366580251,2.46578832184361,3.08658922456039,1.72250668681607,1.34084040483746,2.2476539209075,2.3036244921718,1.67101692314972,2.01363629463582,1.88903959142991,3.09406880936403,1.76824585000776,1.96707166245356,1.78535863593851,2.61936123991401,2.73754929444933,2.5631698745425,2.62693951736089,2.14875916580338,2.20373094989136,2.26578494403178,1.59135732803955,2.21524751253607,1.89832447988668,2.91315888848548,0.99596363733934,2.90311397630843,1.25173309290559,1.71278777788684,2.5730807542498,1.60295264851754,2.49720989079898,1.64902834504442,2.32053559431748,2.3842886263765,1.47471009488722,1.66747029609236,2.41663534318894,1.73364085788102,1.82896466259857,2.09364139259503,1.59078744105055,1.44044805690506,2.32297879970447,2.08546766406676,2.55361830303134,2.09853676526754,0.97047229676715,1.86194435853447,1.96412481083533,1.96074675026972,2.53440785309467,2.15455424793344,2.16556664191503,3.29736969587477,2.37651462867017,1.87904746962121,1.05774896585685,2.49850671177301,2.81302312134646,2.38276051102855,2.62689160169332,2.90189317798403,2.70868130531013,1.8541347276579,1.95343602906731,2.84779123677455,2.3810212189493,1.98043367692223,2.47906694912614,3.33599008733602,1.91980617763844,1.53939641385284,1.23229921127073,2.92541999700251,2.98910004022389,1.25524455974022,2.29976604826651,2.2432774286409,2.46655013749875,2.49365960248077
-4.6381911392952,-4.74978646700689,-4.9340992409196,-4.76916353224812,-5.08798835251074,-5.19286794551336,-4.22129690228051,-4.99129005949915,-4.54773478231409,-4.66131830983166,-4.87375163428768,-5.05808274725703,-4.71658985833225,-5.02231096517269,-5.06824005628809,-4.25550854479338,-4.97496148030644,-3.78223448792087,-4.47651045798014,-4.80818419815528,-4.99837285108602,-4.91017921853086,-4.50062420299337,-4.03904528348342,-5.20431406322375,-4.48538308298424,-4.73318299222046,-4.78854318270663,-4.2881884278162,-4.51227042853739,-4.39136429221415,-4.98680731230087,-5.01315754419403,-4.79257172097388,-5.17010676994031,-4.42529451455228,-4.62074371978661,-5.02012247826487,-4.48302661978904,-5.12931220819951,-3.99895184159465,-5.12297231185087,-5.42324022717584,-5.31695665784349,-5.21691221196566,-4.46787413231229,-4.77312999727508,-4.48412328449248,-4.33992588909789,-5.44174920888612,-4.54906819616172,-4.81148535924148,-4.64832195554183,-5.04747714664866,-4.96883857392809,-3.98214252377343,-4.40447648266226,-4.6103403605812,-3.47935854874838,-4.52007579944166,-4.33984727296161,-4.44052653487657,-4.64842538207472,-5.12998021739407,-5.03949011024082,-4.95765634199752,-4.79341283616095,-4.80501468020718,-4.79600682432756,-3.91309710418437,-4.36556605295076,-5.09799118545021,-4.56602531992141,-4.86466539584949,-5.17018530956458,-4.63496123003251,-4.32718077712229,-5.1255678712696,-4.49242531058919,-4.62578721200685,-4.753937996926,-5.20720424369681,-4.95757323121696,-3.96645422016708,-4.22273109126745,-5.0762827134203,-3.78520255368809,-4.60750485849566,-4.47558732072958,-4.82745721181883,-4.9080248461821,-4.52168805312519,-4.83219995669198,-5.26656311192992,-4.33609064851681,-4.65867908753771,-5.26430353603574,-4.13342102091407,-5.53413661461812,-5.09763218817819,-4.46174714220052,-4.10789136878878,-5.00226758892634,-4.98588922099402,-4.77149297789682,-4.30495825456657,-4.78491707512521,-5.143027773882,-4.05348930133651,-4.46766610949108,-4.51934271219696,-4.61984336309261,-5.77189907232426,-5.17181324906417,-4.0910019861487,-5.07799938409091,-4.4207205027772,-4.56759525246483,-4.52527816144145,-4.64929759113907,-4.33131968005894,-3.76473884008133,-4.3618474507857,-4.44621037207349,-5.1599282019192,-4.15532701743587,-4.86387554237432,-5.29228202347225,-4.69367076438042,-4.53652528824084,-3.99865523283363,-4.56890063639921,-4.65010785068187,-4.72960680155891,-4.82978483178653,-4.60289613642333,-4.95662831540945,-4.36390767528893,-5.17244181492498,-4.92960411050121,-4.76697063383963,-4.2703082770733,-4.10762112942912,-4.25454351618216,-4.96807515492191,-4.74150133950884,-4.42803368685478,-4.91636065207032,-4.29392248630028,-4.9764817040173,-4.66801699264831,-5.47272776293638,-4.67860957879917,-5.33811261103603,-4.08878678218601,-4.82363014462424,-4.48179631891193,-5.36377710189678,-5.21952229975878,-5.57092007655919,-4.92515584521897,-4.55407461813728,-4.67641874238161,-5.2543785244969,-4.45819915420344,-3.92443906513157,-4.19193235689758,-4.8946755464082,-5.0689365070328,-4.22411714359492
-3.44377454656861,-2.84885500186074,-2.98637822772381,-2.94527798084998,-2.72377270307179,-2.41660608748412,-2.72325951545925,-2.9813935513339,-3.50657119550328,-2.98749162971931,-2.76409352895862,-2.61416662524071,-2.94275037854143,-1.91979466131392,-2.93590541214218,-3.85540716323047,-2.77941276926274,-4.05799534628068,-2.00148465592198,-2.48971464358342,-2.47134203090148,-1.83252366498193,-2.86524874558447,-3.48424611213749,-2.64724642373434,-1.5716949592643,-2.91080635088788,-2.99540591043955,-3.71452472117281,-2.60429606779509,-2.47680271973613,-2.47443392286599,-2.94993634960088,-2.8013394192601,-2.92234106434621,-2.83348397427345,-2.56956411274451,-2.52586561629055,-2.88511302175359,-2.85096252362527,-3.06358814816039,-2.68461035232484,-1.92283342692872,-2.69490519444891,-1.97783517018391,-2.60947259106419,-2.23731262907295,-2.69678487232945,-3.71957391216153,-2.37244175793688,-3.36680860254604,-2.45144534123192,-3.4635109404836,-3.10592817320059,-2.6102464102045,-2.61662225694059,-3.30716694174184,-2.75668544664214,-3.43704115410556,-3.15736408457229,-2.60310255537983,-2.69391166628991,-2.34808365682415,-2.05492028000038,-2.49216830109524,-2.98257144934815,-2.36130529910346,-4.00845597412052,-2.53721341885476,-3.65704653884246,-2.64975845244637,-2.93920697094853,-2.69385251496706,-4.29390992966878,-2.52419289534033,-2.10157043067156,-2.73807994275924,-2.49253026512944,-2.67986785078133,-2.93273111829697,-2.31297331924947,-2.67639331907606,-2.13138400232111,-2.95890984784533,-2.92337982745074,-3.60325860805816,-3.32217397020894,-3.01247561855251,-3.29395684176131,-2.4690824417158,-2.99288440211343,-2.96760887279186,-3.06460351782771,-2.5742155886524,-2.37541991245355,-2.00276933288414,-2.92920957701066,-3.17117576305611,-2.35112357307785,-3.03802528655206,-2.49525653657821,-3.43606999728983,-3.12324426205544,-3.05972660787483,-2.52866892146758,-3.15802290545038,-2.74732264664786,-2.76232798530059,-2.6730350382091,-2.99624160948954,-1.81978145373247,-2.6775434291177,-2.76253872830659,-3.10270427215686,-2.1045786369305,-3.99404757260734,-2.80869604380249,-2.61103915902019,-3.33874764419671,-2.82338310984986,-2.10004583503212,-3.16709338434364,-3.61949534153876,-2.56429638054357,-2.28727205913399,-2.41352358783186,-2.38871596888538,-2.18711032468015,-2.67581603233592,-3.25504836778147,-2.04214172203393,-2.21969015902596,-2.65998988153478,-3.6839779253735,-2.4159422075163,-3.48388632767104,-3.64940767333677,-2.81956857521638,-3.78858700258352,-2.29583216794325,-2.64682280007696,-2.6809304987266,-2.37075838945909,-3.34965904619739,-2.60208312806365,-2.58828134174815,-3.0413489793952,-3.27636645685237,-2.82666533704245,-3.85607897908257,-2.7936565333858,-3.02750426299045,-3.38790404969151,-1.99053672129077,-3.07973207799887,-2.99488023430248,-2.77173941977771,-3.47743642573008,-3.06057962455036,-3.58074400545372,-2.34791422035269,-2.4257649098721,-1.82896744273624,-2.99288993311588,-2.77341156536921,-2.7347348856698,-3.0479951472035,-2.70253756943633,-2.08801484764588,-4.08905518977416
6.09694514757018,5.10898882765245,5.57026112740399,4.80179411040087,5.5901171364897,6.27785063024545,4.78898386523503,5.91375619756553,4.70615079032883,6.04509133285876,5.52967066781035,5.96259169545624,6.14390060235124,5.59134137381669,4.95665730402478,5.96129308737412,5.38153986244384,5.38681031215853,5.47789424874834,5.30502046848999,5.32147445085768,6.05555094967515,5.5678535669509,6.00305396279205,4.5198350540566,5.51579656715443,5.86833359897325,4.88448404405485,6.00581630337353,5.58165430618102,5.46266734437317,5.47436984648268,6.53711588039205,7.17770425087822,6.01438800941813,6.64356066779355,5.47545130484055,5.4507664886883,4.9672182361478,5.72242567502847,5.17251041156846,5.98643843241664,6.69686397043041,4.97434087527282,5.63732373965466,5.73579276207366,5.45587627665142,5.59442975110392,6.97013597331138,5.27440139240548,5.53074858243942,5.23617694663844,6.18828282236967,5.19295268911449,6.16740912617157,5.65877862297809,5.1222790806458,5.86621418085767,4.27791284351916,5.54751335471393,5.62946993557538,5.9953203679793,4.8781248656373,5.55828194978267,6.3379388020529,5.16764446445117,5.65607390832755,6.31614334248958,5.86349852646121,5.88904305842163,6.30338055948677,5.221323689556,5.27142234920245,6.383123525779,5.23324474291526,5.91526556536813,5.01987216927219,5.02761649488197,6.34955001992231,6.16191356315437,5.05428405671917,4.92773616461065,4.89267000812305,4.00755946611403,4.76652167866132,6.89331098042147,6.21951095986367,5.99740014121392,5.41306506282436,5.79371616065233,6.51554455359769,6.15255751809423,4.73282983317037,5.5472806383929,5.82549942276125,6.36741265222491,5.65068059474623,4.86328494195447,4.06550706270049,5.51100376449757,5.21142531739136,5.69123269902399,5.41656999304452,5.95452034489726,5.95455963002743,5.69237629482279,5.0702483928038,5.42531367970265,5.90824284911555,5.53555859604042,4.46742267238917,4.96055339913717,5.38231366393899,5.04652997392003,4.97533657988894,4.98003809445979,5.63214113815208,6.04813375493733,6.21745786741208,5.84095619218976,6.23654151626018,5.97544010606352,5.24783844192971,5.3930261450628,6.58147924886455,4.77343912473865,5.30787916868235,5.00709214580771,5.11067699792307,4.35133359757604,4.85141240893436,5.78600521467881,5.26096839423733,6.15118660357981,6.04254618264883,5.58258764559806,5.18865150188827,5.65968868035004,5.42447528176019,5.4901780670885,6.47757021069585,5.27197741187316,5.99332905618805,6.87183017860687,5.76756690009292,5.78831169056436,5.93803155209882,6.20947605965184,5.80819864893459,6.06876132212556,5.56988707791975,5.55886491873353,5.37039368769529,6.36862786275078,5.48125412560178,5.47126750786534,6.40501327103544,5.6547008722172,6.04492177087693,6.24777949084691,5.71459102585087,5.62852974004786,4.91706957950045,5.52001040948627,6.06140392961905,4.83881263467342,5.56718203976402,6.29077274224572,5.50567692436756,6.29269831556551
-6.33332951506858,-6.82674295764183,-7.36001665716368,-6.74322275151046,-6.82306992230853,-7.03526273911869,-5.66306418440887,-6.99045722902383,-6.75714674683799,-6.82449488899764,-6.82209569826191,-6.21058852081836,-6.34669325939105,-6.61337356977419,-6.80924659296705,-6.30545100797008,-6.72209613595324,-6.69900475694256,-6.17649743950738,-7.30213442364719,-6.84454674513693,-6.61429669667327,-5.8903227603072,-6.60730130434836,-6.97931016258314,-6.61782196680071,-7.17030459782101,-6.03189493011314,-6.58964171252751,-7.42752501026206,-5.94220733538843,-6.67600951775798,-6.30097145675163,-6.31666945674062,-7.85897088935055,-7.48164635541596,-6.75425245225155,-6.32408820431627,-6.83000161693861,-6.43077771858697,-7.03558524068435,-6.74899336464208,-5.89685246470252,-6.4111110369688,-7.36684153909352,-6.69606457001052,-6.57634646002705,-6.97347864356282,-6.1804592642608,-6.56114717080339,-6.56180428410533,-6.58163752937346,-5.87372157974083,-6.40284210142535,-6.81176876728597,-7.00648905435754,-6.56670401923275,-6.49218807994404,-6.07951482261067,-6.42424842428853,-6.41029127120253,-6.94448151787498,-7.01427126084162,-6.92832625101541,-6.72496680271149,-6.6434312260665,-6.25676780362587,-6.60274229713081,-6.68647439166501,-6.76519589512583,-6.57818572143881,-6.79703592069086,-6.82056938184324,-6.61766678342708,-6.44593816771102,-6.61664866941068,-6.34106126027773,-5.94678798939187,-6.25925531642182,-6.01647287189184,-6.43807610022116,-6.67047984148539,-6.97207517870703,-5.97257921419424,-6.79166939164228,-7.17640613798542,-6.08664980079314,-6.59442106107434,-6.49128092664514,-5.90295637966402,-6.14775288264887,-6.30838724131288,-7.13471325866919,-6.68387532065798,-6.58646995632647,-6.66514095077963,-6.31607963007061,-6.62449756893508,-6.95847310952699,-6.84315098588254,-6.68299616957003,-7.01008221166485,-6.08615937656931,-6.96096073744311,-7.14774583419022,-6.3046579403331,-6.9115421520754,-6.56628131327493,-5.48160779495118,-6.36277815387456,-7.28522223829024,-5.86277362843969,-7.53233890374842,-5.87277484401731,-6.64933263330617,-6.42065920299561,-6.59658291783241,-6.07149910693675,-7.02259443922371,-7.33571288799137,-6.67183764313887,-6.42888819828572,-6.49080599339113,-6.49985446323003,-6.51010398764566,-6.27662860309375,-6.58205973352641,-7.17135882507977,-7.01720532594479,-6.03625062600497,-6.01011616557475,-7.0647278430301,-6.82853231261222,-5.88504365501506,-6.70601685433266,-6.34584043786485,-7.27165088259669,-6.11389989739025,-6.424332835107,-6.48622783989238,-6.00286904028202,-6.74963706345563,-7.08490155784513,-6.74360827156286,-6.68004666520914,-7.00648244156486,-5.86900440054224,-7.03152665565113,-5.95372539772468,-6.77799577034126,-6.28990186332495,-7.03367693399104,-6.28632816623767,-7.18698729304143,-6.14921451286754,-6.42198603010889,-5.97262265021627,-6.1277931457939,-5.76082584986548,-6.54293161098857,-6.63180145321511,-6.38251987292482,-6.92081857735166,-7.33433015427748,-6.22712692850514,-5.77474302659844,-5.9861288173356,-7.11815116360665,-6.47241514494825,-6.02231757690855
-2.10397201597992,-2.21352446303516,-1.89410235444367,-2.10979724975825,-2.50972252700319,-2.5114014671122,-1.13206046190243,-2.92000176775212,-1.92430937739565,-2.46181355961523,-2.40398465083611,-2.43159874579573,-2.62459074904746,-2.22580039350131,-1.54303170278071,-2.94580949383146,-2.33453448862076,-2.81850255334848,-1.67850692827602,-1.40342203515957,-2.43869400839097,-2.59880432995249,-2.74587492875281,-3.10084921044792,-1.77377920563303,-1.34560622425506,-2.54548197917829,-2.87862790210344,-2.96322253695302,-2.91228720093816,-2.75456699645029,-2.24479863360171,-3.03684273938331,-2.75989744460773,-2.15938605524821,-3.27437699120503,-2.28424038256347,-1.31997672599471,-1.84821451725712,-2.55661955142656,-2.68699291620143,-2.38332356662374,-2.49957815688771,-1.17757641141834,-2.04919773163259,-2.3910413851218,-2.69122730041116,-1.65871506769406,-4.04922755615392,-2.46492720281871,-2.49251372781177,-1.59277989593812,-3.2842000452453,-2.41383355741481,-3.58908944843585,-2.81213650514214,-2.39818130319153,-1.62840155855114,-1.66949263654197,-1.93030275010674,-2.68326615188104,-2.01437676515569,-2.57435784410216,-1.79243662191126,-2.17450001629032,-2.15866316825717,-1.89417581335702,-2.55008435591704,-2.75494288186866,-2.88394927252203,-2.41170558709045,-1.95196825456803,-2.32109538552741,-3.04321602969454,-1.46545063373793,-1.39314337298498,-2.06215820959428,-2.21553123962692,-2.2727159664913,-2.49307621691319,-2.4805268868887,-2.09692946108039,-1.85030216036737,-2.12653999288798,-1.93168496578771,-3.0495233286519,-2.4148168042227,-2.93236529512364,-2.81531954413211,-2.17678239130694,-3.01334011174672,-2.72252049857486,-2.08841853805165,-2.16182597377268,-2.40646684277427,-2.471777459765,-2.51077243861913,-3.21602703720779,-0.889396537032758,-2.66619251443101,-2.20538922421355,-2.74683401423453,-2.36415268651116,-2.41311782679603,-2.68990119864865,-2.38814087579816,-2.22490336808646,-2.45609445949654,-2.10617041827779,-2.39540588106354,-0.84312711156349,-2.28676854771337,-2.06886261446974,-2.78189717799418,-1.92809184348531,-2.86374345844399,-2.84172284267152,-3.22138309592667,-2.59888581805487,-3.03875982137005,-2.35439243932333,-2.32708345655871,-2.95901764811431,-2.42659693210006,-3.13516623527861,-2.87388776163191,-2.43531419846237,-2.0551393453257,-2.75188786016116,-2.25365956718966,-1.47032509038006,-1.62353280749144,-2.03434463630714,-2.45255710749269,-2.27253180479227,-2.64390636181679,-2.33145031891196,-3.1753235055301,-2.21168806338284,-2.93695230574534,-2.8801522718323,-2.4749238940563,-2.80638099344534,-2.39464723148793,-2.40190994698268,-2.07544828811105,-2.31968235701096,-2.79955066494085,-2.98470039572699,-2.82409731329827,-2.56191926555122,-3.79270667304678,-2.1122296062222,-2.27393359684696,-2.64847267128364,-2.65076261531047,-3.07520858559252,-2.38299989217916,-2.28503438133881,-2.74129510613879,-1.61299921982091,-1.76962260568625,-1.56889342216432,-1.59143153092159,-2.95254536769782,-2.41806887584982,-2.53920770933198,-2.158144422239,-1.29239248093747,-2.88704536315517
6.31192865157872,8.08325136402504,7.75810435350009,6.02329985381468,8.16354585315023,8.36586296175596,7.73009154971386,8.61969554028481,7.77102544032651,7.80607833385511,7.50732761904276,7.80983741069887,7.48142072239763,8.22500965788395,6.83873654993409,7.49906238245062,7.70656181013266,7.23015015907077,8.01877008392319,7.07183282342956,7.31693943814719,7.42558427377331,8.11466748685983,7.83748320742282,6.58397231721114,6.5059621875518,8.19167321639128,6.15982563824166,7.81289555111695,6.74501980803722,6.60995044194822,7.97374806406378,6.58927419184093,7.71088641551266,7.96519239334531,6.9023841856148,7.87875942305385,8.1294203952771,7.16575437371355,6.81597517762553,6.83147661859459,7.22968246586558,8.42835419502196,5.99436464558446,8.82733936324712,8.57517644616726,7.49505501774207,7.03598322501405,8.46264404301868,7.91927214649573,7.97115353705768,6.92327963588379,7.32548765038816,9.04499883850545,8.02705691365694,7.12421550805291,7.48486659186826,8.03309381449438,6.28534101156132,7.86516786267551,6.27110957380852,8.46063666740948,6.96235548446645,6.65439571593499,7.05301557249039,7.15794035640991,8.58005973403978,8.50974936172949,7.46487275898621,6.50939834674177,8.05188150342769,7.51480238559786,6.78253538025175,8.90004400893133,7.55214057146183,8.65409476078688,6.38651259746626,7.4437542035866,7.76245738319066,7.374808877039,8.14163825395766,7.28416710032023,6.98068141731066,7.74542112661042,7.51676902967561,8.29353970447307,8.49160863277766,7.77824247179293,7.19375202730252,8.72291410246308,7.81296871194576,8.42407648321521,6.83777011408381,7.13868435855038,6.86463146448927,9.16822498026823,8.71419706910752,7.70649596820123,6.05985052100083,7.75422553694186,7.3504124840649,7.2688462703719,7.27587827367509,7.69830809506627,7.30083140813082,7.68724067055814,8.82089540531438,6.91204877874086,6.89107636704786,8.27009491481522,6.9696895180142,7.39594680272171,6.94689616941099,7.91025701111944,7.5676695181147,8.05647516323513,7.7491153980949,5.99465318011425,7.00221765424642,7.18021353705996,6.98646376416942,8.74503337774367,7.54777764597402,7.86898679932751,7.31447881289928,7.90139443775552,7.62351701699137,6.2150746942478,7.3365129539336,7.34788706709656,8.26892937683774,7.91795191459407,7.7159737731203,7.30275589601676,7.43380683450868,7.81268003392243,6.21372409481536,8.3199501747544,7.43011767661032,8.27753571242296,7.640931174848,6.97787117001323,6.61417375897162,8.2908637834867,7.31001333008935,7.90752607534347,7.2917478611956,7.7559905560764,7.93587759700843,8.43849837028206,8.3059414044743,7.45716382726614,7.01670430204443,7.94099426137274,7.72525806275612,7.3866005538749,7.4309711853821,7.1325160819708,7.69867549738103,7.54159658071313,8.21712990386402,7.83627460206259,7.43972474528037,7.60237194122537,8.13884186113252,7.00146652364458,7.77484988387857,7.47912666036364,7.59291793587649,7.99330842899752
-2.3450848634722,-3.90264840194009,-3.9085081315984,-3.32184700853878,-3.48329038285648,-3.78476669963648,-2.29645690357817,-3.71632180970434,-3.22896841561232,-3.04780946022054,-3.53867579398046,-2.50532299957198,-3.34091141872932,-2.96944159567565,-3.25779444092827,-3.33441327340316,-2.47478535011218,-2.84474938186792,-3.40863423260382,-3.49441757549833,-2.44137366489607,-3.51198197151436,-3.4656269587835,-3.17060597499382,-2.34733040323552,-4.26662909835592,-2.97620890463302,-2.58700588002199,-3.24478858815894,-3.25392432171312,-4.03743744588479,-3.82062579593047,-3.86088665554427,-2.34929458668329,-4.2540775556359,-3.18887852237255,-3.514858284778,-3.60227307077698,-3.46137399335234,-3.37619465510258,-3.24389120265376,-3.50660445417558,-3.47086520267678,-4.10209003091647,-2.99329114314136,-3.48300147246657,-3.30117839867359,-3.43678736222364,-4.06793816447904,-3.4250282320576,-1.76572227959756,-3.51439483771343,-3.93783741099502,-2.4498673193496,-2.78845712612219,-3.09409244685953,-4.31976311136658,-4.10422250899843,-3.4277028723527,-2.96869289322992,-3.11168878412177,-3.24930309786914,-3.45835854807017,-4.07878583778052,-2.84232644241298,-3.08555751474498,-2.34916984620458,-2.74204849889548,-3.16698267408956,-2.86704453265011,-2.38697581893454,-2.97256201664173,-3.87661292386937,-3.46654499754737,-2.79632604063721,-2.82235804717932,-2.69358241604769,-3.02262605023832,-4.04904423328002,-3.78661758861892,-3.19136475095797,-3.65741165589697,-3.78795320525429,-3.34782977667219,-3.90791849068211,-2.76477618600735,-3.23047783852156,-3.04257355833176,-2.79984091187124,-3.42658570887295,-2.3576210321275,-2.75360283108911,-3.78093926585227,-2.97911293132347,-3.54170073252076,-2.91226004763361,-3.41212579784502,-3.93966449190949,-3.0630645264631,-2.95801000867915,-2.91718508698672,-2.74118924616094,-3.06234376650026,-3.59044528482628,-2.04335241296157,-2.41705609877494,-4.42007542484517,-5.18841936646087,-2.80737705228593,-3.20560280623609,-3.35496690168387,-3.26867792065559,-3.80418047044118,-2.7409968593795,-3.59355980948302,-3.00660653173386,-2.73306242709549,-3.53674730452984,-4.11699227162565,-3.44394025697591,-3.04250488087127,-2.92134792388594,-2.04186302336053,-2.92223850881231,-2.99643325667683,-3.20753159916146,-3.97972601872855,-3.21977844126984,-3.57946385535605,-3.1191445142493,-4.48436282090247,-4.11622919634005,-3.01100062584007,-3.03244351065718,-3.2440926935594,-2.53031036624584,-3.20188084887516,-3.205560835346,-3.09947535571258,-2.14369421985495,-3.26897698384586,-3.49291281619928,-2.86046020643147,-2.88221957744439,-2.9456340118507,-2.546749343361,-2.26910290125495,-3.98218605253647,-2.91492710712785,-3.74056769698101,-3.42981609404928,-3.2355228798558,-2.30342431641529,-3.17077800823684,-3.22758224375221,-2.98564349641444,-2.88881982778995,-2.91314565572216,-2.91645443273269,-2.9058595137717,-4.16510735839703,-3.26814282045575,-4.14596742724256,-3.89383935186167,-3.54837313157609,-3.36243713127529,-2.84194080335664,-3.50728331416497,-3.33217033622779,-3.4955591851971
-2.16518687499993,-2.12113276800958,-1.73231579008582,-1.54165979124822,-1.60794464549945,-1.60929795993767,-3.00807466373673,-2.335007744413,-2.09860572602398,-1.66985582911605,-0.623831159423917,-2.26230881056942,-2.22092312730825,-1.69341177816975,-0.663712473535878,-2.59108665679376,-1.27979171594973,-2.27121645389871,-3.11872656424054,-2.1755023629984,-2.55767394968192,-1.96197069160409,-1.52436122491443,-2.40632274010213,-2.13119294488045,-1.20416849318202,-2.05748417123084,-2.01476438661538,-2.33780499415898,-2.29081638029674,-0.785925350898661,-0.880754644369571,-1.55856693904261,-2.5087226301396,-2.33004878638295,-1.34302233621081,-2.28935379647072,-2.14007532489338,-1.41511538385814,-2.28620485725635,-2.22056184636513,-2.08830368625213,-1.86668376648129,-1.20918348818354,-3.24832962575278,-2.58705091178921,-1.24503495314348,-1.40430103982989,-2.7612934051822,-2.08253871628077,-2.45826104689462,-0.938435830696692,-1.16455493011197,-2.73205512555617,-1.9114263323943,-2.13811934907059,-1.97584086991631,-1.45534023015759,-1.34854650855937,-2.03355919963726,-0.748217776541612,-1.25092129800254,-0.740698211787312,-0.455539308467272,-0.756616792111821,-1.59937644737284,-1.14678317014817,-2.17836755614829,-1.7918764549825,-2.03335581618769,-2.07715642765619,-1.95426896745725,-2.23332534892791,-1.83601990630342,-2.51612681383623,-1.39615312900002,-1.74609576632016,-1.2116787173506,-1.6774017547659,-1.49263663919219,-2.54443021033714,-2.24027076553187,-1.00809125933475,-1.57530826339822,-1.64445796250356,-2.68670453959374,-2.37725230598851,-1.50925417855563,-1.61878505566101,-1.150717215758,-1.94545707073638,-2.35987888820555,-1.90182787879572,-1.04205839315237,-1.86811498711877,-1.96737100327761,-1.54717520935625,-2.59192701992574,-1.79220779907087,-1.8492868978424,-2.16998843015549,-2.01610946785627,-2.04897249176372,-1.90348669261947,-3.18148568002132,-2.25530746018614,-1.72834747375389,-1.43446409722694,-1.76513843436951,-1.98455343491018,-1.42648201761471,-1.50670126237782,-0.345225117782104,-1.67206932954718,-1.22246318949827,-1.38893175374417,-2.32099874843688,-0.853259557186059,-2.15800184822731,-1.49958421671265,-1.17206964318524,-3.01849828665064,-2.26091616873443,-2.06819585159174,-1.75452970301438,-1.64656498694087,-1.05396000945255,-1.25918561016923,-1.44696189738134,-2.23717637073608,-2.18311246624544,-1.47855845313503,-1.60747674599621,-1.75442388640948,-0.886377721990601,-3.33262355463109,-1.98616693634729,-2.17959731978246,-2.38820583701628,-2.57450794117569,-2.13428369225351,-1.58178341315541,-1.62584362802032,-2.06940165664078,-1.06217882749215,-1.24451168512987,-2.23959513812139,-2.23394946636702,-2.78395468058442,-1.81150100386508,-2.93856660978338,-1.76305138970682,-1.79202034299107,-2.53863908825519,-2.03963578142339,-2.28950334400907,-1.49126060487762,-1.64713596758642,-1.19354698324538,-2.05713464554154,-1.74557077601882,-1.84106343940294,-0.737969098462091,-1.68871925186271,-2.2184366443047,-2.7299211218344,-2.73306860188417,-0.631674723659329,-1.28226081473932,-2.22934882388912
2.56449013355212,5.24828243114669,4.94075995335347,2.866703883854,5.13462008141914,5.07740557966228,5.98559110491919,7.20704305312352,4.38331270242326,5.419146607332,3.48656311875975,5.26719516494795,4.76504410004385,5.17624065093668,4.75325160031653,4.72896320322555,4.99033569171441,4.05147298956821,5.65262234464275,5.26845023961654,4.60241311498927,5.42654168900984,4.33965695786758,4.03472619557493,4.86780326843592,5.12070733425396,4.7051800931438,4.29071014573706,5.4968225196517,4.18584665095372,4.02290914995661,4.61492612403472,3.88111441705462,5.59243422480762,4.78247973896249,4.69865134649998,5.13023415153214,5.1941193281386,2.9633461341592,4.50052887191895,4.96985909293932,5.49385421662397,4.82894682081828,3.03004975271621,6.19158548247634,6.01073838949172,4.82998875255598,5.11265641635693,3.54046382470949,4.3352242242014,3.65335005686831,4.36489058696224,4.74012442237297,4.32455271058245,5.14731133102502,4.35039836689656,5.47440449238878,3.98893328029711,4.99173837359531,3.33582595383103,5.35563860498099,5.15235729353457,3.43937967260726,4.31066001292363,4.43634578393078,4.36759572821682,4.54614362614538,4.00889171298257,5.96695057440553,3.63280991137274,4.77738905399757,4.3811115814239,5.51577326104497,5.42477303834422,4.22610619371786,4.81437989214124,5.12962472707223,3.82094856935745,3.99739703198294,3.80904120678302,5.30520901198576,4.65794143634507,4.37004161492,5.07036379134674,4.97121015944028,5.05128449235075,4.93334632379473,4.87851526868856,3.74630473453628,5.34989888084458,5.44688781392368,5.69658197603724,3.98897350956395,4.40110927891835,4.61269992811254,4.90278528355622,5.68495693269651,4.45412054836023,4.73064272782017,4.54071837830569,4.9653849367546,4.63248178629346,3.75209380331142,4.3185731997596,5.82480028726255,3.17755565489553,5.85497844064821,4.74714136283807,3.81813358312291,4.72161626675669,4.70555447654486,4.35333141217498,3.92295424113272,3.71859848172845,4.92856149907626,5.32578264901374,4.8734395969666,4.67449119188768,5.31152737222928,5.38071939164116,5.28290325162308,5.57930567476944,5.19255563388153,5.26730790147913,4.94356036885157,4.73848469970146,4.84582881273276,2.865540593916,4.38814840659021,4.29571559516523,4.58714113000375,4.57333285490877,4.34882659650279,5.21560273097903,4.98179416536105,3.68175446968044,3.83809793612263,4.61534056359114,5.14021578040949,5.11492304226839,4.77511505510614,3.78445775289005,5.48183875920404,6.09000646943482,4.64411340897982,4.87228169323688,4.72830501350975,4.32248839082664,5.46899917158355,5.61882382644608,5.06408916053326,4.43231478950558,4.82672464085183,5.37036280837377,5.29968647346483,5.36252112073875,5.88820051151929,4.36235720897114,3.80957065380695,5.19188319284537,4.72669373253873,4.20335145032535,4.20458948251963,5.13777550755966,5.63097282279835,4.32641470727656,5.1908508501708,4.36028643822822,4.9352434039538,4.54333230918904
-2.22728920602635,-2.13316976980488,-2.27195003989251,-2.28490722215368,-2.64323459235633,-2.37632252203342,-1.31577410590846,-2.50017130771614,-2.6327472138914,-2.73371622067948,-2.12505485058038,-1.44567404204784,-2.0546328256912,-2.10574987881632,-2.38078580900045,-2.20906395541491,-2.44752073041495,-2.22685456188736,-2.4445719513808,-2.9689818075185,-2.30804248334744,-2.71083518991178,-2.10223714376528,-2.17045618049619,-2.12170069264665,-2.30018718297825,-2.1630717494836,-1.52700698031005,-2.00832891596682,-1.65311164044685,-2.04692123070618,-1.6108422052437,-2.9961287062338,-1.72408453635254,-2.48218589476681,-1.70821206523508,-2.23201854452561,-1.30144016522198,-2.64551848776883,-2.48007875632862,-2.57460354950582,-1.9915875289352,-2.32440293103656,-2.47251677375924,-1.84243310107078,-1.9427923691238,-2.18408412745699,-1.67501839199829,-2.53763926358123,-1.98452915706709,-3.42059474426859,-2.13921627546754,-1.6637385781802,-1.54618069463882,-2.60386873372974,-2.33221691877903,-1.55929625558454,-1.09766945153206,-1.79724500776182,-2.55494827155749,-2.36794955662358,-1.72102666955876,-2.2368977614456,-2.97602481289743,-2.21478879764342,-2.48476308423583,-2.02745340489845,-2.37951715212733,-1.61142950178848,-1.89186866505714,-2.21319513108722,-2.1111777308663,-2.14525124813517,-2.19692420211235,-2.01469650599611,-1.81111197045557,-2.16037470387218,-2.57482999557098,-1.6052717755546,-1.99969090240318,-1.92326462273815,-2.30102371209094,-2.40418072082989,-1.66994751141913,-1.82243374278428,-1.89606452717652,-2.12878129265503,-2.56565921765768,-2.75853068074882,-2.18466896089203,-1.75760334881724,-2.16215697248726,-1.69222041451782,-2.98738933076422,-1.97540353656084,-2.51141701019407,-2.40333300966961,-2.26420108689946,-2.14665814251709,-2.27760019824958,-2.25338253256798,-1.94902204663121,-1.87842344841641,-2.92932009453047,-2.18155637770346,-1.75907991937587,-1.82233501628457,-2.44573605446734,-1.6896087111908,-1.98102619265549,-2.64114102953213,-2.34121369390067,-3.11732337044112,-2.58401574661577,-1.90228885051339,-2.70121015306278,-2.68810431502339,-2.48293908838507,-1.92272820312296,-2.29047429755195,-1.72310721783295,-1.33472731720329,-1.70556524812241,-1.95989235118616,-3.10582559610372,-2.1275845568147,-2.50579921879453,-2.34499430406264,-2.54146606774701,-1.93389566629074,-1.21834136834406,-1.95984333173435,-2.33670202926861,-1.61516523644384,-2.2443268081414,-2.09891312030898,-2.90694601337443,-1.69491666399428,-1.83454411036846,-2.15444683027508,-1.84618653199139,-2.36592601443933,-2.25254419355741,-1.82515066131092,-2.44960397051315,-1.96875094954755,-1.36167042754036,-1.68016617817479,-1.92106969851101,-2.52692933394921,-1.87676195673494,-2.39396055916743,-1.86346633921677,-2.31505150983882,-1.94691949601116,-2.40374818528232,-1.95050054777421,-2.39307279146101,-2.59582963719544,-2.34992405679913,-2.40762518972265,-2.12044304733355,-2.76943351078541,-1.91604330787475,-1.6404670468451,-2.11548394864701,-2.00219640147669,-2.86803048018903,-2.00886819433384,-2.25241064908956
1.80069019026078,0.433123091706396,0.132390127994737,0.833542049810756,0.977566563766186,1.07002678747547,-1.14209930168079,-1.13586552600774,0.130642649310447,1.06229328943013,1.2554878621049,-0.298759466806421,0.512106035610757,0.823096739860972,0.499710150736663,-0.224920574822676,0.535470826769571,-0.0917573408457096,1.63667462040041,0.741754790554781,0.950163019876429,0.28762039895025,0.662144498356632,1.32910068338927,0.820986086779228,0.843281160837783,0.591986405073501,-0.0237421513117213,0.0872935915744885,-0.0685551225987538,0.510152943209335,0.703446217708944,1.76823307990422,0.573875074885389,0.557193434072797,1.15575936862003,-0.163419828632959,0.225132863456961,1.28215278463412,0.382564742038747,0.67953978666664,0.653766038914625,1.11151978328212,1.44485164920284,-0.391202393819052,-0.524164907875632,1.4707918006243,1.51066153568773,0.517133298202337,-0.284392365656084,0.581610303779374,-0.0586628585417442,0.410358211744326,0.46729062181472,0.620196401132965,0.281481233079517,-0.0038927400361265,0.675727885350572,0.481966176845077,1.3776417480073,0.0461141973377462,0.305748601493448,1.16304092358899,1.25950743492491,1.1750128046513,0.481056661276818,1.25507424485958,0.837748150762457,-0.188220612333258,0.338491373108011,0.750724838093599,0.80615799468781,0.0977346383586193,-0.134727789290011,0.711748979129195,0.850231342178969,0.0261480233286306,0.505539851419221,0.045609575176373,0.797063185177044,-0.278862028060558,0.560864480991218,0.85947116668776,0.129244844908656,0.0274448314431345,1.02417146187393,-0.0374789485626229,0.300322110986032,1.30661561275489,1.18506634532417,0.18459551291763,0.454904345084543,1.05436316543663,0.288617045443543,0.404660068687707,1.00061960699868,0.481806954919211,0.190134130581008,0.376146411612554,0.447409404265114,0.298837463040914,-0.165738249098669,0.755386485329257,0.56137949161773,-0.167596022925301,0.920491118056897,0.261975069436366,0.449962176072112,0.969795781520465,0.200545722385263,1.04057707726245,1.39334743043456,1.1098644403512,1.28386053003369,0.503204770626498,0.418340937113644,0.448270436937286,0.620969201153088,0.160313438547321,0.166361341237899,1.06271976093821,-0.188658018290052,-0.0756677057189215,0.627477547385625,1.21214379014116,1.43278774589984,0.980531974028648,1.54995994759438,1.08267978107317,0.88112965014233,0.208723132031646,0.177946724197915,0.98076913015365,0.625076215391806,-0.164690740925215,-0.173161888197108,0.41078787878525,-0.1670232641734,-0.0304804588264447,0.51498940850249,0.378516655677563,0.708984469523535,0.0908912844963441,-0.24248938654893,0.887828864295212,0.111401954374182,0.388727432013258,0.510414223537786,0.107387875187359,0.349184050162546,0.0236441987224787,0.686822070934568,0.0325325158025249,0.334422374231047,0.546487182207132,0.378338180788498,0.0621703717351337,0.400677642156706,0.635991530192548,-0.182644360541202,0.465912297912978,0.425952073637918,1.00108658885674,0.801490464811622,0.0420150227694951,0.53541263780668,-0.0609833392733707,1.8703727941703,0.842800593433862,0.00126184644846461
5.8906365161871,6.49126749977943,6.0011918105183,4.33091993686643,4.51285633527267,5.48231380190871,6.69779532407359,5.38179645897637,4.8988853442865,5.83849302540905,5.43135014984339,5.05547638942348,4.92320927637618,5.43685856107858,4.38711883251704,5.37596601647552,5.44910039485206,5.08716503814281,6.92961586297269,5.96848490545101,5.97194929554244,4.95074733545193,6.18789999039447,5.84250808936623,4.55648167617767,4.81911525836056,6.55440671415198,4.44762845396022,5.60390720089293,5.05946728252336,3.97993123497274,4.37391099506191,4.86196708878111,4.7508317808986,5.68425017854037,5.27976521334249,4.35263062316471,5.11613094527892,4.53967520190355,6.34606308100735,6.61423423968008,5.61378321145779,5.78507942367078,4.72749390388677,5.41649832168401,5.50036922332368,4.34139944690645,4.79030683262537,5.65526165793673,5.82566182462499,6.3215049315567,4.5061923258873,4.62417207617636,4.81941531234256,5.57500654667507,6.20776050198513,3.87499673054936,4.75340968695918,3.49721010945752,5.51887239634286,5.42524101222971,4.62111750068328,4.81282466319347,6.04347724450403,3.85499846182559,4.90426550706218,5.44252933893364,5.50393335053362,4.51337243054575,6.13109536910917,5.14034853904559,5.13656886490178,4.44722507068225,4.86032715323859,4.59357708084752,5.29722457958203,3.87959217864599,4.80265824647215,5.602063583678,5.64971987186834,5.97139082418149,4.87504224763639,4.29815332225915,3.83680862105012,5.44548185424282,6.46519706816714,5.74069714458775,5.08728053400036,4.86309304741458,5.68103694622902,6.08276200341584,5.86994503328686,4.70767632243213,4.46537821369447,4.76378602231729,7.05790282907673,5.30234919870769,5.12306224516528,3.40393424309962,4.35619296153515,4.699221848004,5.1159151167134,5.12320006260663,4.62453160326007,6.02116357610369,4.94509651710969,5.16632519902928,4.38900925072583,4.94142019782666,5.17625789962989,4.96650771712187,5.76973367943887,4.34636952786662,5.6289494552305,4.24033751952435,3.97990185979661,6.86253943112332,5.50109588126354,5.06324648505732,5.36909959514861,6.03094845155662,5.78591455410463,5.27077376403073,5.19673478550956,5.25192977766547,5.62033515108264,5.22533907445448,4.96018015321178,4.51161380612549,4.48023571378148,5.05516623834025,4.42529877532372,5.07691765009058,5.32437424520903,5.50022427528276,5.29271340999327,4.30092069624799,4.82920210949054,4.59849222786766,5.83376592965713,6.09820350959495,4.80479983492638,6.41271607641545,5.73401651919303,4.92743044795733,5.18201687085573,4.5225653221088,5.32520462537861,7.04915428989508,5.53540740023981,5.8896572715959,6.50345610987631,5.04391515012979,5.8619564142778,4.64938186259374,6.48807171707141,6.00319015916542,5.98833589857511,3.4990560976102,4.86703264127898,5.33158500595281,3.93947151034137,4.07699501108225,5.31530669557392,4.671085148512,5.21481491436028,5.01346360754401,5.22434540053515,5.34068967833825,5.6388754027718
-4.85511257380426,-5.33681680303661,-4.81374815041708,-5.20692981270439,-5.43341418891171,-4.82889744941119,-5.86515739093005,-4.9499854055536,-6.46013767845341,-5.33909936810581,-5.97251798329412,-4.44148330716679,-5.26751518840269,-5.73713296870621,-6.01422620209959,-4.73580568395761,-5.4462595501135,-5.32280351630114,-5.35682002290484,-5.68716199129405,-6.41465834550794,-5.3452724779206,-5.39046635563528,-6.55947606976372,-5.56643062949969,-5.29890582783543,-6.27839163073605,-5.36563319388385,-4.78317713624802,-4.6383333187095,-4.56739954880176,-5.40353628152835,-4.13792643930322,-5.14044187013936,-6.27098285156336,-5.90723433258012,-4.5707679636301,-4.58948433814743,-5.49653300700554,-6.35950081406576,-6.59570029251495,-5.47102767382819,-6.20114344253017,-5.67925400173242,-5.66727201471282,-5.47728870721219,-5.29375051323123,-4.19676015407519,-5.0840088962162,-5.98464355046957,-5.71937909545232,-4.31701370235403,-4.60778124984421,-5.58085808665535,-6.25044864555341,-5.69718494195469,-4.42273468230255,-5.16641919316212,-4.91476012205144,-4.75717085688473,-5.84917719783703,-4.51660456338127,-5.88818451138838,-6.36060194944577,-5.29663532966199,-5.52292296168175,-5.95976814166751,-5.08308950523367,-4.76613254099855,-5.38346150504842,-5.67500442341858,-4.74882679194453,-5.1099476238499,-4.56356130171407,-4.58467851923115,-5.37566733868644,-5.0972410828036,-6.22270832139449,-5.97700802716573,-5.59021148039527,-5.53282315731023,-5.22218542248729,-5.46935424099586,-4.20502505335118,-5.98188079654582,-5.65560352277827,-5.87505622450835,-5.39250308596714,-5.95642308358211,-5.26565953265166,-5.40906590189169,-4.74011277694348,-5.34507004365953,-6.21768621762418,-5.51819832947807,-5.71289418275786,-5.80544064021072,-4.77886985981573,-5.28745856754041,-5.01690121008131,-5.29139675822855,-5.40707195357815,-5.52938533956971,-5.07714123070039,-4.6405265351988,-5.17361786344296,-5.76843096180043,-5.73068466091494,-5.42423167965939,-5.45221084378805,-5.7572519966597,-5.41968522808792,-6.57709231351414,-5.70074177170797,-5.57042083425342,-5.2085579159434,-6.35214572056534,-4.91743165626491,-5.643617174411,-4.57919588844671,-5.73728525107485,-5.37393567937764,-5.00807436166842,-3.74019203975863,-5.62164638151817,-4.85308604294049,-5.68680146465318,-6.13634131789764,-5.50469233435468,-4.98490273437792,-5.70592271065474,-4.1594231518362,-4.6463695735205,-5.58986551607101,-6.11226631051003,-4.54688957167658,-5.3885092787339,-5.04947177406281,-4.74096098575819,-6.16723848551044,-4.6585063985772,-5.55203687585192,-4.08436650699935,-4.7403858912929,-5.48863156442815,-5.25890241470233,-5.08611095448571,-5.35980653194999,-6.34526959169011,-6.42654135420199,-5.48496963982608,-5.985935690964,-5.77246816055938,-5.26419550348365,-5.73165351932442,-6.21572620329951,-6.04129865422244,-5.79490190710111,-4.95515921672268,-5.42098778203745,-4.42039535387475,-5.00488844298909,-5.85810953479186,-4.91530785151749,-3.68823065825647,-4.94547335507522,-5.27935199376052,-6.27811911134419,-6.12212107579256,-4.33445271648385
2.21309693412475,2.34041963180647,1.84204542171465,3.13992815614363,2.9001413636277,2.78967692125445,2.6196653080917,2.72546601804491,2.50367731699885,2.34202928364916,2.93076599692203,2.72540756831258,2.33448069439915,2.97920518063549,3.0124297559206,2.39366156443449,2.8260938141159,2.40635767035519,1.98041376329295,2.1364368183282,2.07105926793899,2.18182320449085,2.37331841274232,2.05457949007915,3.32566464746412,3.73965848252404,2.09010602951661,2.50167089515378,2.13459930652902,2.27640436819384,2.83188653882495,3.04686575119885,2.88324075631779,3.73952377778813,2.39400104550111,2.41766855357129,2.8083144162538,1.99492312018108,3.62490675006901,2.34356455240593,1.67992994454352,2.26671827338968,2.49515205666376,3.53721073303347,3.23678938527203,3.07576779473376,3.3650584180816,3.21895236835672,1.46363219613195,2.86769025406118,1.77503623868707,3.4277197385151,1.99927623097814,2.41196615744601,2.26387241113808,2.59121104019078,2.47271821467914,2.72842744424968,2.82756333439328,2.64908991768479,2.88761852373748,2.39044861089337,2.61504280779884,2.93995713699371,3.29823037031885,2.46557590832338,2.8425075773057,1.87407775451743,2.55688038358218,2.36382072729147,2.86395764237978,3.53391895513433,2.94493497784001,2.59069878696278,2.70789959845364,2.88232126303692,3.21897487180291,2.45972991462574,2.47972751521487,2.54280996478968,1.84716924622423,2.82996093192945,3.45253569633685,3.08217141766355,2.54416048468863,1.42099364359862,2.31276126144333,2.35987774638161,2.69457530889544,2.46564059272503,1.93201034089111,2.31620584797154,2.15492958273379,2.72476295883941,2.81302888407009,2.04448860822109,2.33559483758916,3.06330142837163,3.41981864855924,2.69226304847053,2.76267690687214,2.07530502477504,2.4822655756483,2.75202286630207,2.16994337888818,1.64415047796651,2.328430977223,3.1088015489727,3.13535099277169,2.39482194360677,3.99453551942891,3.27704914039086,3.51197798662996,1.87825664613055,3.20537975398094,2.85995915957708,1.31580007213978,2.05660932107572,2.17135812115963,3.08745328560972,3.106003361436,1.16060267075848,2.00877580997604,3.41926085905867,2.22879726830534,2.26829401005998,3.18036978215826,3.01388605422277,2.56598217333621,2.20685701469745,2.9890461191962,2.57101757099957,2.53297808888972,2.42865517831036,2.62743465640765,2.49794041107966,1.87165477383535,0.772221653583173,2.47505560540788,2.41027420197468,1.95783622661331,3.52230087848181,2.66282260107395,1.6901549350993,3.05717332732471,2.22328735484486,2.60945682155096,2.1805439430867,2.19012650354869,2.37465566766674,2.17719640187612,1.78146216863935,2.06101223791076,2.73028647027448,2.17388873690753,2.22810598956709,2.28287730614488,2.00391678633018,3.43286958012815,1.96649960470061,3.29676728887983,2.95259977262513,3.6319287630783,2.68672714138141,2.98918791205519,2.17765776807974,1.93161541924251,2.66598209439679,3.77051046428986,0.825201554964039
9.16459935058274,10.4259014522288,8.68505903940899,7.63655559371656,9.33972607241428,9.18088698521254,11.3232312486486,8.3682443183775,9.16336110522625,9.56691218592987,8.26680557468901,8.67366331445439,7.3370129317623,8.37627721288252,8.29722851811785,9.41023013885759,9.15248704705454,8.89347446046244,10.6090687720561,10.4637755431759,8.0522368090949,9.70356103948424,9.4375253654873,7.62964647449945,9.05997448232943,8.59123916555314,9.41316337064301,8.15431595447573,9.66449268312522,8.06410150794533,8.12817270336345,10.1166827878384,9.30245357152276,9.0900298077787,8.95648322768479,9.37794877828106,8.11400397486493,8.09932655841139,7.35601230981634,9.9050639745615,10.2346769829757,9.04965214326277,8.97241212253993,8.4448361971411,9.40523349953516,11.2672839166185,7.9733122563621,9.14091655712489,9.60451119274826,9.59866204293454,10.284309730012,8.41233016520167,7.96917596715339,8.83064276431631,9.43331820166648,9.57584689585498,7.84509677994654,8.78444263530936,7.76525476999383,8.52482677554521,9.95830724379994,9.02956274989652,7.25611933608209,8.81557612140299,7.82080604702323,7.63122784756871,8.39594695490458,8.56638070457928,9.04594421054929,8.84215832288152,8.62357950498012,8.86113427576335,8.59983207824737,7.19654639650644,7.88108942009991,9.10415226349744,8.921908530178,8.7673357081763,8.89541241064568,9.94433798751116,10.0075193882266,9.64994076959152,8.47031880467718,8.46357464883067,8.92093838740301,9.25181866602996,8.11453805564035,9.66440929670004,9.46175578614616,10.2769198997846,9.76931442908306,9.29480292421175,7.30766752337429,7.90169056121467,8.27766918716743,10.3536447675492,8.82950634631778,8.97983450959722,8.62803599216407,8.75191479828862,8.94426861705139,9.71182544465377,8.89707360191435,8.09102904452148,9.29499808952877,9.02443739497072,8.96120629971955,7.97273090302143,7.82305229979413,8.68235446636374,8.35286545186007,9.83498656650907,9.38663587680586,9.14056120572035,8.18298640003952,8.17172052525869,10.5568881208555,9.22615543279646,9.15944268540339,9.51730926683636,11.6851737886866,9.84171289529176,8.46759415630705,8.54560334986593,9.69331126761729,9.13071948846805,9.38219789602343,7.75540126044845,8.30765294943019,8.728796937684,8.70632479019125,7.30361010275462,9.14631421233867,9.31261172703713,9.81226668013064,8.455204306849,8.03906785426097,7.50844210613995,9.12078893968016,9.62619843798191,10.102587901375,8.27389448759473,9.97399034396203,9.09786007322578,8.73845991205513,8.14670312539994,8.85476413305399,7.85033918965023,10.4525198373113,9.73103220254122,9.03507942109523,9.70594880974731,7.66216832474821,11.5379163596355,8.28906323244106,9.03981194358786,8.32558063787701,9.04607804634614,7.78464556142548,9.92459937451061,8.5655510988426,7.2903274883414,7.87112121107837,8.81743181933765,11.8145713627133,9.4439532171976,8.36804020593055,8.32459640610703,9.52864818715469,7.77373647871656
-4.26821245580309,-4.20580644283525,-3.71698730037765,-4.641374483848,-4.07193292638996,-4.97537557917787,-3.16002801256733,-5.87069336109443,-5.02470527791692,-4.49616343123259,-5.16037840370989,-4.27556629436806,-5.25334067310836,-5.75740776580954,-5.50344714576734,-4.33796176719389,-4.97262643984961,-5.22573624237906,-5.82217846326554,-3.38336231215892,-4.44690126819557,-5.13663362445828,-4.51407421815777,-3.38206801625781,-5.1651677612313,-5.6025698656098,-4.60721454983568,-4.77249575775321,-4.69829836928487,-3.93562912977228,-5.21996521084091,-3.63543049302166,-4.56865013971022,-4.69142482254655,-6.06032587645949,-4.82140725281436,-4.87326840285163,-5.14416979833645,-6.3172928674677,-4.63922610052405,-4.04324598218428,-5.50180987147077,-5.2831471603317,-4.39985814944038,-5.17846020208133,-3.25298385974887,-4.95097185541421,-4.38275296921427,-5.4636399401825,-5.28161070464902,-4.32091298004325,-5.4463646987449,-5.95892789935679,-4.64747171454978,-5.57857221116615,-4.67588492518227,-4.70254050973452,-4.99430910342325,-3.92253178770504,-3.72330062423162,-4.77344614236573,-4.94056298044648,-6.35113765265855,-5.57346718350007,-6.36338825718409,-4.54718238838786,-5.60779234107934,-5.16081615674252,-4.92317472981085,-3.10111856234899,-5.44036994033634,-4.48168612556288,-4.72187367443883,-6.72638762648379,-4.2257862546444,-4.21704440700621,-4.92026919824731,-4.50392080191139,-4.84988724206146,-3.88622718477704,-4.53403808263327,-4.44172906134514,-5.61124662025691,-5.52798456790987,-5.551099887927,-4.47637222697776,-4.06533598165591,-5.1296076512199,-4.90262482604088,-4.30441812233103,-3.90913626590577,-5.45205187000119,-4.66050856956998,-6.16242745595018,-5.07274329503383,-4.53659913500622,-5.28182488060118,-4.33363169462369,-5.41458603147109,-5.078884752955,-5.59122372525124,-5.44509500823321,-4.32257991770472,-5.89333461139867,-5.11930562115902,-5.43671563496541,-3.96099384994271,-4.8710985695585,-6.59634301192066,-5.57278421010057,-5.63580867998061,-4.31951840334288,-4.54808606483325,-3.34385452879177,-5.10414246655037,-5.49877585131693,-5.78806066157932,-4.97142657287684,-4.90668341296922,-4.57055849916008,-2.09729545982087,-4.2243193740978,-6.88454515550499,-4.85150428871045,-4.76518527620401,-5.318311201054,-3.66941116015622,-5.15214215329524,-5.76849718419785,-4.82562576705577,-5.84324819108829,-6.5714998037046,-5.0697147346337,-4.60010461456916,-4.90114725432974,-3.87081487005109,-4.87159478221486,-6.40653819337487,-4.35366612554035,-4.8696903948593,-4.9460121726261,-4.8259008441548,-5.72785117325018,-5.38600247322111,-5.57110639943349,-5.91433599893798,-3.91222168256087,-4.12302110753447,-3.55361811362246,-5.62203117037186,-4.18012568564854,-6.33339985138631,-4.85924405560208,-4.6630122522403,-5.68944801762555,-4.89531384787376,-5.70626544058787,-5.38232165666273,-5.0676812258896,-4.96211053777669,-5.29653795525395,-6.30061053078616,-4.89974694266047,-4.52444627716608,-2.86266378709262,-3.28425295326672,-5.16466236005873,-5.98551901330208,-4.38108902567784,-6.72541476865382
2.39679705773506,2.09911595607672,2.63078199676264,2.39597846552447,3.24796994906343,3.38645537970744,1.36731564209488,2.5907849490161,3.11439324210412,2.96733003406265,2.34600494300318,2.39703058005775,3.42069341000374,3.0026865179956,3.4577704833157,1.40994372306487,2.77343687352796,1.64821413179484,2.16989148754598,2.36985970171097,3.00255474552967,2.94350230106208,2.62620836244352,3.05281485123348,2.59095165074152,3.65964563276764,3.48331698298124,2.19232903668141,2.45573671859246,2.93453016513866,2.83697952222727,1.9032382936838,2.88745049469499,2.11909180896045,3.04678839177374,2.30522947212263,3.4170224002984,2.0360235107079,3.45920115669345,1.80406558056188,2.0614264184175,2.21251487085428,3.72835760216896,3.02370576230769,2.83690053010854,1.29607967947776,3.48744059829687,2.75124870541721,2.10396954822787,2.79882411086617,2.34957375417437,3.93767200673593,2.69565512201883,2.45703831537437,2.36286269028905,2.21916964289459,2.16014506730438,3.45010967734662,2.87031722206925,2.69991120345753,2.19723748141315,3.47349655801726,3.65040234855865,4.0430835180676,3.38296107217967,4.29023227294276,3.16931516485204,1.33482621559354,2.79226354385934,1.39121162969448,2.85495062342757,2.42743988348013,3.24106404565054,3.99304568940698,2.71559338644287,3.178454120363,2.47917701855615,3.19345785418543,3.33596116756347,2.76984902082051,2.21813926652581,2.48671401114959,2.52935567690438,2.98162134774682,3.91239279153309,2.22144988954113,1.24990973919562,3.21187764271924,2.07619948125412,2.61479253119639,2.53910438488582,1.75087123103461,2.7344755238708,3.66833145287065,3.21458219731552,2.11911575920157,3.83963556781648,2.13446136282095,4.07766192500645,2.72949315994018,2.42831502238703,2.10745152753838,1.90989814997879,3.17890200893647,3.14482131922615,2.70343205815109,2.64316356368984,2.96593952383554,3.05602775102611,2.83385469680804,3.43809965537419,2.94281396399067,3.86882436453858,1.71182536941473,4.94850671377468,4.27412965346853,1.62636625613054,3.08579645081425,4.04294199746983,2.29409301949266,1.76160253602169,1.96803619180018,3.27707746850618,1.21755217494751,2.71734162025417,2.70710948972749,2.55672987937207,3.48693743919833,2.78226791853311,2.26087818766578,2.50297868961406,3.78232736363622,2.5934020870762,2.69135481946959,4.50025563963166,1.98285577988628,2.53681323563973,3.00750035948433,2.13612069500085,2.37501117867904,1.94866220841204,3.13167342941561,3.26316814354346,3.24626911989741,3.64064330064926,3.43812694437971,1.90321413282187,3.46632864134447,1.82241799316364,3.90184541817924,2.81805318848199,2.23825354565076,3.00585959416507,2.36673200339776,3.2602519967806,2.25866474762669,3.84521810368732,1.60457984935605,3.42591944886583,1.86517264498591,3.70894424755656,2.46408773178395,3.96789885485503,3.0227223730319,0.738414590315813,1.67638572074989,3.14668875802069,4.01814609284644,2.78163216542709,3.05949003281825
9.47064208033706,8.52807187083274,9.21388434321627,7.91457694196066,7.80836459679047,8.98574939685134,9.85287579784043,9.48443033274114,6.93468617156482,8.74056356094696,7.82052403604385,8.70108405652308,8.10867163342301,9.49415625516721,7.63990046486851,8.45405361752101,7.87306004472035,7.98799255810116,9.97572301322617,7.92294414751716,8.84450532444876,8.44764226142781,7.94860353793525,7.95303736435723,7.58659924553137,7.86982304465638,8.16849031653015,8.4260121689088,9.2049046897692,7.3427635605839,7.5180593526202,7.80121002450275,8.94271018964042,8.96284571773194,9.07898696110841,7.71232210529459,8.17306474945316,8.29242559786808,7.99116688324789,8.68959863224268,8.57655435873112,9.28893564745707,8.84197207137187,7.54256417307865,9.61523424479439,8.82493763911915,8.09350686093407,9.78199123078468,8.64935909270288,7.48107738850648,8.93219276578344,8.24433040478193,8.73044782917628,8.91205046060501,8.12938836669846,8.72010597075008,9.24270004543188,7.73143725108409,6.83964243389464,8.43142377196718,8.82938817393106,8.9881190997503,7.83191237196821,8.37118471979814,7.69361592541208,7.86131810176856,9.90235547621588,8.96612516267576,8.53137754705926,7.59985702740062,8.59721142437773,9.56468143387847,8.21882346776429,8.0842682132439,9.61045821704538,7.68183892673827,8.67067659669843,7.46861104255733,8.93923149358781,9.30943232316363,8.90944237570221,8.06157042237408,8.81757366532906,8.33688659983109,8.20320942515308,8.30323060669082,8.86208309980812,8.11190591160148,8.38540073964935,9.25162014524114,8.24512651032898,10.2810533757703,7.34689666118172,6.12431944813073,8.12495807151426,8.14663741070247,8.39870642706094,7.84426709321227,8.51799986834547,7.46745888019423,8.64620470873936,8.5648903430352,8.02415416425656,8.43362625578293,8.43311112925584,8.2500082383825,8.19417541293152,8.20018016324309,8.89544290924515,8.77384178856012,8.53115377089316,8.97579875735994,7.50608846176241,8.70044889787525,8.00776070168692,8.10889977960226,7.91783134538876,8.12926452589838,7.14922814281702,8.01554787108388,8.07455321166051,9.19839942972146,7.95378557524786,9.1068380321454,7.34851420396392,8.09928663952598,8.45782779426371,6.6455758801514,8.24134361211122,7.42129916127771,10.3484082339319,8.80138645238077,8.0194098837119,8.14191760371276,7.21209186817577,7.46441130584585,7.04029699418426,8.34850689348604,8.57794780925959,9.99400650982652,10.3071301562709,8.83814636565798,9.24187930932478,8.80504698584667,8.71366211109456,7.67862346657529,8.3884791505848,8.76930162751477,8.94242943739394,7.67730213525715,8.51035108811729,8.28054573900877,8.68844619618024,8.85429016121711,8.10022444951921,8.02758938753952,7.83174159473858,7.54047439595861,6.29790499785047,9.07303579678479,8.23108497040642,9.06075342266377,9.36228514200856,8.1052388134122,9.17458519950763,9.0294089713484,9.08826916604677,7.51240083681816,8.45371259429984,8.34548719942389
-0.274931546255007,-1.10103812954454,0.360954282578081,-0.917853874639558,-1.6982159523645,-1.3261764295973,-0.474346886407945,-0.403580892967548,-1.19005563935372,-1.04175588165888,-1.37153640547249,-0.562987267270595,-0.721654634808291,-1.97933860434739,-0.719181284614329,-0.531139288457859,-1.06527165936772,-1.40119673774657,-1.73917970593097,-1.58012749100692,-1.36943105797537,-2.18590093313276,-1.31183735413546,-1.39718926209029,-0.997220340149984,-2.09235016859192,-0.591960660022647,-0.864899634934253,-1.22057947622256,-0.340266976828689,-1.78453981204822,-2.20469636648424,-0.909675445018701,-1.23092891936818,-1.65748249905983,-1.41223563006883,-0.376903126567403,-1.64887553123555,-1.45503011339997,-1.74564998206138,-2.00686330156164,-1.42799756222817,-2.38690570739167,-1.3002131212798,-0.129804195944518,-1.5742969542019,-1.60127688645878,-1.02545764950418,-1.37958305178182,-1.90730333966709,-1.15103994089619,-0.780641627250623,-0.989093256620337,-0.778661844476553,-2.46517042145953,-0.606229977879933,-0.547103038918299,-1.0276635764276,-0.98784490151846,-1.11361074074772,-1.50083578753727,-0.458933077613422,-0.903547227789644,-1.2299361608626,-0.91755843968282,-1.57649785413277,0.0792791345957611,-0.513847945900561,-0.84650566773072,-1.08287841028458,-1.29469073199147,-0.0538291157967594,-1.51711004494194,-2.5092769026963,-0.158865640092654,-0.900550474014044,-0.616356958817058,-1.22274623833276,-1.49182492669723,-0.891148675493775,-1.34753027000263,-1.21124031264447,-1.50452469903122,-1.44089357314968,-1.91231328685283,-1.60733205469593,-1.62398185502122,-1.32293750914497,-1.50018424626654,-1.53686928458428,-0.343623058850239,-0.144966741341752,-2.44464513580924,-1.14117611883475,-1.50479053038353,-2.25150329532694,-1.65652910470462,-1.34743526629408,-0.656558711927112,-1.81036016350084,-1.19864821582096,-1.6282961550486,-0.862896247400252,-1.37665291892612,-1.49456184140274,-1.11240856799179,-1.11092731242146,-1.29486342911326,-1.44575663666817,-1.45079981663232,-1.66040969394519,-1.36892082809384,-2.12793172100747,-0.809033069276907,-1.37909121028189,-1.15509290497607,-2.60919853218,-0.977131567339692,-2.18256962444451,-2.45132045028787,-0.767577871031727,-0.707443259089471,-1.73205617046105,-0.209762051490237,-2.07389218753524,-1.8172781727863,-1.40071305764852,-1.3242136038709,-2.58225882509441,-1.38492858124966,-0.925088508717507,-1.84306973437266,-1.01045738348058,-1.20320498418643,-1.47968849871323,-2.52351843701822,-1.50721633084627,-1.79390849794707,-0.77313620985831,-0.747493177322784,0.15124744911472,-0.934898144252035,0.183623935974836,-0.676616929565672,-0.374380063367943,-1.09780531344734,-1.21536694814094,-0.175528340978509,-0.940267079648526,-1.76651035650074,-1.74126756070908,-1.55174269282642,-1.02584369700602,-1.07502548905662,-1.28037585854707,-2.10052978139732,-1.31636328392351,-1.41912860516613,-1.54267570056614,-0.317472566168657,-1.6301638928043,-0.842974151769261,-2.07688526961559,-0.718403094809702,-0.652016683661094,-0.398927181050729,-1.19771299648076,-1.18563650391092,-1.35181286549096,-2.19671482049376
2.94669312206056,3.55334567529333,2.94141817185352,3.48955177085086,4.60353469760701,3.64895602876875,2.49757168373873,2.84241391425399,5.52704517399257,3.64277413813614,3.93156881380593,3.43929703910762,3.02048811460932,3.75442684713643,4.25224639013818,2.66451362663022,4.54523163535591,3.06694725887812,3.87174819427091,3.93502433345861,3.51472656877048,3.57526892324569,2.71666293098511,3.82189296095272,3.84933527246169,4.2543420943734,3.07122733206599,2.48183782675688,3.57643920890657,2.75308439684824,4.13209526546285,5.11694716636088,3.20606660542209,3.28257730671301,3.08573852723378,3.98435846026398,4.17375349221408,3.91633903463217,4.07814697406979,3.48371195007007,3.30719579368741,3.43551458278787,5.23400318379546,4.12147801224444,3.40064646317543,3.30963215129264,4.61723744311711,4.53852778748649,3.39932417747495,3.32478059384071,3.33188542111748,3.88909041094184,3.46527009888542,3.06262393322828,3.17101984060099,3.5759754389157,3.4195599858662,4.21129559988278,3.98701876382301,2.5376906943739,3.30138240199231,3.83725590549139,4.37695174507336,4.2712609610568,3.95278443790287,3.9592111854027,4.03991635213198,3.48135908640697,3.48553793166471,2.38057204961551,3.36820242756897,3.30730021833625,4.54674045316873,3.56443857748598,3.39668307891434,4.5213104729462,2.80842290615609,4.33084937098427,4.78839537663198,3.69179037196892,3.15509298024286,3.79308530695946,3.31955587923577,3.44202946676212,4.05613480427439,3.17643837289121,2.95639018540719,3.69768567118754,4.07025712546261,3.72104594985259,3.53837311768396,3.34009351347602,4.95147572546603,4.58469248786847,3.61051902985781,3.30540247540855,3.82971611838449,4.55537047522459,2.73519906290491,3.27913817116229,3.02539649667717,3.26087528313357,3.39892450512606,3.45338115406234,4.08304629880523,3.8115230781192,3.81786215686178,4.27517165949158,3.28350283293801,3.29251177033764,3.40917058685033,3.91765823130574,4.17393981307449,3.2010311828798,4.52831720819638,4.21731892988319,3.44256684467511,3.8612924277878,3.40730301901079,3.98518854728102,3.50077016030443,2.76897508895337,3.31693489537678,3.68668907470041,3.79204484183894,4.30014822349512,4.20661846402594,4.12609564292744,3.42991433438524,3.91678070312483,1.43857374184527,3.59988686406698,3.79344823152747,3.93390575759006,4.15560637013967,4.80369115725938,3.40996800835929,3.50492648863391,3.46996244147222,3.24802129219021,2.4219756038213,3.36660887887617,2.9923184600919,3.22751276080732,3.62323700033297,3.5633689598309,3.31349283971259,2.61114837308981,3.32322866102022,4.10891212744695,3.98280073043205,4.95353853281336,3.27373960710816,4.21325526438792,3.42204713941974,4.08438377039279,3.88374559305583,4.50466614007517,4.06798282400232,2.1337256882678,4.10132038768026,3.83500241413049,4.3319542467102,4.28760160549343,3.07092728004004,3.05467158419276,3.03705088418169,3.8100494093965,4.37729677374225,3.10926243307903
6.40356498741205,6.67657770889634,5.93478633654549,5.58978866169454,4.91351183645737,6.33743111476051,7.92315496108237,7.6142371687191,3.94685515442342,7.05458608635425,5.2191909655215,6.56910627862261,6.18877423047019,5.9860451063785,7.25703337210125,5.43737963623701,6.31230516997839,5.19648495164227,6.28064570640768,6.25349389794826,6.17986552997258,6.48215401259364,6.73527834535724,5.6257750710986,5.71061238453037,5.52690125185591,6.43730038939644,5.85666703234361,6.49182444855413,6.25718587135635,5.27700956486464,5.18387887689169,5.66022136013574,6.40115272047101,5.36247635774134,5.43782170818305,6.0517208049766,6.60802303452244,5.19809635699514,6.4354864670961,6.75336148973098,6.33667868654763,5.71272383701789,6.20063936823172,6.68297220263225,6.81637628487669,5.90148040067657,6.47439458931577,6.069917853092,6.41205699817641,6.89172637767851,6.37612175364059,6.40867618945888,5.77288631462756,6.04996066526764,6.60793797407692,6.13643076591985,5.73255448877323,6.11286244395047,6.7537490960102,6.31804266549358,5.5296196964085,3.87569404067218,5.32927647830594,5.60737279529261,5.81478301302623,6.69878071831744,5.96105243864312,6.2865094642688,5.79391775522413,6.62673404893531,6.5417431041138,5.14818506412551,5.10200720327833,6.49823084300374,6.08859973863024,6.1616373975451,6.03921911778024,5.54768188820228,6.2115925966706,8.6064591210986,6.49344396161934,5.94064548552226,5.81017241017003,4.95802186788204,6.59080011591636,6.39703232404558,5.68981445161233,5.98109537734026,7.14833246551579,6.37622913195684,7.43698712970468,5.42399063932334,4.01753389301723,6.69688304707707,8.80478981610728,5.78984378373939,6.43447862049956,6.25277204138406,5.91479276271862,6.36336273321279,7.7896157633027,6.62570944218147,5.77666466502924,6.48726179239673,5.70305714024547,5.993107623417,5.70191544271709,7.45482494173585,6.73787471972579,5.03436725056899,7.0839079988151,5.17859264889432,7.11631442701712,5.60757881412692,5.36054533717827,6.02677167797338,6.04271612115993,5.26270433199782,6.19082763601907,7.17392765958005,5.71576375507688,5.4089274014278,7.12708454449187,5.96157326401023,5.86042867709628,5.74649161772832,4.6007204546448,6.32220576231787,6.67593773583951,7.89989584366046,6.03295855439941,5.74600140670788,5.62128103882537,6.50030307056464,4.5062577440839,4.08494100687066,5.94485619100094,6.42100983949556,6.72745772999349,6.48549340801318,6.89435953294362,7.00589899926377,6.67362860024338,6.60025705094319,5.59172128901826,6.39413537491582,6.35844776123894,6.09617999981895,5.55161980681245,5.91659258433377,4.95873111363655,4.24337840090785,6.61359549879617,6.21294775019101,4.93189832743559,4.55811767665059,5.55696608061579,4.36641566125291,6.46440090322506,6.27245759082406,7.06825803281531,5.75946662062097,5.61548950865733,6.76494574545212,8.15502260688993,6.4391145453863,5.59449068357939,7.18923654102654,6.30047463149475
-1.2601534008111,-2.65794248062363,-1.76596048623192,-1.02945101244883,-2.11076462097151,-1.09683257086086,-2.02909765978218,-2.05144379602267,-3.40549025013171,-2.53883178325019,-1.86488610108583,-1.69424367862966,-2.08888279124594,-2.92901643250121,-2.16290583740318,-3.13756024817166,-2.79306382728216,-3.27522443174008,-2.51921722906181,-2.66891220152167,-2.18019077309864,-2.62296660553732,-2.02456157464688,-2.21709578104374,-1.41883669631638,-2.87908349332229,-2.53811030520675,-2.35134787214871,-2.34274268954841,-1.94707249815973,-3.40777075312177,-2.57704181556763,-2.73021953298966,-2.58793509461391,-2.77453819456898,-2.29487630224905,-2.95268016392835,-1.74801007949185,-2.07973521941162,-3.13478922588997,-3.23814418196703,-1.5602535655792,-1.24374343026919,-1.84155449258639,-2.03978507688446,-2.62936230683506,-2.46631820033944,-2.59449020068479,-2.60864197203844,-2.09067433757206,-2.22470497945471,-2.25006533818473,-1.62104552263607,-2.45900294922202,-2.89156256865109,-1.85516360653517,-2.39148179867809,-2.92631676852328,-2.02934313264641,-2.59111425779521,-2.71242769669155,-3.01305511180176,-2.08826046778736,-2.37373921919577,-2.3153605746626,-1.99294872768995,-1.74772093315755,-2.13319914151072,-2.56683183776462,-1.50978232605189,-2.27673651107956,-1.68534937036421,-3.01021173887925,-3.08803746204112,-2.07127001287244,-1.03422454494824,-2.36244631473549,-1.85102132632699,-2.40144027584212,-2.60124237903642,-1.91656097833108,-1.90057975284039,-1.46939344613409,-1.53894498810383,-2.49954366172428,-2.20844791451162,-2.67801027844514,-3.16188806298805,-3.14113551437987,-2.84570131925208,-2.33770476761553,-2.65153655099747,-3.57073542905,-3.38226234005253,-1.8483977454986,-1.04860130523599,-3.59389749202942,-2.41360739187521,-2.42426677515114,-2.26973190748664,-2.39896598437188,-1.21293379976179,-2.35741027162603,-2.3672426895632,-1.5893930820826,-2.31918697225338,-2.19577978093328,-2.17449060072681,-3.45606376636171,-1.72526398093222,-2.92391933943148,-2.76931598176619,-1.88819894646891,-1.87689936173625,-2.26418961233385,-2.3006872647162,-2.92270705288384,-2.64052780102005,-2.42750994718553,-3.39538425304228,-2.54698469164876,-2.66834730683167,-2.66935580498183,-2.23230643744527,-3.36738325334004,-2.62570741247076,-2.40772729839825,-2.78122528547803,-3.56525081632037,-2.20566990056038,-1.85690923111667,-2.84159729618472,-2.05759750012917,-2.85867373193376,-2.05243536048275,-2.62006318479625,-2.62103096351809,-2.32615700638767,-2.35814243930948,-3.95127163644707,-2.49747655911822,-1.93918009500345,-1.51478309480683,-1.9294463502702,-2.31700778874661,-2.33940985736197,-3.06522282793487,-1.31070357125775,-1.25949175606119,-2.16235685840738,-2.49175408035613,-3.50897141360989,-4.41070828974477,-2.6612820668076,-3.19618460196487,-2.97288088992257,-2.80922288146813,-2.44764734083405,-1.95959444124275,-2.67807956263748,-2.88673621182475,-2.00496769504437,-3.5313938323075,-2.68137302498226,-2.49052320985032,-1.19685598846838,-1.26289611800173,-2.25281686079879,-2.80936875714066,-3.93066624953885
6.10085444614574,6.57778633382348,7.1803723227865,6.08840596276689,7.61630236881496,6.61951272471163,5.52959658874422,6.37557625111704,6.70764129784772,7.39275594136964,6.40979768922997,6.51725349741818,6.24847489373515,6.79627077301322,7.43117376444298,6.0040241988277,6.86469747552817,6.30634246094997,6.50712688828088,7.54356221283252,6.78868793475987,8.04083573045986,6.3299999840998,5.94664927789447,6.98056634828478,7.14277404202889,6.68677523396456,5.47210665291658,6.10001358248179,6.05092371164854,7.16427010725484,7.35664538647681,5.65330376137678,6.98143455917095,6.46403139169885,7.81409060886588,6.90171274899817,6.23959504596549,7.36642478389309,6.7709750415538,6.65757648088795,6.08341487585758,6.78208481519298,6.37491661570692,4.66463204049496,6.31571227831238,7.90248413824177,7.48239322738762,7.00871688723792,6.56739162699723,6.65297262981897,7.63384380605716,5.7807392121568,4.99274428787761,6.66385260995029,6.09917423360214,6.96522334316195,7.13158745581436,6.71697057173578,5.71571020887849,6.4321999701788,5.90290995368541,7.53494517219956,7.75126165578839,6.44962545567835,6.59442813161414,5.27884574409715,6.03986586475097,6.23919736282611,6.11519193903803,6.92271740250544,5.60244535793534,7.24253664278373,6.78104371387831,5.87662618362689,5.49086693854565,6.12655680385671,6.26511848762282,6.26638254303518,7.01893186273548,5.86104023528491,6.09309467589711,5.96823347450981,6.97871216224762,7.13203294796055,6.40635483722284,5.90961362809246,6.55505260181164,6.85194997991213,7.30112461487461,7.23647356891955,6.11894784840477,6.548430684594,7.48249418938716,6.82369953652984,5.15487334237302,6.00330791241145,7.14843367134923,6.30275238167167,6.44316586964868,6.05402240246823,6.00051476618657,6.22565057797124,7.48513250623872,6.32617848533391,6.4873546245845,6.50124467350014,6.95941115103919,7.21942713445714,6.2578334559012,6.41976806836673,7.58945081270104,7.50891875552761,6.51664213095564,7.11820231825967,6.50795169637569,6.94838599783276,7.35287277541921,6.44782096596255,7.14481779639467,5.88745050109334,5.90922636873075,6.47825876615011,6.55692921687762,6.42336687715571,7.28852625303975,7.15367568683923,7.17151664323487,7.26693447896546,6.95516334214918,5.41960050043466,6.98212169833315,6.69126780861133,7.40913413379742,7.89649710053519,6.02709678332293,6.10631444950016,6.26405066787749,6.0185818403254,6.50999617479257,5.82374157255017,7.12995199438227,6.36275739948838,6.30833448631916,7.95701300360429,7.13756270912309,6.63155199782757,6.5107284987044,5.65663896052468,6.99814997065709,7.46154319369088,7.08785023857643,6.1312183444258,6.84150697078824,7.08806803834486,6.8397243460075,6.60280899045933,7.27746938224029,6.34371232390254,6.23757968699313,7.33515015731583,6.51958251015831,7.48527003685094,7.1966622076694,6.33315224306247,6.55441373854246,6.12385716780104,7.89687646595789,6.60182980066563,6.09053613205773
9.38459836602762,9.56480637716012,7.07580618645506,7.62610300684395,5.22389524336887,9.87041518405795,11.9508680974595,10.071796008263,8.27333126597559,10.5412214303885,7.31623138304282,6.33446083304235,8.54083579522337,8.83238368315914,9.32522225877113,10.737694841551,8.72865825350103,8.44673233114952,9.68033251760619,9.07494980327569,8.33297691661705,9.27950380994497,9.26933248723046,8.0643936098263,7.39699661936741,8.78677191423116,8.835526443698,9.66055616575917,9.01925598186463,10.7253698307508,8.11835947599947,7.47973320667987,7.23127592157403,9.77061700742188,7.78052773972012,9.26810693276539,9.84079553270211,7.29493336098303,9.57087200327432,10.1366607680196,10.5917450787287,8.84908999595225,7.59499359508054,8.89797867595317,8.9458305153281,9.89205613904534,7.55445845183811,9.61620096025476,8.4962626020086,10.4246028181673,8.40045673509833,9.16357134543331,7.73716249219101,6.70424675034773,8.88965319165368,8.98156810236044,7.76963803932614,7.28041706593463,8.13019281822885,8.82540372489945,10.1728005394888,6.8063653367722,7.5871462170949,8.00964007125239,8.45259029713129,6.25506725668064,10.0200925447921,9.55410682977849,8.49611485992798,8.8675507813261,10.6088730292143,8.81002582399752,7.79720046093418,7.97170660240084,8.80882731759364,8.11334733290905,10.8328057357858,8.53347164954179,7.2396238785008,9.07037909786356,10.1147514416339,9.10899827173693,9.02863049694465,7.45909591264633,7.63697639078761,7.56389667895236,7.76961636639017,8.03456243472442,7.21574129346667,10.8575741700554,10.3430190423258,12.9624009858554,7.00113883193116,6.96828829361563,8.54587992575525,9.56627947366155,8.24823659445235,8.39055434549179,8.13549113024914,7.2485635441955,8.47258612488073,8.19098321961093,11.5804147375449,8.90498152809704,9.62915176187634,8.03032083851166,8.81598606697617,6.89023478447314,8.43295894094614,8.95586900222652,8.1029027480201,10.7831253499675,7.77396231148766,9.64017777759485,5.74406202493833,5.32747610391642,9.10623965254364,9.41213030878752,6.5296535494582,9.47813887006208,10.1079537706196,10.4227027502839,7.49232012647531,9.12384857757271,9.40855721185457,8.08838111117686,6.6455309264002,8.18948417230343,7.80864793793997,9.27188638333318,10.2029613745411,7.19421298295931,8.14915947538953,9.58070312583452,8.45001366603555,5.995844593444,7.63334782806491,7.29222960612561,8.99692884618747,9.68873720934347,9.18883280393254,9.59877114742817,9.03651277875174,7.92899475341179,9.57642068802813,7.83483959369893,11.3361763551226,8.49205619905591,8.62028190689962,7.70500178062827,9.12423803450857,7.72002340076427,8.30225086252826,9.58521800290643,8.23323191320901,6.78996228381585,6.23338125688633,10.8520008545178,7.15610903075097,8.38718184960359,10.3092535559342,8.46481837419972,8.02559288861895,9.03070550744346,9.80294147105547,9.96053610919358,8.41279468999132,8.1654090270881,10.3041857929927,7.30516436688274
-4.06305924790287,-4.74209935689402,-4.51618515991887,-4.9150429966798,-4.3662491286131,-4.98014642158475,-4.39390833339171,-4.82080928473515,-6.5361332308668,-4.78532522965382,-4.56493552700223,-4.94628234350469,-5.04479065646822,-4.82534662560158,-5.5118454352276,-3.83351980436969,-5.42043625974518,-4.75163029523024,-5.71649093331123,-6.11341005501972,-5.55201017251001,-4.85851057864929,-4.78449425651181,-5.12901141775689,-4.16513496007391,-4.91245188179227,-4.02475600033014,-2.39163494576236,-5.21104596344472,-2.76475545368163,-4.45912786502285,-6.22426701633399,-5.63779486223576,-5.14233007392557,-7.81304240347332,-3.96392763484318,-4.88575199296463,-5.86426522247104,-4.69843646996337,-5.1510700013633,-4.78780777398878,-4.8719665234177,-5.13753335551235,-5.57468449744571,-4.7758071814956,-5.9429946722768,-6.16333273803691,-5.2767325640303,-4.69735710158672,-2.69816289678299,-4.90294040945369,-4.75163310543927,-5.39207564174917,-5.99957559317931,-5.90543825701744,-4.95910128563815,-5.88643213748669,-5.85977554290454,-5.13097906063789,-5.93963731769607,-3.94483663502444,-5.36258024973777,-5.85410302422854,-4.83095149855414,-6.07096350793702,-6.02357221925019,-5.31660878009546,-3.86195504884749,-5.19272984649,-2.93976285804267,-3.40775805404739,-3.35105100717256,-5.70141292397203,-5.10127248704356,-4.81086292131394,-5.30447662711535,-4.77116704419355,-4.65843992249131,-5.39427875061939,-4.73619026715604,-4.52677814887432,-4.51322405588956,-3.66908946019616,-4.84380544097623,-5.26975283363841,-6.08373147575673,-5.08058297384849,-6.69129409101566,-4.78687443629485,-4.8645030099339,-4.40037593445209,-3.59389629272165,-7.29517154223434,-5.5423005787691,-5.89937851979783,-6.00066293936126,-6.05678005312567,-5.62741732084254,-4.75950543030448,-5.37475884620865,-5.60604809036074,-4.28040490003114,-2.63361506981584,-5.47720630291943,-4.37144673292955,-5.56603552013603,-5.7940480259029,-4.75692501759309,-4.83407716300792,-4.8666737267738,-4.23320757704723,-4.73685803531196,-4.65801454907168,-4.49433393581126,-5.12077354116103,-5.97882005114862,-4.03888977702573,-5.1540006548246,-5.41133210028286,-6.33220660721195,-4.58944584458348,-5.15587030154704,-5.9502661795261,-5.79298624932713,-5.35290209612968,-4.11848734782541,-5.50179704687303,-4.63080152045064,-5.54475340555265,-5.39644521559326,-4.71382998517272,-4.94334385072343,-4.1035898066869,-6.21450153467523,-5.97930422392908,-5.61254372726528,-4.34135298076428,-5.68547426837543,-5.6602895018396,-4.42470390962361,-3.82398834058139,-4.98154396005593,-5.60669913566597,-5.09413621199507,-4.99194463362611,-5.39737843144762,-3.06866631608917,-5.03312472470236,-5.08345052326407,-5.04987832364181,-4.08527100772011,-6.32863231766855,-7.47740482974848,-5.03179312586389,-5.3386042041342,-5.89684365986134,-6.28856187539951,-2.89796924217838,-5.8381590361062,-4.8462364257107,-5.95491574922566,-5.44050605923395,-4.36730201668783,-4.61132132456386,-5.84998475720547,-4.62010409380257,-5.48707049491377,-4.83029098701184,-3.97516182638481,-6.37760960567468
7.23850580968397,7.53652353695933,7.73966678339446,7.6785636682263,8.4884108658576,8.56610473570466,6.83220853741756,7.10136000479167,8.45007237848754,7.96046050436654,8.53197319435982,8.81897389095176,7.23865955738206,8.03029463383151,8.65309149857088,6.28539447467156,7.95516542651184,7.29414774177435,8.23402902949964,7.84204622648542,7.74464965359635,7.42242997619355,7.47240557081205,7.82566264108175,8.24056779621747,8.64817088354003,7.71011076277403,6.7428806492126,7.40222261390982,6.5477850005692,8.2810783980999,8.13177817296417,7.86121912663298,7.39520705572657,8.51422854951912,8.21251874714593,7.19751453281968,7.77963993498547,8.0973740607791,7.27644039934878,7.61628527705391,7.55279023956918,8.48688546562044,8.00762125038908,7.30145643526901,7.09946302695687,8.06091805975233,8.00258628508867,7.65515012905901,7.00226899508046,7.6705550312258,8.40004498995577,7.91042247970401,8.96079909963459,7.57680147290166,7.27684061772658,7.6224011754631,7.85580414111267,7.40514499381229,7.34139479996566,7.33088409391212,8.1789455118226,8.68135891513525,9.26702483588477,8.43434547523017,8.6813719182167,7.96292265465405,7.09717069540396,7.51147404912947,6.9945269778742,7.61799497805002,7.74319217622114,8.35857166758589,9.09070976597997,7.53797261411025,8.27305448712779,7.40726306965447,7.68706877807873,8.45367357313425,7.85820544560878,7.1574302002216,6.8580361699162,7.8188953303905,8.24281807946635,7.95300175317621,7.23532282200393,7.42964453815502,7.75621725684086,8.19106553618358,7.81861235714989,7.32413652927766,7.20533549108627,9.22038705355627,8.27821668819251,7.85898500851248,7.87303631883834,8.77053335353329,7.46720817603682,7.94592885923718,7.99238827082076,7.34525231418145,7.84209064020748,7.10846421958105,7.67883729334516,7.38160015980609,7.09985899139306,7.57496131774871,8.72597354836171,7.52251971575141,7.70923096349062,8.28747007170164,7.83484713513672,9.3798805092462,8.13602683237439,9.18598128346876,10.516698288902,7.41377977592433,7.68358218547791,9.21269881863392,7.95850712248806,8.27378587469177,7.76340563464885,7.7079782468131,6.83201896660257,8.4909406001634,7.71784296119275,7.84090453351433,8.0400098234065,8.32061899464325,6.84042938737949,6.25414350216066,8.69403429055087,7.99288269141846,7.53325102159691,8.24360397174821,6.81244550087889,7.65112970108165,7.84893537028453,6.91986147241258,7.35269567366726,7.22382864494776,8.55108691555844,8.25834916115655,8.1117821398789,7.74168129328237,8.38697324930306,6.32259526147129,8.09276815752026,6.82075104214364,8.48458764473224,7.80453652516999,7.35141761358379,7.56537897335694,6.90819157269407,8.35105961816295,7.50714324563278,8.92503559454756,7.27002776167048,8.31404521555873,6.9167723762302,7.50474795714522,7.50001722856688,8.70836563710313,7.91880244640004,7.28462046584719,6.59498896315729,7.57156080810256,9.12181519384464,8.34034836436349,7.87650372905398
11.6742271500453,11.7647102453776,9.82324325934535,10.7596590332816,10.177187680665,11.1484452794542,12.9944812955601,11.9309099766901,10.7848275991014,11.947458948478,10.7676042995601,11.572143212373,11.7946083680646,11.6493281411673,11.5701140941956,11.470091353867,11.4352386211228,10.5696951858031,11.3551125899927,10.8252572938767,10.6940735069597,10.1898113142829,12.6513718391148,10.590784960511,9.75706816166182,11.9769633750326,11.8558821061521,11.3722913987055,11.3751289354705,11.4703698136048,10.7836932118938,11.0061587437738,10.882158178509,10.6966334422985,11.3105525463713,11.5396719299615,12.5038773028306,10.1507071355965,11.713470835281,11.4842436185017,12.3958418934349,11.4650690999724,10.494828092437,12.6140323815663,11.1521678454529,12.0397119515084,10.9540974353843,10.9156664350221,11.393105340991,11.8597538109421,12.4244774626336,12.5854455675825,10.6567637630719,9.47932756732668,9.99415447618367,11.4039571165567,10.8772358594261,11.9895678290886,11.0537068837658,10.9225292195117,11.6073503952571,11.9914454258088,11.3872275212345,10.2838609491876,10.9087263812046,10.5227339649167,12.8275849552609,11.6336352203913,11.4280970677637,11.2850610667177,11.6400330983736,11.3309595130705,10.5148194524674,10.5957461324817,11.3535799654286,11.3609663130698,11.5266188234374,11.9223159941511,11.3089788576199,11.5140515925368,12.2033501978305,10.0270241383782,11.7616688094957,10.4712333506649,10.9214115143643,10.8249758974148,11.9834364344704,10.1981782557956,10.5746784357823,12.6948886157098,12.8714951935026,12.8022140452572,10.557407271575,9.71412109309654,10.7499790831418,11.4098605173506,11.4632091643526,11.4876243195054,10.4136489780878,10.3204263506221,11.0281214586355,12.5661204134415,11.7070942428069,10.6405361764376,10.2966076653534,10.5093098616591,11.6004471902478,10.9083647508658,12.2056079731382,11.1724083945041,11.2888090343227,13.1482225109409,10.7325804543337,12.6112607840382,9.9403526536575,10.4376503185713,11.9488478596055,11.1076686898571,10.0432440296566,10.940969765342,11.1993012047277,11.6309905541096,10.1034083990222,12.0627281148099,10.3447314702251,11.1515409698764,10.8256933061631,9.98593481933856,11.3498379138688,11.079609731681,12.0568515833772,11.3714285314934,11.0386958950017,11.9751841455799,11.6047007349544,10.1367822084191,10.2560665968998,9.82308991337768,11.6493789760809,13.1443680483718,11.9786226989378,11.8271460952635,12.25742980084,10.9826049476643,10.662266620388,10.100844264843,11.9183712509371,11.4604349331802,12.8024992826338,10.637201883981,12.3735155057414,9.64055339147144,9.85862191619531,11.9839862281923,11.3115239261271,10.9763549320984,10.4886263776801,11.3754996045631,9.72030932285783,11.7662917988721,12.2921542341786,11.401605849343,11.4505728048798,10.9936046967955,12.030013233972,12.7535741198713,10.8956853206837,9.48714149664838,11.3803004556663,10.4801393452092
-1.75680359924141,-1.31707261239493,-2.37228221879399,-3.41079079127017,-2.63391028748665,-0.871355229863076,-2.00731379850737,-1.75752950094873,-3.41205819532203,-1.37433950531338,-2.45673883229961,-2.60970632051547,-1.51316332634256,-1.32220809435376,-2.65127942907278,-0.985166005722806,-2.19132703873582,-3.78664852343534,-1.80438887160153,-2.14619980768749,-2.52307374255195,-2.20311466050524,-1.6726694096154,-4.26646572795464,-2.22363958203455,-0.735578005373509,-1.49881367607456,-1.85141410350576,-2.35966668170372,-1.27174360897352,-3.53082331340714,-1.06324031224485,-1.95456297795182,-2.48713214877943,-3.7577496373323,-0.714093529216869,-1.93538923091682,-2.77655609555643,-1.70531181564483,-1.69720647931269,-1.75578075537327,-2.21338099860932,-1.16336486439265,-1.77745216314577,-2.32107092120786,-1.55472850083032,-2.35750367965671,-2.51791167655637,-2.25262483395978,-1.58390330164667,-2.10056478667331,-1.1225760113895,-3.49826240464161,-3.79874267374464,-3.56591121794123,-1.76103507393147,-3.36307731653555,-2.11671355604318,-1.75846145987155,-4.6172675602159,-2.08526988992906,-4.06661680361283,-2.41435516404118,-1.72781252710591,-1.88979656507867,-3.16621021685606,-2.70405256109205,-1.34506249165301,-2.44414237874246,-0.801578670218354,-1.73864313376858,-1.90057082432209,-2.42293489810471,-0.885183591141873,-2.14451190936298,-1.34016839588705,-1.98933017741702,-0.96825606300091,-3.69409862250989,-2.05673417239088,-0.395673924107307,-2.40796262504445,-0.921015830915498,-2.54624687729562,-2.70732357438143,-3.74673822043505,-1.77070003173825,-3.59878008104421,-1.10079579162298,-2.36309771287734,-0.853816912094434,-0.545262513472632,-2.50733830047647,-2.49608361859634,-2.73219562511413,-0.37400536195506,-2.58471520392732,-3.02970694548353,-2.27267595689846,-1.92556224430035,-3.64539512185883,-1.20888099187548,-0.598413200836075,-2.1433219777633,-3.57266123936955,-2.79434932121494,-1.44386186530814,-2.19466124225827,-1.72390905363729,-3.5238241803105,0.392536164362549,-0.903374008561083,-1.75818179617486,0.622477416862413,-4.14317635483698,-2.33043397387175,-1.51491350340694,-1.161784434648,-4.58595519117523,-2.7297294995928,-1.81267650726928,-1.05487240256908,-3.80020399543669,-0.110729496278095,-3.38987996348656,-3.54214237053717,-0.896430967698328,-0.89649386883028,-2.80940052195121,-2.70219535396554,-2.08536731964886,-2.77964383806659,-3.42718119781829,-1.89134174933817,-1.59316997513246,-3.15299132923137,-2.72046412762117,-4.89898035687226,-2.39379572659565,-2.44896372398988,-1.67754200179087,-2.59280213734367,-1.80995180524719,-2.3588476221745,-2.49975029983861,-3.13649162833363,-0.706871869796274,-2.45168462124421,-2.49344978540066,-2.89623191367806,-2.32800895883989,-4.37013407212787,-4.06528197940236,-0.0994756427669667,-2.64165098412961,-3.43983796098928,-2.94906760750273,-1.93871408506217,-2.39760408804057,-2.54674117436839,-1.31414821814343,-2.78992816131372,-1.16224746918357,-2.75523987456264,-2.05466205710142,-1.76759397591243,-2.51150693462536,-1.65742977114428,-1.49820258065231,-2.94133674766837
8.38069664327758,7.79583950064695,8.34474623218654,8.25539038163392,9.49137203050265,8.18049840911012,8.47870468244125,7.70043361149235,9.20678250359351,8.28652352890728,8.11400827996166,7.82951902999475,6.84549897636308,8.27575185622195,7.27904294543187,6.81398707827553,8.49757587690602,9.05957927727677,8.30146225718705,10.0266005300681,8.01340379367991,9.35272696711358,7.41673891275204,8.85919975261994,8.4976257442802,7.57810860673943,8.30212110438122,6.95084904089233,8.63740520790425,7.34780119402103,8.52297075719144,8.86038985309633,7.42933705683481,8.70625883417841,8.53983710524535,7.98967199063148,7.45194619777116,8.78060110162291,8.12342259864722,7.94914698417337,8.37827733273599,8.49105585992756,8.75296179445231,8.3006964363804,8.73060964597516,8.24421746464008,9.16942047775136,8.66385605268175,7.8695139884859,7.64724527988483,8.55667774076218,7.76515809420747,8.55325491481888,7.60684019524471,7.35993516467226,8.47696414017045,8.54506241844377,8.0803942567171,7.99831717134033,8.86521967516568,8.04870668754287,9.12262370655936,7.89029110818376,9.29042175710175,8.43197011678612,9.32104615995536,7.56764003853711,7.82315734725912,8.4563324324562,8.48432196195544,8.13039286108821,8.2715249715188,8.90853088786478,8.11110099947769,7.56611596547702,7.78544887925136,7.16129764256068,8.2481745843114,9.58756056990355,8.53448984817485,7.4909074770045,8.7744353156545,7.27881562316246,8.87660147098492,8.22253206465617,9.59550670303266,6.83118173158878,9.25501157662059,8.64068813551435,8.09408229191885,6.44820263246444,7.96205037689292,9.51641932361423,8.55749911175365,8.39605807899889,8.49961383585361,9.15401581416436,8.87752121457096,7.97464735394615,7.90936782276592,7.18755813368357,7.89693777980263,7.29117951310563,8.5179581128325,9.85811015335332,8.09386013640841,7.49340304960059,8.69661954397309,7.53212010593377,7.24737962065858,7.65688250684727,7.74775644396568,8.64125957483862,7.58330565600659,9.72781225308884,9.00404369635653,7.89301285881143,8.19898105020596,9.83586064062179,9.1756265430302,8.00086390789776,8.16787280544768,10.2239395102877,7.73979173027629,9.30332878353195,9.48924921783555,8.43180007824956,8.64502610410173,8.48603138981234,8.09067123522453,7.87934500535491,8.87088856753792,8.62937021267673,8.23545603255974,7.68033375617303,9.57846751112935,8.82776229375265,10.2593981065809,7.54138928849904,8.9858188415273,7.39727689020815,8.48658225414228,8.90101867856897,7.83973980186357,9.60290845295815,9.0564122390986,7.36737320076437,7.69922535493471,7.42208978068822,9.41913924929153,9.14930370482205,10.1749340816802,8.78854634720268,7.99440399494698,7.86449407479001,9.66895946599432,8.00338265752728,8.46357764596026,9.05976099540223,7.41427541338139,8.85804781337441,8.61549478924983,8.08609222856206,8.95060725239326,7.67536391589649,8.28922857180084,8.31289898999427,7.22511761391753,7.97999441779877,7.23882188429822
8.84971062056083,8.90744042157426,9.91687438649734,7.85803660226549,9.49912299762043,9.16058133771435,9.25964467826013,9.53496528118016,7.42748219109429,9.26340999270582,9.1507882316156,9.46987714427321,8.51900552170947,8.57518704287911,11.0903642796705,9.25335871433885,9.96528861045055,9.1811130828699,8.26975857845538,9.96124196878857,8.96574855705611,8.32181795830316,10.4057916392778,9.97677103960812,8.20202227794402,7.60101362186115,9.68175654655061,10.3173697980905,8.70922969355893,8.72863709182852,9.05885524981139,7.91967138878907,8.77457251377824,9.06896638282351,8.19727975265456,8.63124699071083,10.2525646200513,8.25476223041003,10.8667274607995,9.65920498421273,9.3028544101405,9.33142521446598,8.51029368789909,8.67717703339137,9.85966643796123,10.0007911651364,9.28032576276228,9.27783119007409,8.54893350086974,8.88937743592558,9.45119711018811,8.29979628482797,8.36342511772317,9.5529419928791,8.5681718781873,9.00619610986917,10.0067507619528,8.5052021199329,9.59868422698511,7.8002153839968,10.324780178019,8.27000396432568,8.81601773329277,8.36498090325721,8.56968203997697,8.07162255147091,10.5110731800624,8.45122117052047,9.99434243805307,7.36737157258268,10.2318006662343,10.6344323352952,8.70678432197553,7.71928040390754,9.49469829313038,9.06941500604609,9.9243484198217,9.68793306396091,8.05589793572087,9.6006023447905,9.48671020886325,9.85576531322426,9.07721525878035,9.57144307149963,8.02178169818726,9.08332860494508,9.9381135203955,8.78719265735653,8.97017359170459,9.28860010952215,10.6015432230468,9.88315896647224,8.52359839322298,6.31812167980395,8.26606402058174,10.103243364819,10.4789478837174,9.34144888336222,9.20257873216056,8.64715889425778,8.9763974034635,9.18808768835092,9.08038259660738,10.4015787577818,7.30088117437092,9.88980327274655,10.2041834909609,9.30490600033752,9.79585972822696,9.3698645243552,8.09770766895585,9.94808544377707,8.95198995890166,8.97835577515313,6.73254677509589,8.65776101843904,8.92183806307499,9.00141754307049,7.71660962243354,8.50455982951179,9.13835839808769,7.6430191426653,8.25790109060477,9.03826548435146,9.69203948195279,8.74884495313967,8.69936515985198,7.20431122638894,9.8798914231073,8.88606816116517,10.0258464494922,9.31325002040973,8.81353063940146,9.25040010276777,8.84603409077908,6.60904372329039,6.98149380200277,8.0382206232682,8.35605582214829,8.89351877682082,9.23787019224315,9.55228670603998,9.1636495397363,8.83186226869,8.18493676262797,8.69941426898057,7.94871984921621,10.0282395217313,9.58552264642186,8.32791269650406,9.54531184864495,7.71180767423866,9.05143023210682,10.3045818676916,9.0560658053717,7.1262549345393,7.55625300881849,8.10490265441711,7.33309850143493,10.6930950201982,7.3495902247373,8.95898612443487,8.62421120180187,9.46554212611569,8.87056458799607,9.74024436360821,9.82566444231286,8.64786395107838,10.4530649790594,8.28894986055748
0.928353970764284,0.346351254080857,0.178215679161502,0.480803185343721,0.772169513599001,0.456754980283102,-1.33539677256267,-0.162118502759806,-0.92664331899225,0.475833860759174,-0.890491299462214,0.598396710854776,0.630602117694779,-0.233081753422276,1.3839492571561,0.00377171883154359,-0.479532929660822,-0.230735016914059,-0.536387948866043,1.2410645968678,-0.514493640162086,-0.576881659603187,-0.289479740518057,-0.32930099369698,0.175965555648575,-1.91935168809656,0.107333566615232,-0.0194043645141104,-0.616567760187266,0.588003841860423,-0.739672262935064,-0.665565061067599,-0.193516763424039,-0.226607712329661,-1.82678445004029,0.426757432535085,0.53761054246613,-2.46170512241716,0.993479368742217,0.146207693695451,-0.873961096109296,-0.276282719492893,-1.47346910832326,-0.323691819735005,0.12032224976971,0.166499691601578,-0.216972980411469,0.161615134446232,0.64002251018314,0.404329818250751,0.0551352711274168,0.140241497555961,-1.04059607848864,-0.306648317750379,-0.158488037485603,-0.399631301364673,0.197801512952473,-0.713226235777069,0.853233733753903,-1.23538809187393,-0.119110987282285,-0.501484074752703,-0.660405825922718,0.368813913753281,-0.236032459892827,-1.08953742059343,-0.180752672560274,-0.423667659066202,-0.724841844571726,-0.376494182822929,-0.000942840791527566,1.23030047427608,-0.849277606823686,-1.0475469674642,-0.503938658184638,0.510363947521317,0.975036028614946,1.75932123221949,-0.38445554609199,-0.208116876102166,-0.23122627347444,-0.0254545959462792,0.932337389109479,1.32913107506185,-0.750474286018015,-0.719725392816011,0.904213682085499,1.06618022406472,-0.423233741295293,-1.18664483071228,0.298256886034553,0.178296023720123,-0.7060741723469,-1.80050611822008,-1.48283347487975,-0.556061443020174,0.172796344196707,-0.225491675516233,-1.07460723551964,0.101480079270036,-0.910028145438415,-0.769936825835114,0.0515914042562578,1.27764721810174,-0.979952340120648,-0.209723942638534,1.12773412341801,0.113653067561948,-0.155288364948643,0.152563454551267,0.781007130766751,-0.0895936170829607,1.04388434776557,1.16691247555215,-2.27013560142891,0.756481500837544,-0.430046121940803,-0.415697850226269,-0.905951793149182,-0.779619947122308,-0.336158282635548,-1.31815172912946,-0.0143647352510315,0.120656314979438,0.0790596570515036,0.00374752829708025,-0.764879928483486,-0.677828331188596,0.50492685149796,-0.119985760989482,-0.177594312232593,-0.0522544639524811,0.379409873278092,-0.0710224120575833,0.406540128433813,-1.38851977098936,0.00261525389844705,-1.33220579123533,-1.21286920585913,-0.6145935140203,-0.863326341918808,-0.125498687648204,-0.656528217236499,-1.2966904544362,-1.0576624483128,-0.358801124597863,-1.2913374664832,1.00285401933976,-1.17434974975096,-0.305487532604323,-1.00339277490591,-2.64430024029902,-1.72425599375919,1.29245963445694,-0.503716877554007,-1.4163263571251,-1.45057616390586,-0.299349931752363,-0.0229052388334639,0.337191206667592,-2.12792415201012,-0.533853224992505,-0.394347746828964,-0.231045433309931,-0.916357139641788,-0.273782688066447,0.339876902495983,-0.129037815863104,0.54969419099131,-0.701026279576221
10.2112672268614,10.081439979263,10.8718019650678,10.292987930619,10.7362250914635,10.7929439695118,11.0260803060136,10.5103396271854,11.813286532767,10.5585395697775,11.6596804875016,10.4603688396572,9.77268013889524,10.2724167120411,10.0065342698827,10.5568110978722,10.2367478290162,10.435313498264,9.83201797631056,10.8414224850335,11.0306334086906,11.2747827631352,9.56507500893235,10.8475559287402,10.4406693009581,11.848836527268,10.787767509182,10.1426222558272,10.8579623901957,10.0182677260975,10.7604933733955,11.9244912661158,10.5359037584001,10.578975795169,10.0398315292717,10.8622812049626,10.7416654670678,10.5408093006207,10.0261981562781,10.4059296789573,11.1537908916572,10.4334533549518,11.030009671454,10.6447134715711,10.3050701841497,10.2486713856495,11.5744462458039,10.5036460995548,9.71865117161284,11.209774516389,10.6099013764681,11.533111554293,11.4956380723003,10.0921194525746,9.93234116312419,10.8688937941968,9.94630478467696,10.6326466782642,10.2807201663912,9.98484963982084,11.0572162107631,11.3407650217239,10.554290042211,11.3355497312932,10.024285142924,11.6035811367768,11.0036455952295,10.5511113911676,10.7019247456005,11.3316627620481,10.739543862244,10.268794021761,11.7814469251284,11.7415147492806,10.9138162006358,10.7833602308912,10.4491702324961,10.9204909693782,11.596798680715,11.2648602100081,10.9090547111624,10.3945548219647,10.0052569370294,10.950026773486,11.1815566744476,11.465420725874,9.93790437806261,10.5452035471994,11.1004997711079,10.2848287273498,10.4953046485789,10.6315437007074,11.0195565430841,11.0857388877746,11.2620016616124,11.1451664562496,9.99897405254758,10.8867076288065,10.4775632274993,10.6904649169645,9.56556051389626,10.4183557943845,10.2973144063297,10.645864979656,12.0510071776251,10.356270245937,10.6948967066823,10.9110460077845,9.68426417973054,9.98525296404272,10.0984851813371,10.973594029669,10.4342142753011,10.9577789571857,12.065324274385,11.135372960293,10.8670889876084,10.9140801083921,11.721104714684,11.8381972663402,10.5944252892899,11.2538639621786,10.6773439195916,10.3810720270856,10.28515752922,10.8954803947192,10.8202643297311,11.3043456172867,10.2530421032257,10.6135298427523,8.94903931520228,10.8479146396246,10.7549371222068,10.3517930206717,10.6558826639859,11.767563978844,11.2370224985376,11.6593720597723,11.2602716668937,11.3344619493834,10.0145440477117,9.97377911378876,11.1636774790415,10.6177610329658,11.6551067169729,11.0820827854852,11.1043428892609,10.8337302745678,10.5555994602029,11.6432119608241,11.9941828342759,12.6195147615673,10.9337250630203,9.80099290281032,10.4432529163294,11.4632848230176,10.6229767604492,10.8644363122407,9.85629307463445,9.36262696349008,10.8554422953754,10.7609994653188,11.5144384115689,11.0312863869069,10.2517484275385,10.3405110650134,11.0380677258532,11.0807226403852,10.8630837354353,10.0832473990511
10.9019060369566,9.74810087409645,10.0606983042168,10.3770722170364,10.2063312862078,9.04872842720509,11.4895359831369,10.9152914263145,9.56393874926203,9.23645013727093,11.8819925907815,10.0115108730285,10.8727745566419,9.44287808425867,11.6243642447706,11.1928901866597,8.84906999908679,11.250857718142,10.2737614353031,9.3044930995599,9.8895064902114,9.12198446150732,11.6884174052449,10.7840171512155,10.3551075962395,10.9353034420608,10.3233456140277,10.0855621960342,9.44028126361704,9.92725992858332,10.1316323549501,8.77276759836877,8.77760330222376,9.68696337731072,9.78889065247504,9.66741174979827,10.4006418606075,10.7479364269606,9.43709967980628,10.6586930281655,10.9927652610005,10.8091994959652,11.3849958186684,9.9578661718034,8.27137699682403,10.6656581591191,10.4239513228092,10.8319369793068,10.3251834332673,11.3086325529962,9.90676308070679,10.3925259342849,9.30678183450999,10.6331485119656,8.52564415885855,9.55266418573783,11.0450963548519,10.0058775662018,10.0506052798671,9.11889082210317,10.2047661249464,10.2818263896319,10.0856511601357,10.2843402576822,10.418026619629,9.43870101662594,11.8519123768916,9.80362140193601,10.2686511507144,9.00888375382109,10.1502045059857,11.4092125808396,8.9753140583426,10.1658210180464,10.3350680737378,10.2891840160107,10.5895432325873,11.1218503501557,10.0539663891686,11.1180964543986,9.76404490758683,11.3345673298726,11.6960970602419,10.5571215445421,11.0602788023037,10.0831302383682,10.554073019259,8.79450999074491,11.0105803078994,11.3546174256202,10.6248938246195,12.0995902229481,8.85259245063744,8.76992609532457,9.83108745066317,9.60479349082148,9.53638905817689,9.91372244512582,11.1667381146576,10.1222033862198,9.62858284234776,11.5286472511958,10.2766504800089,10.374932820538,10.7878337767108,12.2640893960739,10.9993798906578,8.68727588739044,9.65282697131303,10.1621505617401,10.028632656241,11.8974811763846,9.77771920342995,11.6634507210281,10.5784779860884,9.91826822033461,12.6220315642952,9.79313157621938,8.53122855251276,9.47981626545178,10.7400255425854,8.49231706393518,10.0206730682462,8.62938335635706,10.6182738768522,10.3095625730542,10.9384668024089,9.59375997662515,10.0319109202199,10.3891619788487,11.1415576415032,10.6417817982958,9.29460828535818,10.9267296868005,10.8574874804942,9.93413240263103,9.24222484890575,9.79127115135345,10.7884616925196,9.49018179082688,10.0807983327119,13.0906557074748,9.88011094259061,10.9231775761879,9.40031383755034,8.22788303648056,8.79736178948652,10.7810393096229,10.5002677479984,9.16067240288023,9.37704888120668,9.39937779556931,9.85260809108492,9.40089432478421,8.64103546405351,8.2001341583277,8.49965195650331,11.1930796136605,10.018428455821,10.7642294207424,11.0443333368403,9.7890386135767,10.7022147651392,9.96498386368527,9.85221731521333,11.6411302881448,10.0479672905461,10.65503304087,11.3501473589655,10.2483491049266
1.08761223437318,-1.19745999214802,0.254650040103199,-0.189432440209936,-0.497864755143968,-0.755940757984497,-0.74947658768825,0.115837166016376,-0.953237982247934,0.841385049728549,1.58034387555648,-2.52620036157596,-1.37444850004588,-1.24775156373942,0.370235188806184,1.31446786550242,0.0575647850702327,-0.473284055160058,-0.0505855719820828,-0.807317009743753,-0.59529667513984,-0.331455564674959,-0.891278718962531,0.389801895806507,0.426329782866454,-1.09951828074893,0.3587810040922,-1.19516363505097,-1.26374768816293,0.00823411437111143,-0.596551699538855,-1.27282271755829,-2.34860686162672,-0.159736955114766,-0.168728414114545,-2.10587382201877,0.242413659634433,0.422038328073035,-0.443309969081056,-1.08178490235019,-0.974446049613442,-0.323422475787998,1.44130759028757,-0.52201403411725,-1.23081245685687,0.461308228378866,0.0972525496488805,0.189177649223967,-0.127428263434004,0.444348335465975,-0.345373489849112,0.289469260844336,-1.35525557663862,0.378754032394773,-0.846469449902928,-1.30952805655189,0.13779172415406,-1.02318356938032,-0.468789781311024,-2.17831252700213,-1.07575910341112,-0.745239246998013,-0.67014233548224,-0.170671646678542,-0.185024765830586,-0.515964683339531,-0.0501143946416995,-0.551503765835079,-3.25718738917796,-1.75886486245957,0.512131933850832,0.738868749371553,-1.01182040701623,0.149501103603398,0.304826048661893,-0.671534772026108,-1.998467393886,0.962099016060177,-0.143440331324898,0.334691010627346,-0.321990907858528,-0.490326930440493,0.817982909974039,-1.0672997285924,-0.333153645202569,-0.111917308205712,-1.11651384770511,-2.15148265958549,1.75382693316211,0.679723361286085,-0.114038220655813,-0.0102331153569691,-1.48524853949332,-0.922276616158983,1.2853673151157,-1.48398549126997,-0.466081747843939,-2.34841428776981,0.299958654429238,-0.96887047912356,-1.12038811309246,-0.731832857187299,-0.468509183012264,0.311689210525583,0.74039412182203,-1.35796918840498,-0.0727567771637442,0.703521458654614,-0.359452580751023,-1.31475783565394,-0.864013293899428,0.896294725217028,0.0296745445808953,0.202235947507894,0.438284551845047,-2.02663479682243,1.18877658686318,-1.76715291579596,-1.36153741956334,-1.7748819556419,-0.618114195984545,-1.50636742130815,-0.521049772598257,-2.86344244364347,0.929615752673299,-0.422134014316542,0.245463577916009,2.15959828318371,-1.00193208259948,-0.984650938426917,-0.099970377382955,0.539935329888153,-0.767305884352109,-0.277296239553081,0.435696397404262,-0.99326087972806,-0.662114105376674,-2.39100730493001,-0.781636964515133,-0.886806559713545,-0.977888747642681,0.348119464789749,-1.53311045758802,-0.560120164527011,-1.12338780659097,-0.372494465677691,-0.467200281562755,0.976150445971662,-2.19471099808845,-0.579754915979537,-1.40336118243819,0.225760937732365,-1.63933434058673,-0.312533768716266,-0.872917524076334,-1.0619145597437,-3.44630325016784,-0.453876858706602,2.26506480095364,0.10783223181742,-0.238177985048073,-0.300487095061422,-0.53471635627759,-0.711179473545501,-1.31264640931394,1.57830455498562,-1.27496108106536,0.260925690803986,0.591379228115453,-2.19510211455471
13.8778850003448,15.0856231407928,12.877096080743,13.0005456021383,15.6375667323946,14.7921315809519,12.7331168581291,13.6637591819079,15.5201732388093,14.9298110110592,14.130417965368,13.7673060930913,13.3740753056849,14.6131616510636,14.0169458179381,13.7814635125223,14.1726353955741,14.163204355009,14.1535907380462,15.1257282424772,14.5125244502298,15.4326866989736,13.1572686507471,14.0847169591105,15.0169318981806,15.0911633441939,14.1655640871332,15.1185309633618,14.5075317881162,13.1675529823798,14.3011657672049,14.8980827086645,13.4840776110747,14.7383955916511,13.227412689081,15.821028191731,13.8435178279784,13.5349431150393,14.7169396316217,14.5663469975798,14.6660740151171,14.3928052112007,13.5754064311542,14.0218783428235,14.7033839339429,12.8085810074331,16.211602904062,15.0291424049332,13.8364709784425,14.0294924174388,14.6727101612267,14.3749499183923,14.4408553722795,12.4697302691119,15.4046777050397,15.2425666943041,13.3230237018759,14.292588749599,13.8532369431959,14.0626203675502,14.8595127118566,13.805485791835,14.1982982854711,15.751306530404,14.0428874670635,14.7125901733246,13.1493565817266,14.3094858475932,14.8335039416261,15.1980230947657,15.00969852893,13.4878409257163,15.2518318657876,13.9762556798162,14.475329479774,14.5672060777035,13.5006345838281,13.8589299360111,14.1080944967212,14.4317907240825,14.4480669159194,13.0583794379814,12.9806002296539,14.0586380690751,14.2282964985196,13.9987362245259,13.3034805472619,14.7668042773551,13.9818654514348,14.5719242800129,14.0384849519729,13.7595091318539,15.9634011865499,14.0438495417575,14.5692499586683,14.0587704473142,15.0835793105718,14.2326554350129,13.8202142893444,14.2930881333794,14.3173489216985,14.1510172340094,13.9139399398054,15.0248532893103,14.8384173127699,13.9788791970708,15.13289856058,15.3138534573031,13.7839700669421,14.1773679622854,14.4800108287221,14.7417772835393,14.8633802914659,14.1972046028705,14.4457441493971,15.7077485660333,13.9828358046076,14.8647113781739,15.2050701401645,15.4878132478532,14.4193137664871,15.803030563749,14.8009028858144,14.816745108063,14.5905637772908,14.9085735829657,15.4321190116009,15.0900234919888,14.4436455614964,15.0713018440209,13.3932642068653,14.2813896725611,15.4003677861531,14.226635298229,14.0692740313339,14.6375958462399,14.2449697970114,15.1811603794568,13.4708201203413,15.0452542373654,13.7242128220792,14.2382189411782,15.0383404227972,14.4856554464549,14.6529370062952,15.3333846834441,15.010803813298,14.8903042984332,14.2166801781119,15.3340652413729,16.22398739108,13.8622532187021,13.5409752231468,14.1825534212482,14.9531416973453,14.3327627526761,15.0482974943775,14.5848508941125,13.6027817809081,13.7752289958836,15.1839232034937,13.8028351548154,14.9154666419957,15.9999299244983,13.8668987572708,14.7205242685536,14.5730870904986,15.4883678232272,14.7812130515212,13.2095547001681
7.01958717773642,7.48950680498329,8.90100208986016,7.11388302683297,7.86985583863363,8.79025690398289,9.00395729445291,7.64331914892774,7.86864925665511,7.66473257623689,8.85591400877704,8.81614303619807,7.50819610166645,8.7331193219221,11.0535633481477,9.69284235504853,7.53420118992995,8.20675043653494,9.03846032811044,7.81297389672822,6.7642880022162,8.6132799888546,8.91891394953045,8.76545294014813,7.70285886854813,8.88001908520547,8.37275520685453,8.63748665982017,7.93503404037328,9.37069073933543,8.45505380343185,7.32438142778155,7.95441800461436,8.564365387907,9.32414799017216,7.35673430611516,8.25866881438212,7.97490534413445,7.82506626438285,8.11173861467427,7.89519205572311,8.33623867382862,8.11403097686131,7.75129498154699,7.76409878782854,9.05165619935587,9.59977104247502,9.52130595078419,8.70816553690504,8.67633193798543,7.87031759794044,8.53084747645111,8.68673085493808,9.13702736400975,8.26164061385134,7.76928583808361,9.24718025300057,7.96426818155486,7.04788220514494,8.19674793549324,6.8644942060326,9.27953660435526,8.84142622549817,7.43789081001097,8.39971204731488,8.85266604345343,6.82050083476517,7.95898788812657,9.79187791519181,6.05021162314534,6.65555750278499,9.96036784500041,7.43059004777002,8.86937672849832,7.6728133462844,7.75512369821852,9.24091457000117,9.47780659297062,6.8322504437431,9.00647297981732,7.56412233645551,9.80536630845352,8.52354981373022,7.86211186786144,9.39286042119147,8.56813163181631,10.4397064169558,7.3193755672137,9.8998447337244,8.71083446883466,7.74124072217354,8.88805971734552,7.31963495856926,7.38971567301898,6.21984724760578,9.28759583800466,7.98975164486152,6.92008265953791,9.9406704757514,9.36673639805122,7.96782968754317,8.27975134538681,8.24978935282464,8.91652613672625,7.62352020236452,9.73925850803618,8.8859373651478,8.38468079420134,8.58418268576309,8.4560915475671,8.67306818235502,7.79556377955495,8.82794754288163,7.85900978548057,9.02141011184634,8.51936687450989,9.09336202809947,8.69575885274868,6.47534972800456,7.15559760786059,7.42039227706182,8.7734224857947,7.28748376745106,9.6702916711995,8.02094225567453,9.09616140611965,8.90711446957287,7.85510174839395,8.88471402898034,9.29474247187245,8.0485829884285,7.93147897686182,7.94409605301865,8.30926557244993,8.41431999450713,8.27190660550075,7.91531990826388,8.03346042712803,9.07129959662709,6.81772005228665,7.97182651434163,9.18143555778864,6.87560822168882,7.22312441709851,7.35428532958766,6.27338272923513,7.30887746800718,8.43466339614746,7.86455194047682,8.53574661121804,8.01238911838909,7.69392316499794,6.58957150298739,8.4356772282366,9.52395890764822,7.26215062053666,7.9060909417504,8.52099103601318,7.94916724448648,9.35349810899685,9.04213974516122,8.20121107620908,9.61541661615785,7.73523419021642,8.41016683191151,9.5770064153985,7.25225131972749,8.6064448693378,9.76941780923352,8.45561546751859
1.01615687399726,1.61059667209663,1.84956063821219,1.57053686143114,2.95875747903482,2.3887594066209,-0.00658978526687726,-0.0996035168611471,2.43191464729067,2.22555945569757,2.01614118191628,-0.0921818537701671,0.664539643052902,1.3274992065213,2.3697078515996,1.148580152939,1.97208302032202,0.71065649393601,2.17136939705011,2.21393005203312,0.422086179820398,4.38566237144157,0.895275921310432,2.93538523933505,2.88395655974921,3.59063032417466,0.664895330439317,0.482159786224607,0.310835266822482,2.92404113652402,1.40095579860271,0.192621756166691,1.32536995485024,2.53937843066147,1.65755908525275,1.09591010400354,0.777214496404655,3.55032483971976,1.8559930434941,1.8931991293604,1.43851988037332,0.820286100228832,2.34952916299151,0.83982852610045,1.35314963866068,1.13511340297225,4.77026854221697,2.35033240162613,2.08794876109685,2.21922740822264,2.20867348066475,0.529024979733316,1.67124476555606,1.32490745836358,1.51419349633146,1.35043862100103,3.09902206336689,0.599977091796585,0.410296616655403,0.494826948280026,1.65869526810375,0.906869887191418,2.10525727409988,2.08424170944109,1.20338256892373,2.59678959230951,0.895400245250967,0.954857539856034,1.08115372856206,1.62823129373434,3.07251427338246,2.4290822120607,1.99181887132227,2.94461080019329,0.572881776775055,1.55701168987858,0.657455518944647,2.88749054354275,0.62107719351351,2.83578398263113,1.4875617344754,1.57898319746625,1.5848788472897,2.67124647157434,3.27231476756464,3.3270417251845,1.91680389539794,0.945260119180529,2.26424567881261,0.16510322724297,0.214166463022276,1.51622160954567,3.16494868243603,1.19071087071114,2.76550952548824,1.48442735280227,1.92681785318606,0.68871617688601,3.36916402742055,2.09565889708618,1.08967844337809,1.61550816529512,1.29931938043031,2.4584350643105,2.05013841281743,1.44771356105339,1.87950374033363,3.81298607021637,2.05873645683153,1.49646337877986,3.00089244487561,1.93678167318919,2.70782648347373,1.84381296597906,1.83233815605861,2.28863175903639,1.66314263610703,1.66990489236662,2.15181467994061,1.22615546130143,1.02413277374413,1.79226963192807,1.84454553753693,1.82284276477204,1.68793371356822,2.32218306970526,2.81613308036832,2.53903235277286,1.0999101759998,2.54302731419209,-0.426468104250693,0.90627012801633,2.88148977757961,2.17798905971462,2.23735947224179,0.243835690657044,2.24768631455265,0.75528061281128,1.01795340465741,0.721937025330614,0.00529036187738363,1.81732881030911,1.88811625209588,1.20260316483756,1.82087618106422,1.57349659537845,0.846104128002548,1.88723815646734,-0.534997831656815,3.02880578584994,1.29299573072991,0.421651671127596,0.47963226259753,2.98478297244619,1.3757302210838,0.99338428061434,0.876837823320327,2.48823277672599,0.941910951191732,1.87543111960657,1.8800937989495,0.856760084093745,3.40437642307135,1.56357583221874,0.629596082936642,1.0769334391842,0.0088086592748029,2.45050983173328,2.86529580214918,-0.416273892029644
16.8223310122962,17.1863942316588,16.5322228612195,16.7941850167013,17.4183333813368,16.5216576551718,16.9033594136032,15.8695071709433,18.0492102578032,16.9916015952282,16.5797429213835,16.9803628845543,16.4532047954561,16.7490878110374,15.8163662135765,15.8280048664177,17.2639307815636,16.4997348114422,17.0905819489578,16.7573674476979,16.7065799068913,17.5727252486373,17.9703185356326,16.242284794871,17.5506761093288,16.7562454376571,17.9347422394369,16.0919892266956,16.4992250847117,16.1280638201493,16.9565896790414,17.141097837148,16.5369276966719,17.0848132940777,16.6262196314171,17.564068207325,17.5820908024575,17.1992187001202,16.8248635279104,16.8793403015297,16.757785576851,17.0927541325735,15.5486291280408,16.9362650419552,17.0709007135349,16.7326579374409,17.8733714626171,17.4907558453412,16.7215409488803,17.2964923776142,17.148469948247,17.9557270242321,17.4810860098399,17.1791768817117,16.6741554536491,17.2057724153704,17.2124931518338,16.8144343997496,16.3268028942749,17.3399993966451,17.4949314390741,17.0180312432756,16.2911625549212,17.5998945988208,17.3361189292045,17.1219138884355,15.9230244943761,17.0648212899175,16.844710768354,17.5591039300581,17.8037583612215,16.7445693150352,17.3894743211596,17.5048707661379,17.0575017577772,17.1057014886616,16.7654689303652,17.3199943760409,17.3539534221448,16.8383514380802,17.416953772347,16.2742828293579,16.17576022778,18.6600968036729,17.0752609120153,16.9740584592372,15.539932943865,16.4323120431076,16.8721834333262,16.6869870181443,16.5200834209258,16.5509981942333,17.1275531737332,17.0111790308109,17.6170651816828,17.6320886464347,16.508302885211,17.1793082975802,16.2942092578277,17.0821398920376,15.8022242949837,17.3552586752046,16.6705464521542,17.7882672680427,16.9699154301476,15.5987659665668,16.5272874817798,17.345985258238,16.1806592493797,15.521867092552,15.5553685723497,17.213272052265,17.2495199969901,18.3673596661483,17.5956584625193,17.2075334642597,17.1194208389954,16.9862697229062,17.6218417098542,16.5562572823743,17.2604394597825,17.8161085549508,17.7301408088347,16.488162735117,18.5393891497772,17.2019836564147,16.8121939823381,17.1612407078764,16.4221662182535,18.3558539119986,17.3448948817587,17.675070327095,17.7633954172654,16.8068384386077,16.5150362637692,17.4517852915393,18.2788312669085,17.055459312111,16.3182099188967,18.00032772653,16.6635319624684,16.7470500130499,18.4250132803112,15.7415739888709,17.0982166318946,17.254365779495,17.1268147249374,17.7195001531821,16.6536197471365,16.9879820321196,17.2099095843305,17.7719879754999,17.5098085270589,17.1341556910692,16.6070270795888,18.1074467390981,17.0322680867839,16.3336468349357,16.8956889347745,15.596018192862,16.5285620776435,17.6465543098682,16.5360305801006,17.1333833320991,16.3775794766515,17.094860863453,17.3300847403854,17.8808902703507,16.5099563482063,16.4827523823155
5.43372324717911,4.85461466147302,4.61745089913899,4.38843745218209,5.14442193371736,4.43876917299443,4.67072996875763,4.69033533205161,4.28358792963496,4.41962482582421,5.34990131570035,4.4829997832756,5.07923683087255,4.42151064887832,6.07480780382033,4.29564526422829,3.85357875148933,4.9897181962223,4.72996339329566,4.24905637881733,4.02787852552276,3.97909091907074,5.37862078287375,4.85351464650727,5.21926642273222,5.28649299516918,4.60004791208157,4.1264762840805,4.69676654374527,5.40630952199524,4.75172923941708,4.43793594550833,4.3893318199342,4.42427670948089,4.93461430996172,4.15961568394674,4.70612148149451,5.26949125672176,4.88511916758252,4.76626919967345,5.27962857311527,4.90061915859883,3.77957583518551,4.49553024993622,4.76569239179149,5.21197705958654,6.06713631420799,5.22581890535854,4.79799284052894,5.44422840555775,3.88419836328727,4.2571229472566,4.7617920169443,5.43690505290368,4.28803080163819,3.81179376105061,4.79264739064613,4.89907430806029,4.81827465119432,5.44400402017094,4.66887200013502,5.02328527986586,5.16981387145101,4.18326685492061,4.6820934327585,4.20951425144284,4.38915737216898,4.39645650645852,5.34671678056265,3.43050277418395,5.21477936163843,5.89732163353988,3.72410575752102,4.90868397049047,4.53580785605807,4.55816216477503,4.37990892562287,6.64877634531443,3.97554495474736,5.3980283894421,4.0600289979312,5.27380747978722,5.48032998893231,5.07776406058791,4.96024163212208,5.09610140924702,6.00180765814816,3.96655388352961,4.76741380923363,4.13707654513917,3.98125391089909,5.45879066189446,4.93407722816234,4.40838043524022,3.71249969627637,4.80695294879228,4.08368317241003,4.51012080292448,6.06132002877398,6.54168211627964,4.78487369504619,5.85912183959985,4.70110848958153,5.52163384222886,3.90616237541585,5.77198852433463,4.78004314077304,4.3341092272482,5.35888463860453,4.73594355101566,4.96688125710429,4.71821147354972,4.23881438395356,4.09579101373728,4.83400353828157,5.10367411513434,5.81777719336296,4.85201308826074,4.36823632996643,4.35742680146659,4.61689769775684,4.40622504447603,4.34055148800936,5.08817927145068,5.48213277461865,4.65177861547517,5.11539348790181,4.62311018226489,5.58728828980411,4.96047414570642,5.79880572346512,4.39151466465353,4.59889661547784,5.94549737208379,4.84191547446672,4.1971937647329,3.49324081627021,3.26419700214912,5.00244425268779,3.45101933969145,4.45712681797038,5.51901750291654,4.42166469224523,4.39773178487275,4.21614059117259,3.27025151102511,4.51343627963565,4.74437075471251,4.83817695485286,4.02350391166657,4.26800453744065,4.57754328454504,4.15942077386029,4.64627039992947,4.68970509914739,4.15994116536641,4.52723011629523,4.47974651672367,3.19374341662483,6.60598470085983,4.87540977019066,4.80223325403914,5.21041933878284,3.29029435988877,4.83701388073253,6.12901163840114,4.62601915220857,4.93578466184279,5.53175502862317,4.29405752681305
0.343265203290963,3.39779223737108,2.40519581056194,2.04462508157226,3.30729222828106,1.64841218032668,0.149617462108957,0.911364442431578,3.57546707080583,1.8718578167678,2.39325186402132,0.322215052178333,1.20037746843168,1.98627788685149,1.88172341589071,1.05561061562577,2.01006440378816,2.2727248466552,1.65337423614391,2.44669075188438,1.71285926005096,3.55917507201289,0.0337026572559349,1.42909521838734,1.38269268454389,2.23148028789454,1.50081040625324,1.09138981669863,1.370947027076,-0.238080460273314,1.88275828834138,1.73446559274231,1.35939559791954,2.3034880961335,1.42253355599213,2.09207718315877,1.2174377100539,1.33940977294567,1.62258059103493,1.24693648122669,1.32385148984645,0.677950457717983,1.70809520995975,1.78786261575036,2.39868281869426,0.739748171590033,4.02133102755818,2.40174261752991,2.51936311738883,2.12655170925448,1.55775895407748,0.893714446833197,0.0185967716241326,1.36880862361825,1.41343767414569,1.3690048319198,2.10288538889436,2.92101415272029,0.646557237362319,-0.460958077713621,2.20169835093179,2.20832002711589,3.02360491400219,3.23443279094316,2.30255545595211,2.81605974628875,0.466512135649804,1.85588400308323,0.209857750481853,1.91255816418939,3.5276714649547,1.71179488944887,0.597711622614563,2.40149705950651,1.87842842754346,1.50285940913753,1.49450607657307,2.10248258559634,2.82249624317249,2.2323791176585,0.954996549937293,2.02305721321408,1.69962934717457,1.92904943971933,4.0183810725582,1.19825132797493,1.34941578476632,1.45206725395074,2.09896452360467,0.390596104455259,-0.0662273554245096,0.539758354062549,2.69031457562499,1.00519169072429,1.97695691613383,1.20345092610939,3.05124420338159,2.00644785278834,3.10354857009646,2.78324328576251,1.11063550580561,0.538794986597005,1.17227602425354,2.34280750550973,1.74614334664241,0.809575618643009,1.35539890177885,2.38829110341549,1.77955266548573,1.42210670128978,2.47929445360213,1.55150429258685,3.99894503561303,2.08851745603758,3.19378403206826,2.23978686461763,2.37710497344741,1.4650718357927,1.23803531776142,2.33615562163733,1.73957732788421,0.768945178170952,0.849613095316557,0.731308458584262,1.31979466243287,3.02722557769198,2.38352022913991,3.53676909758921,2.73567745465183,2.23729753906796,0.957216337673559,2.01118529098265,1.9719336731153,0.925455489805559,2.18853722298942,2.97657821627242,2.37935791605364,1.45822933943084,1.08392088096376,1.28985619449613,0.525047218987387,2.30783463772124,0.5438935595064,1.17349302659759,2.29316741930417,0.955207181173653,1.03313014931759,1.65456742805311,0.961268738363094,1.64727041140816,1.45108279854948,2.17789560486484,2.62244542060304,2.13063024650379,1.11011059568327,1.53527471044663,1.16035263136627,1.70086328893948,2.15107246940054,1.6940421060693,1.21845079943425,1.12954035545365,3.16553888632651,1.922295935189,1.01297616301903,0.949337469093973,0.582031034421354,2.86314156984098,1.86533379740031,1.39021378467247
14.7495591842976,17.2431905531478,16.5177440175436,15.626520500026,16.2664478450231,15.8297103362109,15.6577720320506,14.3234099736811,17.0924583241598,16.3613985227888,15.8625609646753,16.7659916911529,15.5978064931204,15.7701613418265,17.2811812465044,16.2596723053962,15.7830754667374,15.6242870465168,14.8866414031376,16.9653341575286,16.1977638646818,17.3203364097369,15.1125519392245,15.3840635432649,16.3480156728459,15.7842036292462,15.4875878280286,16.0231067943692,16.3756047063293,15.7630961614414,15.9637427081902,17.0591039871985,15.9039047500123,15.4197882219224,16.7433726028868,15.9093127336108,15.9142994183877,15.0557853874284,15.9418844637124,15.7946691255211,16.2749252331633,16.3592501462047,16.6143852353768,15.5671960445573,15.2123539344735,15.9612326948595,17.5770328517081,16.4521829118133,16.5655474936241,16.1681945201702,15.3384446269338,15.9673887215186,15.1534755519013,15.1482997864724,15.9456456683107,15.9280663274124,15.9847481456932,16.1342004769454,14.6604788221221,16.8108667761506,15.9032591696691,17.1187126302176,16.6254028639187,16.6224835825239,15.8334444214245,16.6613069992489,15.527468641102,16.580583645805,15.8182547984197,15.704065238794,17.2293991825199,16.1020990060096,16.2003523872989,16.1185495951834,16.1448619595999,14.5738916570054,15.6655180314636,15.8010415978393,15.7108589677225,16.4025596231359,15.8873082528515,14.7861193118782,15.5296498256081,15.8887033560366,17.8092125866825,14.4345489411878,16.3953803350123,15.0409115138266,16.3803019602796,16.910321485445,16.5115391230284,15.1910309768073,16.4526588912783,15.1850347195285,15.2556130517161,15.6913512841036,15.993589203403,15.9418369375678,15.9943580007133,15.3642857998795,16.0078761376278,16.2518317301531,15.4732213786238,16.1043522325162,16.4790218440777,16.4450982944358,16.0304464062759,16.024621390418,14.6313710622673,14.9871630797416,16.6208856947518,16.0533116408501,16.7694530493268,15.6688755769256,15.6758651512406,16.4163660026185,15.789640676246,16.3163649529811,17.1328553123376,16.0444468327815,15.9443982778474,15.0251183214442,14.8573516547788,15.5104630813957,15.4710109087993,16.5838368878789,17.0107211934912,16.5399628999975,16.0139876158972,16.9291029928927,15.5240479492,15.760467186452,16.309555158858,15.1141688619397,15.7450622963186,16.1622678566273,16.7906224570153,16.8619609504841,16.1707927425303,16.4189852623465,15.3126701544099,15.5146570857215,15.8507234474037,14.7093822293995,16.5141610687484,16.2120300185968,15.4999134636282,15.8889397722002,15.867142071639,16.6772116575263,16.3003726015588,16.5429149386485,16.3094074265849,16.2765847978652,17.4538134357657,16.2516286229206,16.0565638896794,16.1544100259753,16.4073297659111,15.0199091673683,15.5276339204601,15.7351326271391,15.6088387892569,15.6522298776232,15.2853043086709,15.8049392930339,16.0999748759471,16.5702683564236,15.9748384547433,14.9865319751549
1.47939118253841,1.82886188803189,2.6277514342889,2.04489677804673,3.07920391072297,1.98042851035103,2.73546373583088,2.02730306624029,1.45696169750133,1.74841242307123,2.32269457489477,1.95109657495462,2.41067096416256,1.73009437024534,3.69783518165102,3.12936716673925,1.77679446070639,2.69882266844294,2.35928130595812,2.26614949860841,2.12318083525367,2.0477332393034,2.78049250287392,3.01650772175995,1.97950676211511,2.76679655965581,2.09942622019424,2.55570386293618,2.25120927593322,1.69313060835501,2.18401982654351,-0.0103390985248235,0.991671070639627,2.03539801873736,2.28241933784852,2.42547864847152,2.39128713041033,2.78466937577932,2.4477793606037,2.56485468839811,2.77547186751361,2.28101096633208,1.50441252124648,1.59239900096065,1.60535735016931,1.8065786085055,3.18097069450856,2.87351293790445,2.62478581841825,3.06110688614573,2.67597364842279,1.67172740614813,1.29886353379317,2.72192485975165,1.57625471940671,2.34611663127385,3.76949609448801,1.47765848584378,2.0116095044503,2.09814702651913,2.17945877795518,2.9639271530048,1.70950146690185,1.89771939846326,2.44127982867938,2.11565276099991,3.33278987361295,1.62338295453021,2.33647844174003,1.03674878630732,3.58635503694161,3.76993337904011,0.99658767179612,2.07722991715192,2.39942266933798,2.09788303169697,2.27653846025254,3.17530168708533,1.52855411085108,2.39479327277763,2.2600545380862,2.90831695731287,3.22178791733036,2.08263455004398,2.01828695483109,1.93626603230816,3.64310939387951,1.54612130344918,2.48675041913477,1.70259763472332,1.67116388366746,3.15465907531647,2.48586658656521,0.587688315341345,1.98476305701807,2.70970984716687,2.17561005490907,1.48857364842668,3.32287066993522,3.17576633407321,1.95467554631079,2.44343472953947,1.85860907445703,2.30824077238158,1.30277359912792,3.09163183640681,2.62718970083681,2.11287694233576,2.28807943237091,2.15520531270324,2.9016183837991,3.34506751813719,2.77552178905892,2.83119909650923,2.75075035319958,2.47565019824771,2.60918479121964,2.15451096527583,0.127092127941128,1.07314634414974,1.20213797169185,1.67498816722288,2.04063143752797,1.2528667791236,2.02490162367648,1.63421564359028,2.78173662167875,2.10109212413768,2.76504335289757,2.95855926612176,2.75565952638899,2.30403278835421,2.49177595434554,2.42240719435884,2.08812889775767,1.43823006122775,1.36987114181038,1.31790310358333,2.79385260383514,1.10416755666938,1.90154471289586,2.30280196932361,1.45310287223851,1.77656720509315,0.419490786163886,1.09989434175968,1.95982851188179,2.60409705850653,2.3960784910613,1.5750682514311,1.88121877877597,1.0672938209962,2.13095357328402,2.75392813290225,1.80068514615396,0.0286994077686611,0.523460279927791,1.60025049498244,1.89846671671752,4.22090014516826,1.31046164417329,1.68336407082866,2.03945132977649,0.241213920424164,1.79284917126729,2.93771514263433,1.85623657790987,2.24634843953027,3.4286202631283,1.90393816152771
-0.235735154140074,0.494343425382355,-0.184729978687754,0.236053392652156,-0.0562476876557934,0.145043240173292,-1.54606245868406,-0.0954599802432755,0.211298981860696,-1.19718583547872,-0.131650622172054,-2.27074060859855,0.665108336852903,0.0725305750913525,-0.450570783213667,-1.59943111188767,-0.602945416751288,-1.14148365994037,-0.573204084716635,0.43449737832109,-0.241364196609446,1.0343123189048,-1.86175817863267,0.548627617249055,-0.420475163985715,-0.166667967239091,-0.70654181759193,-2.15251611207401,-1.3897471104548,-0.659648294410423,-0.590794613012854,-1.80791636229036,0.42197849604512,-0.743979591876306,0.230301334667965,-0.137198216104945,-0.699865381190623,0.117098617121204,-0.383234689757883,-1.29470894688434,-1.04622891428902,-0.682864598770877,-0.00179028832563533,-1.15525627389701,-0.970421592410709,-1.07914884957946,0.353530440261464,-0.019577567379385,0.00147974642174031,-1.01943052449906,-0.470298490108498,-1.4017546433741,-0.598099770105091,-0.605524934092735,-0.917367552879986,0.416379871711465,0.814382709033541,0.184479830524966,-1.22139158413269,-0.8574791954801,0.832651675411972,0.147082945999797,2.41861437686464,1.19271811773989,-0.191410480109812,0.0193720547457537,-3.24676383782781,-0.193189678595091,-1.48397766423904,-0.418971794860291,0.494205904576239,-0.386893672255186,0.00440793972494424,0.749752046166386,-0.799269106555502,-2.47637831730882,-0.0464933003400133,1.03209318080194,-0.54826371179467,1.22354043895505,-1.32597899821661,0.305694722477929,-1.32812139187111,-0.0746322721782905,0.546445407749612,0.242121649660629,-0.281615145834443,-1.45992929251349,-0.0160664513062983,-0.646752118762265,-2.40284948905444,-2.01088013747498,-0.767869980634263,0.141958783754068,-1.1754447041615,-1.25855648080895,-0.794218809673247,0.0756037361482959,-0.589262491585016,-1.29388921076819,-0.456042224449969,-1.0094527120533,-1.11861282097676,-0.168214243901747,-0.755135604386956,-1.29198942092031,0.751707386243431,-0.431286056785872,-1.52032619619871,-0.82609365114193,-0.636299520588062,-1.49776402009615,-0.651211345087975,-0.26908830093608,1.45708612098353,1.97992306284398,-1.03159545082885,0.22725639717249,-0.0091228523764445,0.716773148506572,-0.051751097865441,-1.58627114646693,-0.112855170180903,-1.01815967333238,0.552944490915515,0.781618629663397,0.513907364349779,1.09726511503439,0.247991742625825,-1.17359291611817,-1.47990820110207,-0.0887563681219694,-0.928019539062969,-0.0339321144134893,-0.764569834277874,-0.0948725123497917,-0.239697943190185,-0.44940487168812,-0.607746518775028,-0.886826822067076,-1.42378695278885,-0.503051272672992,-1.66386674658697,-0.930709452357874,0.202978283404539,-2.4562288248344,-0.702947039589135,-1.7603860026866,-1.46797342671429,0.673362645388675,-0.748819160529684,-0.646820086741438,-1.08274814992264,0.362815008114821,-0.0981118433219178,-2.03419531532036,-0.258160580989278,-1.46033363173191,0.0536209045936982,0.224399616621326,-0.887977933646834,-0.296539569444809,1.26087375269094,0.390039447112327,-1.30654232049179,-0.962399925278082,-2.16808107949442,1.36235881432296,-0.353162958247644,-2.02849459484749
13.9332670283608,15.0769303399455,14.1201283154989,15.3293783640903,13.3132371513469,14.9133724513433,14.2297602905009,13.5364746196134,15.0799597469456,13.5886448200576,15.703506926718,13.647631982534,13.6038549541727,13.8439408268038,13.595942077372,13.7142789927657,13.727956024423,13.8231134882345,13.8121022678157,15.4758873295687,14.4195531235463,16.2619473232043,13.2211294153891,13.2676721486268,15.2025649751412,14.8197597957458,13.9598696280159,13.2261707546177,13.1316716111386,14.6118744045294,14.2169279757423,14.7794946436654,14.1651076744569,14.9081318674826,13.8459817755384,15.7649581447697,13.8283444644665,14.0864594454676,14.2917859119168,13.7756187354737,13.2924447452443,14.0440954885658,15.2038591980605,14.0470415084595,14.0558890340987,12.701782222015,16.2146668789673,15.112229634985,14.2308166390319,15.6289564795642,14.5568631804367,14.5454262603817,14.762294732648,13.8556450853595,14.4977126492879,14.8036863152072,14.7808567355337,14.8674869249025,14.3554109495432,14.4458362858465,14.6742069602815,14.2287735408725,15.4894100942382,15.3705756700942,13.7360278059686,14.4963636556624,12.472754756186,14.0906291345995,13.8047347961049,13.8854471707081,14.891499817751,13.9182030148538,14.4579906504879,14.690351003633,14.3362870972579,13.7533754031423,14.5524193825151,15.6598282861403,13.922366755212,15.0901771327548,13.5049360801987,13.4865491330151,14.5218250172927,14.7205704506851,15.8682356829475,14.913007452765,13.7743286157076,13.8517545420828,14.0436532539421,13.5451464186282,13.4490399821208,13.5672897903748,15.0727128047124,13.6372397885345,14.4963588713957,13.9129781212045,13.9417268634748,14.4156520423301,15.2170066760345,13.5671046160948,13.2405920048371,14.6371404596253,13.8857761744389,14.9516101020793,14.7110489255762,15.5244935473179,13.9256326975605,13.6477558853511,13.8343505344883,13.2848096111388,14.5497399887305,14.1143588708709,15.6947899849932,14.911452086931,15.8560887348395,16.2073400972591,14.2621241238359,13.9567088029717,14.4963353441541,15.1477228381723,14.8376122393281,12.6066000993007,13.7519720175791,15.0270749115064,14.836603652706,15.4521128951071,15.1923725103391,15.7910503385477,13.7684748065785,14.7896603543574,12.3758849090189,13.7968907136854,14.3657404432369,14.2231534694499,14.0644796302971,14.8352858608158,14.9503260139052,13.758104488495,14.2832024468814,14.6686881068708,13.2129506078276,14.2500299849135,14.7059482443328,13.3207190406801,15.332068466884,12.966486826333,14.6959340978023,13.5277254789098,13.0834157314898,14.6941318700602,14.1796215083869,14.9191560507004,13.7183113650042,14.4978673564791,14.4651911651956,15.139593535204,15.5593173129982,13.9080559909912,14.2212597408989,13.6338031773696,14.5160725688059,14.5090020785416,17.3307934740588,14.5982028510742,14.2962285793204,14.9545783649521,13.292851914735,15.8046096706843,14.4424598664526,11.9742404145204
2.04940429142066,1.56069972894368,2.44003168899459,0.682236102811986,1.49079372129218,1.43188260738865,3.12209877457126,2.72433058099924,1.34693361485267,2.97345888360187,1.7170247829757,2.38985999596017,1.67382878277046,1.76442577289079,2.98095240308794,2.48350134686667,0.870082281040629,2.72232212599524,2.06851822261029,1.66069433496645,2.15764754786317,2.41548264256683,2.20454010785827,1.69174282692659,1.98704084611788,1.87133855324908,2.466596541135,2.82359374970435,1.9561638667496,2.86211818335141,1.85480662526398,0.96255141966034,1.5203492610183,1.83645196078102,2.20624150899716,1.71261116054659,2.50652330371203,1.83761930815079,1.8020793700038,2.57575721895402,2.45333951605766,1.9502355942916,1.21931645681551,2.16191922594438,1.41672286052345,2.56552972777397,1.83228450753055,2.28552189613408,2.12201307028368,2.19552225773318,2.98066764716902,1.44906591508617,1.89840291500604,2.0591105997395,1.6110545798716,2.2275011201625,2.30078664326429,1.72101700129858,1.56866772408733,1.74285927730164,1.58382329393861,3.37498219745338,1.65542645427945,1.49779398333308,2.9592185519898,1.90563195863044,2.48708443847788,1.95398100927151,2.20535165422342,1.51871719585934,3.09224273520304,3.40624176983286,1.68412659606469,1.38964615045511,2.08070012245678,2.12232112849807,2.54955082423351,3.04669440386175,1.15811624784608,2.38648156403568,2.59189954632929,1.93210088387962,2.473760824817,2.01698573050475,2.34584721036881,1.89503812831209,2.24846820563127,1.05385529165722,2.58464651681136,1.97524231233843,2.123108031275,3.27112442636683,1.93418764124825,1.10566559865743,1.76984059107938,2.60012599992752,2.30470820917387,1.86210877616756,3.07699918000093,2.04803135230099,2.12166024082599,2.44105890504882,2.27461684592969,2.38259090178679,1.10002979161472,2.83860808421068,2.36134722857818,1.43075314451775,2.53491249046898,1.84258401478468,2.25121979566442,2.55082714953972,1.90422603279936,2.23482225678515,1.93043271491276,2.54917739641666,2.56614443420844,1.96345864802967,0.717386697627125,1.89008536920847,1.83705980344819,1.75112045087344,1.30030733390393,2.4337931200805,2.30744886938424,2.08118106890047,2.43088588708783,0.751797203960027,2.0159217414394,2.65374595773448,3.06822521281901,1.92191535962446,1.79901171302773,2.22657717149212,1.67072027537966,0.65429131949594,1.88303269052357,1.52737600709807,2.63015197669187,2.34237038712534,2.19098507002214,2.70907282855746,2.62621672395298,1.70692767059327,1.29133798864447,1.09036015886547,1.30958828570295,2.53944995824985,2.00038353144417,1.34536886122043,2.6134662890253,2.07793165273812,1.75824300666314,2.66025938871778,2.40221461295154,1.24727299751575,1.72955554139251,1.10858685248367,1.02290472592137,2.79095337330482,2.49415439878757,2.12119452816537,1.58543818927763,2.10360097164856,2.0336444230421,3.62607228848261,2.51636620464421,0.829343269963993,3.06374914560253,1.66619677292483
-0.551299760605991,0.796011947675747,-0.016254298608677,1.78740895916855,0.860495131662694,0.712383257735863,-0.575885684028842,0.0462194392035059,0.66431249879356,-0.412788890465515,0.43407845511604,-0.291020881452423,-0.10246670053239,-0.00240091872215273,0.378853838722034,-0.586624273347318,0.126898665965714,-0.732111245187324,0.119006431883496,0.604990220252364,0.404901038571954,0.10151303986262,-0.741902270210089,-0.106347572426982,1.19296864836391,0.957131036731388,0.50985709280015,-0.754228481449037,-0.53163205101275,1.86017975336135,0.376891056687342,1.18458962065159,0.10988945552574,-1.16255589789056,-0.380258599628328,1.07401140024417,0.0547758006159502,0.684954370095259,0.768480833944919,0.257964459272475,-0.27789176175146,0.267509955110976,0.526407285406498,0.210434658537643,-0.224077318967776,-0.658602492194052,0.807072403150079,-0.304436530861941,0.476188644467119,1.12596592674979,-0.97678548861197,-0.255854751328607,0.724793103845575,0.397757523720008,-0.133146646827794,0.0347528056096287,0.103476622153264,-0.0280396043108019,0.384248385674413,-0.502403953571572,-0.524387982988788,1.29006935990268,1.33020771009299,1.08863699756838,0.995048027694489,0.969049264797743,-0.626451355586333,0.0897138226316745,-0.0591888514665694,0.862466621100154,0.245486721513728,0.269038759143443,-0.146182968286398,0.487853603627564,-0.0288966881017877,0.139434373555092,0.0447312675744896,0.694473254137848,0.370112248342344,-0.100373714135825,-0.233566219651657,-0.0753939030337052,0.039117662672235,0.44463900245554,0.867620207126901,-0.0147069374634072,-0.392353704965667,0.462102797642604,0.765708438695702,-0.619816727177373,0.110896648240748,-1.27365726562389,-0.0501223452665403,0.740295978037371,0.255923565619067,-0.468947065470179,-0.445112388761526,0.539295351306556,1.43039939339547,0.920432205863281,-0.234393418021475,-0.737443772418676,-0.269588749996574,0.360866772915429,0.928371725650728,-0.820275405826254,-0.478323489909475,0.515710241977501,0.0248148813437536,0.185902965713029,1.06996731257739,-1.23409720037206,1.7054496703794,0.81313100344519,1.25324381943454,1.33268825339425,0.067316596139703,0.198559878238595,0.763065968085972,-0.00685326609838421,-0.268483048497423,0.752368328786107,1.05567222680438,-0.239415497763991,0.156214768548138,0.150906756086475,1.19438082054103,1.6193757120827,-0.67451968699426,-0.418257964413613,0.124711406724365,0.739033557451871,-0.158646864151524,-0.241037744673482,-0.0332886395580137,0.284592605729769,0.388145784217201,0.20736621780187,-0.254551686237023,-0.577443230870832,-0.678082986749918,0.389666243553896,0.265282219348557,-0.985897110250374,0.295050461907756,0.362622139487041,-0.281137540355724,-0.256328728770271,-0.51947687185685,0.916345819168452,-0.125781428166944,1.13135449287733,-1.25768449391114,0.135880831245153,0.395132431016783,0.0508709586406087,0.52038911255113,0.611356374425616,0.687764661871472,0.432266947254795,0.0412862332465817,-0.295321456303359,0.286135446775319,-0.00651835141886017,0.462114275164457,-0.0467842869366086,-0.301737472705712,1.18229052923285,0.306850315633417,0.345141750600175
9.48977149896647,11.554468326549,10.9770926813395,11.4162492764767,11.3467030884044,9.06183137109232,9.34194352548378,9.23803250506425,11.175132401864,9.42613203317248,11.1356461913732,10.7767237043748,9.38719984401359,10.2102294905701,11.2921818738999,9.89474272541339,10.5659920862933,9.8094578057744,10.2330662393335,11.0050346026803,10.3536296676942,12.5877852542289,10.087436564274,10.5235694048476,11.0547184044527,10.4638791557923,10.4973202929554,9.72290501440847,9.75400215922421,9.10908681347421,10.8055750533286,9.7839856767785,10.0187311796927,10.0686556291289,10.6360403240465,10.7249081266521,10.505359271609,9.89208483653869,10.6569886254802,10.1376046859496,10.2260193711101,10.5423359198889,11.422629667658,10.400387165979,9.15231816483872,10.6381514602153,11.7671892445215,11.5136850336047,10.1991504974909,11.4920833052492,11.0424143410211,10.8319843148618,9.8976231595033,9.79767430889246,9.95532193390182,10.5495969448121,10.3874856479387,10.6509999494513,9.91139758676746,10.0457307467415,10.9543068292858,10.7908567769273,11.0260367260831,11.000229034861,11.132416160265,10.9527844388476,10.3718073174247,10.4958610299281,10.2379819504853,10.2903097453382,10.3810305342555,11.1253529991896,10.605513985237,10.4648632169279,10.3194436199587,10.3428150081848,10.1288975036258,11.7626845283359,10.146178581165,11.454840217573,9.68139941281816,10.8669235680728,10.0597293140109,10.7005995051885,10.6439327404616,10.4091152190329,10.1642426182028,10.6832131712819,11.1070913035426,10.5465918107275,9.10216873727444,9.98610731571231,10.1216399575727,10.6153251778552,10.2037813641283,10.2671335554033,10.4778684077465,10.4464416381367,10.528416896316,11.0276437165816,10.0571413080393,11.521309176509,10.1251564729281,11.2446327447306,10.9902994563832,11.1526785826895,10.7004434338106,11.5465184766103,10.0761517742235,9.58291629518536,9.82900452552795,10.6021159462236,11.6025839002264,10.1265732944609,11.8277323119862,11.5877391761465,10.604311168492,10.4275588762248,11.0859241042198,9.7855006788212,10.4007481721396,10.1969686543048,9.83778084077565,10.8766979863575,10.7052272396009,11.9825778149027,11.214557015441,10.4852450402186,11.1179694736791,11.2707314787692,9.06094287222213,10.671315514696,10.8872536414843,10.8123569792839,10.7828616704158,10.3810251425315,10.8709847120422,9.93005228839175,10.5611118168409,10.2460567402844,9.58583396498195,10.467199346897,10.2291659214292,11.0928685348416,10.4309404358296,10.1486872456076,8.55336736364899,10.3741098913976,9.7668238967791,10.7679689147456,10.4976960663593,10.8432286744345,8.86533534926224,10.6904619524874,10.4795103944397,10.9775438004561,11.1128415420158,10.7557306101579,10.2419034359807,10.8322918133393,10.6739267268917,10.4457645589216,11.3945057671095,11.5653793814168,9.46396929854233,10.5693312093679,10.3201155754741,11.682939775368,10.7430658815901,9.92881640063021
-1.45010182799001,-0.691654522935044,-1.20218484889174,-2.64732415182124,-2.11808553419038,-2.25411456419023,0.138376886561668,-0.218539801381684,-2.41942493065194,-0.92190126237028,-1.44640441483582,-0.592913345499073,-0.505200038691377,-2.51698184386945,-0.90857800956855,-1.45708943947239,-1.27207264756491,-0.145216353467568,-1.46014394108277,-1.31685435480069,-0.947292300668337,-2.07061613869705,-1.61791968171528,-2.23480658067185,-1.63669271087445,-1.59743041539975,-0.415954405338506,-0.982996761765333,-0.441206779829878,-0.931865253399889,-1.69087464091377,-2.51393289082162,-2.12630981157893,-1.60339002482372,-0.312477090378896,-2.11565720065872,-1.14452836911091,-0.877926315473423,-1.81545581530895,-1.32148448875344,-0.984055562846467,-1.40715817106341,-1.50308804505259,-2.1066812694711,-0.525059157265913,-1.70412232552067,-0.117285487099598,-0.938633182329675,-1.28834307762864,-1.13324099436851,0.019752749968641,-2.12213577584301,-1.53586934621402,-0.986231441052477,-1.76349034823197,-1.28506466953888,-0.910064234187772,-2.48979732081803,-0.70555929376581,-2.40285694988278,-0.567652736462495,-0.910238891511989,-2.26147939110226,-2.21141036474222,-1.65481334984372,-1.32874739860929,-1.8025125009301,-1.09323669267159,-1.61134105703886,-2.8894000009212,-0.808627649348759,-0.416118508188111,-1.68347819186489,-2.25681464116965,-1.34951751976219,-1.12184662961351,-0.595134361973145,0.0159486983509154,-2.07939727077629,-1.59843847180851,-0.502334911011544,-1.33737791893752,-0.921592966680264,-0.775412345905637,-1.80564871108176,-0.816855125869719,-0.867967705649375,-2.13913814815818,-0.908849518799008,-0.897738287337273,-2.05528867686444,-1.21998790990993,-1.62741380869785,-2.26505592894631,-0.9722971889149,-0.270947766351614,-1.05675972616205,-1.11131482457158,-0.891171547548399,-0.912603936231559,-1.5517249620068,-0.920260434744653,-0.924339215719283,-0.474680269206073,-1.71905464751819,-1.17192830328672,-1.803793720963,-1.26831638642983,-0.215475755307529,-1.4305218347685,-2.29554002941215,-1.6337735737414,-1.53108809156464,-0.117738998296028,-0.436573417810026,-0.545830308043763,-0.554375997143909,-1.25208186023312,-2.74370219677561,-0.675662753712738,-1.36201347590039,-1.23095231912887,-0.0325967931760558,-1.16465939498588,-1.66304478518254,-1.40812964350507,-1.50543606241364,-1.3127575329825,-1.09516656319004,-1.33610456269383,-0.104568160357186,-1.7601091000582,-1.02412048674809,-0.64221823836675,-0.688814126308084,-2.95693984705004,-2.6757488771043,-2.76281414400912,-0.947996721984201,-2.24514680798047,-2.07044354398466,-0.1821579954657,-1.26938551191506,-2.23182279423862,-1.33656651229283,-1.25300739477648,-0.978469834565519,-0.967829971202641,-1.34868950423719,-2.30555759291663,-1.10471579523331,-1.88310438897317,-2.06472081945184,-0.94495394724941,-1.91500039993524,-2.54942549019657,-2.59944002411488,-3.56403159574428,-2.09815103495954,-0.878919691067965,-1.02838363020313,-1.05168095334002,-2.37523178191583,-1.78687290451058,-1.98807315315428,-0.485723460294339,-0.814841072897089,-1.69753765085685,-1.13344107925515,-1.47655837819394
-2.07923552724257,-1.49239840878841,-1.54858718584445,0.735752592392585,-1.25561026576516,-1.04887372875591,-2.06746973325803,-1.7864268376219,0.119790643087049,-1.0146657392108,-1.71557688773015,-1.3259013903021,-2.03075793948648,-2.00687373314222,-1.75172194465393,-2.71797939361384,-1.26098583381397,-2.36372906672143,-1.61767928635651,-0.518870055710367,-0.307039305736542,-0.282906832316999,-2.27784751544762,-1.36959726527793,-2.44065057363515,-0.502669628011629,-0.673201408319616,-1.79604312720781,-0.220664485683934,-1.30071994663295,-0.349992992082406,-0.947596400524658,-1.28557825762127,-1.62516890827931,-0.0922383551329213,-2.16958515766834,-1.42800939491075,-1.07180057620239,-0.651784205097862,-1.50685432128235,-0.452039623322121,-1.59713379144902,-0.708662075680144,-0.93187648745789,-1.25290209951254,-2.14189726996765,-0.371540315644894,-1.22676092334425,-1.91274803309482,-0.609539097603255,-2.09704425589828,-1.40459195971706,-1.39928745423635,-2.08231344218152,-1.39742437418091,-1.16707833345184,-1.0250632009597,-2.08274859369853,-1.22018743390551,-1.2962359643763,-0.71417904027245,-1.54315384858301,-1.67099755984721,-0.879416732327182,-0.636102020929359,-0.632559009595075,-2.3250328495597,-1.48981187455441,-1.8196226945812,-2.98383079336801,-1.50968233078446,-1.8368028550219,-1.29242996441402,-0.93039923093813,-1.91863471952209,-1.98067797750901,-1.42686127569906,-0.421537680624097,-0.691676903836172,-1.06506214599547,-1.98906911096095,-0.136419497939615,-1.37349665058326,-1.31839230423953,-0.471978252818388,-0.158009605430536,-1.88210249321836,-0.643492153036536,-0.0857846094339008,-1.94288201205046,-2.56151469767608,-2.72407064148535,-0.795653023975807,0.621683621086975,0.187567250810047,-0.664668940912467,-1.32178727927534,-1.28450175313149,-1.15182845535446,-1.51963096077447,-1.5333297521237,-1.78337008517842,-1.43945735632854,-1.20534548427876,-1.00771291927382,-1.73739563458135,-1.54149408098315,-1.11721467852084,-2.65564404076506,-1.8910754523417,-1.50696299806495,-2.75272143154625,-0.704607949208872,-1.0465160290553,-1.36283001116747,-0.123069726798236,-1.20024913648595,-0.622136096627255,-1.16474982518077,-0.711262790866737,-1.68587038827706,-1.13439471736814,-0.713872120782943,-1.90940563236657,-0.67358603267336,-0.964157625273695,-1.30414280658985,1.00739891651845,-1.1906747389012,-2.28853017360685,-1.05561493267065,-0.176223111543161,-1.94220941643476,-1.44155400478473,-1.60857988902534,-0.258581648441542,-1.45476370163609,-0.261249665380588,-1.07244178580865,-1.22513827426815,-1.89702421699162,-1.57087147827436,-0.325158548263748,-1.45782302989202,-1.05703931882494,-1.1346660467073,-1.7638294063828,-1.74439536039866,-1.15228783084489,-0.525818460527778,-1.48130791124169,-0.581870374651876,-1.61205564714433,-0.942047223573749,-0.986586293166579,-2.71227077704502,-1.76191518172989,-1.56257457646658,-0.722473726839654,-1.80443032928001,-2.03690414141305,-0.778623496457717,-1.0531165622549,-0.674024091217415,-1.97403286097781,-1.33682725952015,-1.56933833244927,-0.891207367709466,-0.951585209235724,-1.9891667702182
10.5859490913433,9.94176798624615,10.0159574266208,12.1783899683337,12.8412822600321,10.5942073082242,7.58766012641617,8.07630116833272,10.3909174063033,9.63621937725604,9.79297973537354,8.78034470774909,8.73631489649355,10.1504816583019,9.9893546526684,10.1570486965401,9.32837447324524,11.0342594638677,9.99113061836996,10.0134016848132,9.48475779417775,10.447058427852,9.32784924043125,9.87339668169767,10.8648712579741,11.2683486709565,9.37721115838274,9.04334200629743,9.53117907615387,9.45597226301352,10.5522631288191,10.6752841021595,9.91396457108793,9.6265933936693,9.26655449392395,10.2557175453464,9.60199284737943,10.5791345035725,9.99765422957309,9.68848589938076,8.69895768595503,9.72578010805544,11.4397160788144,10.1534894208931,8.90665381056616,10.5159220373893,10.4117848325114,10.1606077818581,10.0667305175578,10.7796725771579,9.98321586728811,9.78514385082582,10.006129501367,9.91392218905389,10.3627978031436,9.31280845782117,9.93555565336229,10.4729535749785,10.4484225311512,9.41211288240127,11.0349832755535,10.6103537062264,10.9197683325072,11.6572315368025,9.87992248470272,11.0349804447712,10.4016426556021,10.4539106259621,9.22589025620383,8.70192335425616,10.3711490576997,9.69370860901272,9.33954174554616,9.54036354692044,9.86104338409452,8.56750018782432,9.67408783488346,11.1501643802881,9.39746978470497,11.0848172114473,8.35716506002126,9.17040543516226,8.77649258348134,10.2601613325969,11.2315390711724,10.2863479111739,10.1530460159285,9.75964563551695,10.4638092959939,8.96128481186714,10.0240078428922,9.21223928854891,8.60090012789282,9.70977378089315,9.03724896569481,8.427060606866,9.8101850120666,9.80912790431844,11.3876568150775,10.2868888795534,8.85048381969186,10.0983022385946,9.73142419666485,8.93244920101217,10.3650896179236,10.3348780112375,9.50997241228866,9.66437432793774,9.93243735167851,9.17081545283359,10.4422395003841,10.1419304155659,10.9569090258049,11.4397681667626,10.0266757958282,11.4713631391857,10.2057944730465,8.97664544122775,10.1275976586464,9.91728929532377,9.96202844380453,8.08230953635066,8.45390825372434,9.75719383822909,10.217130502715,9.90264134723982,10.7429758682342,11.091696070644,10.4261790966291,10.3222979568104,6.49542788358939,10.8518308965825,9.34924341619236,10.1663645390029,9.76944217874061,9.45231549603417,11.2031872320995,9.8786421873314,9.87092203165342,9.45465353926982,9.03420430719537,9.80348099905022,8.56544636032472,8.75060670628071,9.49933601375066,8.35310101941445,8.97870713492932,9.5402183276839,7.68541119709443,9.82248320186445,10.5031217085494,10.4676876988356,9.15098372332463,10.1601162246962,10.1205068195288,9.11683782441685,10.0160358050427,11.5192089139859,9.71653871192875,8.7290520499439,9.7989198727116,8.42858034666073,11.2660033928197,10.1653790733743,10.0622801720605,10.7244711570582,9.35644728753839,11.4969221241777,9.59267368390337,9.75755133176126
-3.33385844319587,-3.15215975970973,-3.55134412224933,-4.18510274926001,-3.5835141677693,-3.96270543610433,-2.01013847759536,-2.46829086339168,-3.42598616205636,-2.69979500652443,-3.11392599829618,-2.30930403184751,-3.0457771363004,-4.43236890190473,-3.22359020208287,-2.21601868422633,-1.98835736193052,-3.27042132431599,-3.2247772910623,-3.07665994774998,-3.46886838340652,-3.16139524308361,-2.98309584365252,-3.41100992107237,-3.80873950770403,-2.95096441000231,-3.52676989466223,-2.53735476794679,-2.25490116218057,-2.93175240892319,-3.79316303450003,-3.94818279106837,-3.97303200417324,-3.72015768676478,-2.10238116640804,-3.31611188605979,-3.93415298124925,-3.27699791974649,-2.98612608818303,-2.59385068097324,-3.02052323259332,-2.44858683181921,-4.46710642627387,-2.74264248214741,-3.27549815147555,-3.2125927537708,-2.9901609692148,-3.26255312180339,-2.79372406996018,-3.00844760648823,-2.31804298889665,-3.01795054811095,-3.62693178764262,-2.56668079102226,-3.42687842612626,-3.58316085986736,-3.47444808039502,-3.9357357942433,-3.63334546025704,-4.03692698162375,-4.98100667607503,-3.00823194338394,-4.27936313209443,-4.2580283767477,-3.04947949641464,-2.77491523585237,-2.84281605774545,-4.1105451991264,-3.57455624812558,-3.2091525826771,-2.93835271923326,-1.7781087913325,-5.00984718248395,-3.48038033812976,-3.17866019415842,-3.21937954150538,-2.83915898274279,-2.11018497355827,-3.49373031674721,-3.57257117948651,-3.1590626131787,-3.31884188743757,-3.02597375160931,-3.44912443362331,-3.16671991047326,-3.19142288050596,-2.95025843456621,-5.06979545101563,-3.28896035146219,-2.85483805778108,-4.1677743433548,-1.75903410046537,-0.26899487655822,-3.91127722512151,-4.0379270978621,-2.60265925595638,-2.89163298193291,-4.10075137514529,-2.26069654699487,-2.88888541534116,-3.13036933517424,-2.12486670028621,-3.28523903322017,-2.94395348652846,-3.44252520482226,-2.80514698009441,-2.8399572375248,-3.24082019669663,-2.5139116236736,-4.02693475652449,-3.01428377028298,-1.72378185307922,-2.84976732724157,-3.04644813198217,-0.933564714400258,-2.99830035644265,-2.68217682895811,-3.1818939175422,-5.11335676895957,-3.29334688238959,-3.88354046595869,-2.93561188477751,-3.85748647665066,-3.79270358984054,-3.06775928492467,-6.15138915936525,-2.7751406479812,-5.6716966499985,-3.0213693276116,-2.38646386348685,-1.26480527722436,-3.62406081168842,-2.96377156466197,-3.32640241757094,-3.11914923184466,-3.63308394667156,-4.27455194195986,-3.25609818362272,-3.31050195817205,-4.38980718629456,-3.36032594091723,-3.1639069748322,-3.4279810713037,-4.19962482728895,-3.14928333675726,-3.98077274649661,-3.75655682665481,-2.76987164050491,-2.91315339217401,-4.00515291766439,-3.29788440117906,-4.03959159127192,-3.08264455201809,-1.46995771344173,-2.2115359361129,-3.13072824472113,-4.23939518223973,-4.96249677608651,-3.66451410039589,-1.51953064238366,-2.27273332042971,-3.49426765680553,-2.36799474766194,-4.12735676156996,-3.48975599861406,-2.1016990841617,-2.75479255255611,-3.57841092069439,-1.37478383361609,-2.42045410351731
0.128810357496412,0.0114000182740592,0.427682912818849,2.17744781500782,0.872063140691627,0.601533687590351,-1.15321063643469,-1.31918695690402,1.6844989893988,-0.856757304726414,0.0269840055955375,-0.779827754144694,-0.679565767272925,0.394799619300663,-0.914873040964305,-0.990051496629135,0.682853314350341,-0.720723708654469,-0.337606309852476,-0.476301479239798,0.515099786827258,0.663462773871448,-0.801338719796863,0.0564481041750419,0.440758200306338,2.38088732386905,0.385576988879964,-1.38984586700174,-0.627078427356065,-0.413199903298366,-0.216988899629575,0.68322888625498,0.0741636869095967,-1.14774847207743,0.747259228454709,-0.948264167048083,-1.02566049468669,0.288316393964138,-0.577403333318348,0.456466702817836,-0.185228065931965,0.126201108985879,0.735552467141955,0.445637272897691,-0.854419770511235,-1.20162902642388,0.671911206965862,-0.675776422219208,-0.33644772268714,-0.240803672236045,-1.34202195071631,-0.720524847458073,-0.54296836987325,-0.160538202120975,-0.913109364157806,-0.0902063992105518,0.252318106721535,-0.140479629834434,0.194134028863138,0.937077475356494,1.18394882146443,-1.2955655874688,1.47713683694098,0.587214718134324,0.214610317196772,0.593131164230672,-1.41018286427579,-0.386837602126726,-0.449494147707074,0.130959085931363,-0.366669736040509,-1.23167558118326,1.49609806037074,0.582725404705896,0.200735292925823,-0.830896398296419,0.35851851898407,0.194374590938635,-0.130879687346746,0.20905623323889,-2.16463338147919,0.614094184135475,-0.210906348393317,0.644854720806412,1.32394037235403,0.691449606764091,-1.27260855141325,-0.257064412791026,0.589771120265972,-0.729637368732891,-0.609986006492658,-2.1045172512743,-1.58648520488106,1.62885249357516,-0.618583755906692,-1.40455004963632,0.727394285862834,0.120402646589673,0.940960917296676,0.170075657627361,-0.453173803158286,-0.0888544633831089,-1.01780649723492,0.280183127573744,1.16849107242375,-0.203921002839178,-0.00353702575409984,0.446917573372746,-1.11766280293821,0.81493872197254,1.36438170040918,-1.18476366153855,1.67901331247172,-0.708472349033533,-0.535189096881844,0.673654566566596,-0.374050892744591,-0.542081994227815,1.28451424612022,1.32968419342023,-0.551493135485522,-0.651325768663866,0.656797052100368,-0.463168219363684,0.422897761976152,0.440328175864287,0.791204521622456,1.97188127746602,-0.0974302326004586,-0.199681826639678,-0.664575037870813,1.24383001577647,-0.765460526598188,-0.474944825840839,-0.183091450323845,1.34350509532855,0.709549676444026,0.0139723812533194,-1.30930006420067,0.339940956401578,-0.6469081769562,0.166887470262921,-0.126817691956861,-1.63283162517983,-0.12811273867079,1.15285033021745,-0.309404095395076,-0.566360888764273,-0.623225056989278,0.822270262936432,0.315064656219808,0.167406178866498,0.401796951414871,0.469430298657238,1.80799610282367,1.0447452421749,0.492404491779129,0.89773735523154,0.256661407954281,-1.49298499219724,-0.480874950936811,0.176508586665001,0.3021030164798,-0.135262541578604,-0.0304417107715634,0.588437622683806,-0.844374372788695,1.47353732293009,-0.189374080889321,-0.921417137539977
13.677347895322,12.6378998441323,13.9485562255903,14.2059112070553,13.798680128417,13.7841369647932,10.814218057696,11.2973925966428,14.0262076974335,12.4006615178669,13.4471232923569,11.6558175886327,10.3804760669848,12.242730133189,12.9981860969434,13.3410679473816,11.2890818076174,13.546731100093,13.3826880340616,13.3278082729621,13.0442397517463,14.5735322976314,12.7137665146082,13.060661733293,15.9606304387795,13.8482714680252,12.8690771403391,11.2447452473446,12.6008021360775,12.7722164415977,13.8980317004237,12.9547224761112,12.3743667350289,12.1762465212224,13.4635577667115,11.8946229964028,13.2204206758913,13.5832651521597,12.6000811209803,12.7550695372956,11.5695915207929,12.9635201467255,13.5787620565109,12.6233666049475,11.4172037165747,12.5214037562428,14.8819412401775,12.8344622200897,13.1797733729893,14.5096235795372,12.4313208691092,12.2536552458686,11.7096572945601,13.2536393432937,13.2195956419772,11.4682602841722,12.479305327638,13.3550346062268,13.8248222094612,12.3384746467175,13.9422657117939,12.4926142038417,14.410159644367,14.9220077275724,13.3503841646841,14.8304384348496,11.5895638958372,13.060120090406,10.9183823740226,12.466304320476,12.2202183705317,13.7350862664634,13.5747589232469,12.9167614946084,13.249040216805,11.6272954909402,12.9992893775724,13.3731615959479,13.4687475914367,13.3873632215779,11.9196847486049,13.4306752231597,12.7872480282557,13.4076106477878,14.5521979416148,12.4610091646715,12.5031755605237,13.4311170603245,13.8719432685784,13.0811396211162,13.3040281946763,11.9623080584498,13.506271090673,12.8880904773353,12.5488952373246,12.0125618080556,12.4871856307749,13.1497894432896,14.1777599462658,14.1457617244577,10.79339307448,12.871645740955,12.9951134905875,12.5072107889147,12.8929485559326,13.1194418885375,13.6367713660131,13.0468801842629,13.1977300744452,12.7610636589721,13.4097581204839,12.7461964348928,13.8177042562712,11.8918226578294,12.0314875154615,13.5385248047625,13.02290516447,12.0225664244079,13.8011836803606,12.5912647418568,12.1799695837732,10.8293461630781,12.5918883741637,11.9064366338819,13.5629985163116,12.5346708796014,13.8589655994902,13.5094777404855,13.6733457364243,13.1077557720414,12.4066134382103,14.0698977664033,12.8011497638693,13.0596457401443,12.7555344600887,12.7206648501447,13.0253709498082,12.6170742783854,12.0818347230894,12.265134234861,11.5717976273614,13.3948485813752,12.4188914993099,12.349196794939,12.5541290102086,11.5599607302491,12.3633361717423,12.414471376678,12.2486505354652,13.065975206218,13.0305301272914,12.8622910559806,13.2132709081926,14.0384030255923,13.9198398552909,13.0101883670751,13.2075880282896,14.631547889009,12.8490931025647,12.0535980620069,11.7249120783368,12.9495061210417,13.6586310579935,13.2536315485236,13.2215310170267,13.4266332821504,12.5538135390236,14.0450979805459,11.4020166847143,12.0704812861338
-1.04626522186974,-1.31191397878554,-1.72988740435991,-2.42950898307716,-1.50785281931081,-1.44866297503819,-2.0995596166277,-2.16081531372904,-2.48245980564337,-2.28197399740159,-1.69089458026358,-1.60581041660059,-2.67986679998679,-1.49165036541416,-0.306949643965966,-1.88778697146399,-1.95199859804068,-1.6965546591691,-2.55547208874279,-2.75030724902043,-2.35126178342218,-2.79277267444198,-1.43070867878847,-1.99279698353063,-1.41214146642439,-0.980316460919318,-1.78067481494336,-1.90186151312554,-1.32551184474342,-1.32741109731302,-1.15924747494001,-1.86332104311407,-2.10142267545631,-1.63844897315037,-2.42692026172517,-2.73047919372872,-1.35936897649606,-1.31620867197929,-2.45122860365956,-1.71413241740954,-1.72818672786616,-1.55446092923018,-2.45999961581498,-2.18865439822075,-0.750207669097942,-1.3681654900858,-0.661470513521316,-3.08508154379331,-2.13385909974728,-0.611674030968205,-2.22786985064047,-1.86313530692067,-4.14586055460886,-0.684130762878541,-2.67599653526255,-1.96048992578861,-1.47743995856941,-2.57836432124824,-0.96112524344628,-2.31639119119274,-1.83564118204731,-1.17698163453363,-1.3966621875976,-2.12332789356798,-2.90068727616047,-1.81259229123868,-0.578135848851603,-3.08864652672672,-1.60039071373156,-2.08981494881088,-1.64944235626486,-1.21743338382505,-1.64042688437497,-2.16577165020569,-1.95874478389655,-2.34701814695304,-1.49963139936917,-1.54672709152314,-2.03955109490111,-1.60147153861229,-2.64894239917708,-1.33783167247107,-0.854918295187987,-1.6815982025711,-0.868093540266138,-2.49768391060608,-1.20434003022192,-2.87561758183379,-1.76601067445974,-2.86206944050514,-1.36526049273707,-1.71957575580094,-0.57640967794322,-2.32994306754316,-1.96270345392138,-1.96130960796322,-1.39966003562561,-1.65781497105302,-0.278764383974175,-0.660595922350715,-2.97510050132143,-1.6860665956661,-1.13831041415,-1.41937764367188,-1.937764029501,-1.21608437130086,-1.89040953519918,-1.74323454980081,-0.554034842801472,-1.65649004904839,-1.05581043332194,-1.87262394443869,-1.17471127486448,-2.8305847904301,-1.25968683550227,-1.2150531503136,-0.923880057195506,-0.943628446251096,-1.84894584716341,-2.34839300243792,-2.08233006553763,-1.02935254201996,-1.71167743267544,-2.97521282946207,-1.49994824597574,-1.85585119446295,-1.33913275801522,-2.8582816325974,-1.43146710480216,-1.82933590432545,-1.14394657325548,-1.54346633613071,-1.39928244685722,-1.25863988626803,-2.22551170604622,-1.23782863328477,-1.64132429160681,-1.90795892463311,-1.54309461714384,-1.96941341909014,-1.30891886272267,-0.673510448456599,-1.43184526460989,-1.94828913079483,-2.3432222036567,-2.34425878803368,-1.64412467397772,-0.780569643395549,-1.84434722532252,-1.61748649193554,-1.92259603504367,-1.31516042062239,-1.42431224757722,-1.28767062007747,-1.13789723126325,-1.21632449378747,-1.54808283356109,-2.38551816097218,-1.73256162531114,-1.56602712242789,-3.24564971464935,-2.29913456990609,-0.509554643781415,-2.13812706895791,-1.74647738432964,-0.255571607031857,-1.92578930150317,-2.20873191614312,-0.910356826264715,-2.89593256741783
3.45768118029468,3.56796321107398,3.27242067446041,5.79493436308788,4.23511591210592,3.83800504293818,1.57541252823829,2.65613646785782,4.01219591313902,2.54116454192242,3.74860574469204,2.93217919138831,3.03077058581668,4.0112957525882,3.4530709918246,1.54227937207696,3.99466273612558,3.48366982262386,2.96483130607803,3.60720151850838,2.85387726214403,5.5226129606726,2.2181795145068,3.41595537715365,4.87261611674533,4.23966909588774,3.76059022887725,1.51076567178541,3.69088729210195,3.1391557361444,2.83074537298164,5.07909475176722,4.17787768440907,3.6465813129882,3.48243405936552,3.30281984738897,3.43334497561823,3.88548089094462,3.48044468988668,3.81160060179263,3.68456190614562,3.21070310115959,4.52966242285803,3.43120675636063,2.27570501022619,2.79577268438648,3.96067881656712,2.74837184821976,2.24908403535311,4.71609988565879,3.4910059002839,3.24526589991102,3.67641254004409,3.28256443973962,2.81632265306796,2.61885143764509,4.03029636315679,4.03566694144978,3.70373916779846,2.9627743540841,3.4038103214309,3.23699531404631,5.35358479908527,4.39630181952316,4.03040505602118,4.81818163370674,2.45536084184895,3.77151509957072,3.18319144869406,3.78904239757413,3.2670906711717,2.43935498438622,4.26096221079433,3.4600782952378,2.47572820311924,2.06503832212197,3.06747154649761,4.08772926904571,3.38059767701155,4.00166440290288,1.14499955782334,3.73024008451784,1.82442629657704,3.64180020639098,4.53460504209295,4.43066334038019,2.64066197922021,3.37539446212845,3.76932813616732,2.88747394093581,2.15991693502508,1.37729654537381,3.37822676495801,5.70262021986306,3.63219197494429,2.19301268124117,3.97457011717121,3.80242912944784,3.45172999432085,3.28739989327092,2.50121881879237,3.54885640467859,2.4207030582336,2.96216679027895,3.53284686468454,2.43952679855422,4.63536889979281,4.05457100284257,2.57841305860005,2.84087011450249,3.99069441403002,3.15338243539177,5.26424154497644,4.00828689225851,4.43216668757248,4.53713246238614,3.02143930585471,3.26063801813772,4.26819067222338,4.82437763084309,2.69027762594719,1.55210129023977,3.3589028923398,2.81517265698303,4.31612140938287,3.24983636361779,3.88726313287965,5.94857962669031,4.03011338422172,3.42980776026468,2.36429591350963,4.80141621618952,3.34521011959071,2.9632857407986,2.75131476294223,4.60947614276703,4.30600813882394,3.44559320667244,3.45683183543044,3.51945523986179,3.49271252365726,3.45473444160707,3.53727769376128,2.8329829925316,3.78290604454578,4.65783504233892,2.55117915761709,3.13934465917284,2.31161893840955,4.20167525625546,2.74444919247933,3.66651865942711,2.82435783208954,2.8431952068102,4.61405910216476,4.11423792893078,4.00271390469247,4.12287456821548,3.57924210073203,1.96871048399441,3.01662400538868,3.24021460717944,5.15893880864691,3.58131043455926,2.82005863441387,3.37855928218362,2.76483131884693,5.06334861130197,3.25434558157074,3.21770927144394
13.8977720125169,13.5241139623157,13.6450772627182,14.9857605499712,14.7081338671629,14.1139457918983,13.1832949535996,14.0419394850114,14.7872130882281,13.6004426996992,14.5344546861067,12.8922987140508,12.3491892276483,12.799667313697,13.7940845846183,14.7367091911898,13.4477738241175,13.5243779786866,13.7948960581216,13.3084540596508,13.5037441855757,14.9585034643598,14.6599240324386,13.4800685021472,14.1251380895022,14.1533885007426,13.6587113243744,13.4581648944831,14.3694185265794,13.6931407428509,13.8392694543209,14.7380837166741,13.1728361030804,13.6128921946888,14.6672499517401,13.9027187257202,13.7689704404265,14.892415470169,13.2512445,13.6020075007197,13.7634773411532,13.833555936975,15.420317658275,14.4217043105881,13.3954975341092,13.4940460101423,15.0254689449904,14.7744029303057,15.0998599793949,15.3520038286135,13.4445011241515,14.4800536174144,14.3655195303063,13.5747116998095,13.963612332352,13.5941584310726,14.2747272206809,15.2014728669178,13.507696875942,13.651384441325,14.4131073491456,13.5492596527256,14.7846301948063,14.407332768593,15.822761375135,15.0680029133145,13.169074614873,14.0901196133259,12.6831136037988,14.3082449459113,13.9748027395409,14.3884879932057,13.8488586599745,12.5185530419292,13.0432230806965,14.1060959810463,14.205409124327,14.2828496670697,14.3667982226639,14.3133240242749,13.1296398969629,13.2791156650964,13.1653102506643,13.7066579009266,15.4545689940856,13.7274124748847,13.5871010547812,14.406281813514,12.8226683323297,13.6683851244752,13.6949126846477,13.5689730398485,14.1232780018594,14.3793952171222,13.9072575271139,13.0756860349759,13.2222293315303,13.235375924594,14.7325877274013,14.3631006317021,12.9798404803479,13.1494891784203,14.4450907686021,14.6429858346138,14.2472419624718,14.4552974208702,14.585386658608,13.8261602165237,12.9262493751951,13.7473291191664,14.2270609073725,14.4843331559873,15.6656074172563,13.9398612935202,13.7764263109846,14.3090230527509,14.3744676799551,12.9496514011278,14.4478411664643,14.1689072466426,14.2236520661418,12.8184364141316,13.5148507193642,14.3382943505463,13.6411192633362,14.5425605322919,14.8195318111313,15.125976104262,14.5275176740015,14.639319390806,13.9941447977197,14.1873889473623,13.3775600622796,13.9031565445542,14.1749496059457,14.8501902174358,14.1415055749921,12.7342746414359,14.1120146632542,13.2288117502185,12.9862357028472,14.0128465042997,13.3528711792372,13.7173847726549,14.2281232763881,15.3141257306291,13.7456549983839,13.7717334224332,12.7696476604726,14.491737057155,13.6834454443335,12.3735627082666,13.4533296774916,13.5841142253542,14.5737851561562,13.2471159380652,14.2625943034882,15.7614647884356,14.113115263851,14.5026184318897,14.0443561552451,14.2729791237183,13.521187023061,13.4996388903619,14.0779104258411,14.8809989223498,13.5513166358412,15.1460007367899,14.400326916411,13.717061554011
-2.32161121281988,-3.06000418437071,-2.87953267048663,-3.06157471159513,-2.11245076218495,-3.35953866475925,-2.70946350144437,-3.20650241789873,-3.16305857868668,-3.29666177017084,-2.50244458469646,-2.8170237584878,-3.20584583444256,-3.06977282324491,-2.57276825994054,-2.89693119128414,-3.09216429490935,-2.92171457770305,-2.89636405783995,-2.2084264520177,-2.70413637162217,-3.51326182214806,-3.10097614330533,-3.13821520280213,-3.34038991544248,-2.10110488955174,-2.79556205368896,-3.3118069418436,-3.3132033636288,-2.21210116045316,-2.97044073367874,-2.7776302795507,-3.32648431285931,-3.37254798312925,-1.8318136770105,-3.00513384734161,-3.24889293601969,-2.98725484700881,-2.65690977423435,-3.09694206586168,-2.67750399047095,-2.27951331791111,-3.27987572043934,-3.09748583897927,-2.20960149996234,-2.92106955509912,-4.0140079758659,-3.62078201071182,-3.05842352676616,-3.20903244183442,-3.50148465630386,-3.07121326870195,-1.90301810359184,-2.17421771068858,-2.98843013340354,-3.02404961735761,-2.82881634770797,-2.90724512295156,-2.09937629452328,-2.82343754924679,-3.0530191065179,-1.78377305164089,-2.21194505784725,-2.05494000651431,-2.5964909484665,-3.19464330956292,-2.59462066851021,-3.50060924431089,-2.55344852790158,-2.39799188679308,-3.70939215835819,-2.80408593263651,-3.47510915771804,-3.24900756483988,-2.29881491717939,-3.87892418788086,-3.09582947770785,-2.45549719068305,-3.36754657236178,-2.9055817168448,-3.07165801924135,-3.06507287969805,-2.65166204761984,-2.96874681578336,-2.61799129415268,-3.05491573000335,-2.83045246017013,-3.68011622624845,-3.19704157585548,-3.30721133990076,-2.88167241302306,-2.86638965613999,-2.95528498518564,-3.02947274244392,-2.82391584691158,-3.83416671933651,-3.05249906242014,-2.79765454047146,-2.06584483596522,-2.35570275117739,-3.17046758510722,-2.58387407883671,-3.05596980945563,-2.24773772330377,-3.39190063837961,-2.8593066871941,-3.18203438076486,-2.99040780120504,-2.42076853556993,-3.22262163030966,-1.6857626060421,-2.95432537631346,-1.7725242390198,-2.72781674404311,-3.46952011656918,-3.11612504937482,-2.5957448409129,-2.87899771904339,-3.35654079609693,-2.36715097447929,-3.16102502698503,-2.09610748121734,-3.4491423960313,-3.73974082569209,-2.63120172374034,-3.21653575950032,-2.57005818692846,-3.7399448701001,-2.95526588696372,-3.21347525396796,-2.1806454309834,-2.60964387251966,-3.59975928843775,-2.34081312197631,-3.44360963900431,-3.09625395859725,-2.58728368859146,-3.4501489530391,-2.35179220666042,-3.25845298088927,-2.39906463402769,-2.90749706682427,-3.19127568076387,-1.83366524225656,-2.83519502217425,-2.52657719715532,-3.10200959827613,-2.25379314380982,-1.61190465139228,-3.26736615397984,-2.69064549683053,-2.99884592363889,-2.5116183064642,-3.3399685983706,-2.32234194313117,-2.7571833864931,-2.05671483718339,-3.82923318291077,-3.89044393840904,-2.63522484200266,-3.02338235108249,-1.90369880748493,-3.53133272748753,-3.20681310785796,-2.62428264629999,-3.04201999149678,-3.63436062019746,-2.66165965373012,-2.47205282225455,-2.94930818710121
6.34828711958061,6.95947361660722,6.7809550971391,8.17775209747614,7.81663453169162,7.41326130825718,5.04213430075896,6.36797141276236,8.37000425946623,7.41158086350901,6.79357340156606,6.39897243467035,6.35386231369295,6.95916290858375,6.17690043593246,5.41091706190401,6.98683642181256,6.20438842521754,6.2262337716075,6.77401578999343,7.07419110186837,7.84738628356927,6.07109691766867,6.56981899868222,8.19609965562133,8.00224382736524,7.0209381570605,5.28122537362874,6.57074553598503,6.28142755364967,6.22477725779977,7.87434709603071,7.49349692050978,6.48272913577883,7.17236273261718,6.51078976241349,6.48485047916697,7.11490119548078,6.50339769398667,6.54474842214451,6.31747489271912,7.31347239240457,7.61808762359422,7.38149978620149,6.09166370214785,5.75035512672942,6.77761505395585,5.9751927050602,6.47735030960152,6.90947433535,6.01558153115392,6.53561603720464,5.91705097064007,6.26177389266731,6.82310273637264,6.35501092184559,7.03688638290567,6.64256890086997,6.7637542467343,6.64198551267604,6.56662152398795,6.34554390427798,8.2709672712713,7.18570176318148,5.40535020771729,7.38256235509357,5.24615796420694,6.01001483512411,6.2285883682239,6.8758864860557,6.52735225220706,5.35426531061486,8.02391616068207,6.99496232934865,7.35360799172964,6.00632272915831,6.44648227831617,7.08217074547726,6.65068397479323,6.92521692892126,5.49344870128889,6.77348094659343,6.04901602173553,6.87323412596433,8.29020864547895,7.69950362952627,6.18879349640245,6.89126115410529,7.28393482977563,6.30456115753944,6.33722544550821,4.78652376096859,6.91649671898151,8.01315201844172,7.00113672787135,5.50054707503542,6.58008298469404,7.19138633828094,8.02916823517151,6.86482564515041,5.91243451485571,6.80919008812216,5.99193514145197,6.49078399088326,7.07481128467582,5.8549892703383,6.95493919455212,7.25403613108283,5.77798574851968,6.05255240180336,7.82417765856539,5.32526433393439,8.0664324041949,6.43826050327181,6.59122816571664,7.66237049930851,6.14999089430894,6.526995036987,7.13077992992389,8.55873609762244,6.45996341432697,6.12651652475356,6.24113004631839,6.03941736498892,6.31927583394823,7.14239021871931,7.3276548767674,7.9668005125286,6.1650324888265,6.24645229347436,5.77051391486621,7.59825844962573,6.83388925586238,6.78865066284941,6.37222770550176,7.94495266259302,7.42927960434493,6.95999117294076,5.869992694558,6.97354002365632,6.11893094473544,6.82362880416544,6.9117936141712,6.80994195862231,6.63305923103287,7.85077464345531,5.97259286713155,5.87016310674128,6.16139426544968,7.39549069563867,5.95299427243865,7.01089305986276,6.65121977868517,6.64624806172376,7.09485664171693,6.74976952205404,7.42169090197128,6.77797686470609,7.70091173767335,6.13075392891468,6.78660687636881,6.98902198462968,7.0492931477632,6.63079442493779,6.70011394184202,6.45188633304742,5.77805725526987,8.86514064120488,6.37548799175071,6.07475506074378
11.9867198445353,12.9170290219044,11.9363472827506,12.3910690006818,13.0410491985094,12.8197811750608,12.6282116094233,13.0763203335247,12.7026796795454,12.4919129970223,12.3581291927962,12.5523381043459,12.194963814793,12.6559755236156,12.8469466654506,12.7273808484198,13.1056724112496,12.0841391989282,12.6636315405776,12.5096665005622,11.4219632732552,12.2332029412499,12.4965955508025,11.9029119883666,14.0628874702301,12.9052299494407,12.6925513168756,13.2186971580017,12.5593929606277,12.929852239534,13.2372745692624,12.0327831102028,11.3931498575269,12.7758419153312,11.4486426568096,12.9414731248044,12.1609621824419,12.3866286629728,12.3155944478865,12.8067642007222,13.1032904576308,12.3947369062257,12.9400826111707,13.607521093946,12.1955428475211,12.7346412736154,11.910176129775,12.7945421207858,12.3865821450325,12.808215344498,11.6963711928567,12.7535939555243,11.8543991216138,12.0832393665936,12.4141921159385,12.8041956215118,12.1436515186944,12.4004537055673,11.9611750061601,11.9967570553989,13.0842426931972,12.5079013679669,12.9741455102445,12.4393230220526,11.4979537234599,11.7851434027711,12.4677611761069,12.9605672031226,11.4747118081207,11.8274512740856,12.166515650824,12.8043818861854,11.7156900080357,13.1139278728405,13.0507739125946,12.6004817051599,13.3933514700764,13.0618034933489,12.8855483978184,13.7436887495216,11.0724947769034,11.5025770401494,12.8016265273943,12.0131289719092,12.6746760576779,12.4018095482909,12.8598772375257,12.8427729654251,11.7610888531938,11.6938323518315,11.5816614454274,11.9819709816369,12.5854289108386,11.9264987661928,12.1913874384864,11.5323348478507,11.5075781568072,11.9128180317684,14.2531490647164,13.278804823426,11.5150406542888,12.4362838938126,13.6465002553883,12.7405562676529,12.6634942476004,12.9524274658748,11.9589618592131,12.0174817614533,12.8244822586711,12.2954433122764,12.4391376212822,12.8024631904838,12.7495215088338,12.6612701457346,11.1417644299032,12.5709909502259,13.0394149828971,12.9166009414106,11.5966621894158,12.1973626239258,12.3411816621044,12.5236504014677,11.9982385640841,12.6315900869811,11.9769975184599,12.2210409388705,12.4754289638628,12.8787347800311,12.4910514085233,12.0313044607726,13.184416557797,12.2065717547616,12.1606386544807,12.3631949191967,13.0073497860839,12.7082103180711,12.6121332379325,12.0619550665756,12.9387258195726,12.0351602190172,11.4402726930857,12.5619042437904,12.4901668698714,12.4053765661202,12.0856176369593,12.6091035856605,12.4382345105329,12.0162459478774,12.964265934231,12.800046165715,12.5805315473637,12.5332593307292,13.4095726362954,12.1437564427551,12.7110167984937,11.5861455490373,12.5361044333101,12.6734715536105,13.1211167564815,13.0011101762111,11.9164435536883,13.1253001390313,12.6327460701685,12.8362747944955,12.4195836721545,12.7622694829018,11.9161267112852,12.3777727273791,12.887746692145,12.2319306931724
-0.0839316817634392,-0.662856579338613,-0.399617203577885,0.146322045162299,-0.243309503825772,-0.634560189858844,-0.716090452088816,-0.664509033962856,0.3658319953763,-0.615272534124205,-0.230717642024978,-0.835694226699157,-0.607152528304575,-0.488107511067023,-1.06279865519136,-0.756588442134605,-0.21150472021412,-0.209807331761999,-1.08138539923794,-1.21953833437419,-0.701498283877794,-0.207590426895494,-0.827314950896395,-0.460834113100739,-0.305851390154974,0.0131042595683653,-0.610322967070758,-0.382613704964426,-0.365190460901868,-0.680331716443065,1.14123893923351,0.0848390626989999,-1.58963663934003,-0.693497395975654,-0.776164060400967,0.0768566091813752,-0.642508418289942,-0.972475701908891,-0.947281809473811,0.228440984613678,-1.00773605801418,-0.292524653414812,-1.29437889334037,-0.833636489240303,-0.726170123781549,-0.722794107247087,-0.289622321766677,-0.805151657981611,-1.12321135165041,-1.38759624376614,-0.870476048180372,-0.604680274369655,-0.718707022123866,0.209455816934093,-1.01167428122804,-0.537669533851889,-0.352488751979796,0.893715461676343,0.194685033987259,-0.492061784702448,-0.573308212208764,-0.557624812254372,-0.0557340872996331,0.397636281374422,-1.1227272997647,0.354119449715259,-0.218146145921725,-1.94233180640013,-0.275660729328969,0.54191251746597,-0.927613716067758,-0.776479529215886,-0.441709635705352,-0.78946322442514,0.239934744040098,-1.39699077549951,-0.427651751161407,-0.121111579545276,-2.13660711979224,-0.363051344316699,-0.967971253311586,-0.0914271688046632,-0.0420534168374274,-0.24263392039399,-0.674078534396761,-1.29936777313378,-0.945237227643229,-1.48669425624692,-0.728473774573503,-1.11145374241336,-0.937647425879262,-0.81089135281751,-0.524451059842695,-0.182607855875574,-0.118662135690989,-1.3642443002467,-0.886171947831787,0.279530473356584,0.165974839208155,0.186774897042022,-0.104084126908385,-0.559938055793656,-1.61496021844755,0.430154732714169,-0.573004548089846,-0.887442371189885,-1.22637281680078,-0.45489413165736,-0.748748942725072,-1.28725608594092,0.563379138513039,-0.694275209408314,0.583361698973376,-0.871737444257747,-0.591014110630917,0.717394354956589,-0.848655526158433,-0.118918967992645,-0.222723492007732,-0.389760169417803,-0.0239068354667173,-0.710892138472425,-0.131283958384408,-0.605327328873925,-0.458314698702606,-0.245128378891721,-0.50681980973864,0.166877481042565,-0.0648917406680422,-0.47947127502678,-0.740297831305943,-0.673905170978944,-0.765183564877577,0.107005655569444,-1.92582027290697,-0.354217834579471,-0.502854677898937,-0.118833125674702,-0.377506392590091,-0.605316914561518,-0.373773062812833,-0.0214001011718959,-0.659607614211812,-0.877313362667637,-0.35152574721827,0.024916853585351,-0.644219206505848,0.339602308195996,-0.941712217902957,-0.0499670217385012,-0.554607837478348,-0.642375659972794,-0.331201238868263,-1.11911834323857,-0.443872090403393,0.754458878418399,0.075104090007648,-0.832691802111908,-0.937805343082218,-0.451205183610172,1.00884914432146,0.323681713575595,0.263534351206418,-0.114371244524008,-0.623038116756806,-1.08623678824844,-0.989555415798295,0.614782370258558,-0.0150231651029453,-0.661353949162314
9.39060237208527,9.43995799467342,9.82285928583453,10.3935474962201,10.5641156954306,9.60641165256101,7.77353029287419,8.43684543256943,9.88561262811211,9.04472922249088,9.13873977067739,9.03826238286326,9.64635779404218,9.57357944582766,9.14440736913389,8.47353465768865,9.95707764386449,8.6770768485099,9.21607588109167,9.01443874102897,9.23858787094705,9.57005923351206,8.19719042002672,9.24826086350931,10.159611681579,10.1682541899332,9.23891374971254,9.1103230462616,8.43141064770203,9.19115230843956,9.6348112410552,9.58121147305002,9.9043586168269,10.1570212637665,9.28550462368766,8.87723821622914,8.97912509743339,9.15205260143214,9.6954525580081,9.2710972931294,7.82669159875008,9.44328176271469,9.86915791770496,10.1089318301422,8.90743001075417,8.50783135978002,9.25878416910565,8.4320574514466,8.45828615992983,10.3124678692063,9.02379617817286,8.9627131819838,9.89152140968005,9.03274180097883,9.06298469820438,9.47114952681129,9.06894620115393,8.77308310018618,10.0695073771108,9.40067272688698,9.07731018843858,9.22953618832492,9.79161264467151,10.1411175189189,9.52881556047798,9.69232546942969,9.55502152367474,9.25855519097003,10.2620866810619,9.98333057751803,8.84739656473905,8.65215770078823,9.32583066399849,9.47449861082868,9.63142612472145,8.95058597773273,9.17417687740073,9.98805804507759,8.7244656788212,8.98249383379103,8.07599501087575,9.58736883449286,9.31432858987261,9.68424901125433,10.6541890398633,9.54820510037926,9.01692838974996,8.83909216221678,9.00696574182696,8.7901489850562,9.36312189340914,7.13723050026594,9.38136359007167,10.763813689656,8.94901058122539,8.94888274403883,9.44937472235649,9.42496304634898,9.61608070199926,9.38306873486121,7.98942210869367,9.43398351766511,8.56709510556416,9.41847219999929,9.35930943739522,9.14379399564748,9.15447379662939,8.88334951701712,9.07925090832463,8.97297692745637,10.2321228809499,8.52172348992014,10.1047190900347,8.09968400955746,9.35525014543473,9.29736179085326,8.90451332680848,8.92594054192374,9.59337479618838,9.0717533453738,8.76388906390094,9.6162921192215,8.8768267175057,9.23037856985469,9.69388752672648,9.30435544180237,9.98926295859306,10.517535773978,9.03397019164766,9.31642578550059,8.21394093220042,9.71280343791839,8.57275444418989,8.1943414934657,9.40252102936003,8.95535687145947,9.31618203568621,9.36707031617727,8.64033949927799,9.51820829231268,8.49011935391412,8.82681043556999,9.70387317642394,8.9591491251846,9.55806742104932,9.92633327637866,8.97650368796122,8.41861297103513,7.21509864058295,9.6244631455412,9.14308396391752,9.32916507695423,9.38541091534567,9.44750929258131,9.21277721952417,9.19016318527058,9.74078679854931,9.7659910554339,10.7164125675557,8.65774234692624,9.63018223180936,8.92175793404736,9.68200933641079,9.12457190821373,8.80234101461753,9.60161957739242,9.12069870932734,9.68049699811569,9.11318569434487,8.96987149882032
10.1090317156681,10.5733724964394,11.4466471582431,10.3797524566145,11.3822412995151,11.4987454498393,11.6750414191833,10.5425747441626,10.3692897763587,11.5602070379225,10.6570002195255,10.4998065016459,11.4274535177174,10.2107644787431,11.9944658923488,11.6370391242637,11.874208827534,11.9760821026816,11.6289158157309,10.6345136064302,10.5068950668107,11.0741770206254,10.7433735603242,10.8912311675058,10.0754723742428,10.9514268227184,10.8096384783597,11.022894598894,11.4006922385464,10.3019860411754,12.993677795839,9.70988409888015,10.5793978959401,11.3492981647879,11.4976042484093,11.2171771071603,11.3081371710798,10.6241279191739,10.8985084248632,10.8128924446926,10.3065094722592,10.7590318512733,10.3242798099916,9.45284283226177,9.60932386383661,10.5915239571521,11.4693116079933,11.6841096807653,11.1121015755684,11.2261627784764,9.87686646199623,10.8948658286413,10.5101102174358,10.2995432807618,10.302763824352,9.77083634608179,11.8870389406274,11.53686296753,11.5835142144254,10.4397198922707,11.3118650226018,10.8716774849853,11.1936914449718,11.1101209525786,10.325774676214,11.3233921809265,11.6628107311282,10.6628623220029,11.0304451151858,12.2674051369161,11.6309532649401,11.2184222015383,10.0972452713384,10.3927619009047,11.0745398259285,11.4835206540529,10.7297744140165,11.4610229915717,10.1916798348559,12.2431240500629,10.8843785450372,11.6096406366356,10.9698944460432,10.6408849365663,11.6633197879049,10.95449623075,11.0544126921117,10.4469523454143,10.2053490997771,10.5592042632373,11.7505798705916,11.0494426396672,11.4523046207056,10.7713580852586,11.0486108645425,10.3204763535335,9.88662990672825,11.1633967448185,11.0710759311636,10.8240817386564,11.3465468765802,10.8338919125961,11.4763969452862,10.5873538922503,11.2533540866897,11.8210207261713,9.86346818282513,10.4768512071,10.7985688713797,11.7137736256257,11.7712198799795,9.25399507525929,11.7602438372156,10.9843234082326,10.0592826208349,11.3786063945177,11.5991228003957,10.2232798165922,10.7271238438089,10.8088566478591,10.5823190836351,11.0962771987076,10.7101571142229,11.3971848257729,10.9633373875376,11.0435598507638,11.3745018859198,10.5237834091915,10.112703985694,11.1151080142563,10.1705094343021,10.8812595871082,11.980213852922,10.7801064069737,10.5417477514021,11.2141220879358,10.1148658866913,10.9015607276629,10.3932822822893,11.1571660533406,10.310354714997,10.9571671401701,10.6812918779146,10.9826555618426,11.1627383448138,10.7056499108444,10.7544778370669,11.0296451293252,10.2756326680405,11.8362917031473,10.4890574492203,10.2140483461676,10.36491406315,10.4174838021295,10.2771439928472,10.9156654815534,10.8318242020635,11.2924527280746,11.0893651070715,10.7564014092315,10.6177712523854,11.2922838627628,11.3340936837981,11.719292222741,10.6290996843297,10.9985464956247,10.6827436550858,11.1782093710303,11.6631426107387,11.301340563914
-1.00644139615608,-1.13463799519739,-0.530822672719952,0.519255558875806,0.181846650458063,-1.49496706231031,-1.3486628305967,-1.82906450407797,0.95966173609094,-0.72962650257179,-0.999483406596993,-1.03126895698178,-0.892724898604346,-0.528297258133005,-1.39975182773128,-2.51555003269475,-0.719116676037001,-2.12531133909828,-1.57048368141297,-1.00393052717281,-0.749409488102104,-0.0899931460001362,-1.62030399061271,0.291382243666947,-0.842290734300598,-0.536160689739979,-0.55404846572526,-0.351569591069044,-1.68979800954129,-0.783669150462404,-0.566261457286015,0.678298814653496,-1.02147046529826,-1.2637914549725,-1.23393273615447,-1.263315156767,-1.77559617347068,-0.570112995939965,-1.21327101782973,-0.757281496396303,-0.622553513544988,-1.76549297069875,-1.20504859692947,-1.39634383635785,-1.49185341551949,-1.4844969102427,-1.84266974480797,-2.3309868006858,-2.13352582502403,-1.23103967470226,-1.78194793314538,-0.953560774693595,-0.794527372106608,-0.826083248315586,0.18056312740917,-0.385960872696095,-1.08254113532791,0.339301685407774,0.361678394639095,-0.0587054709932782,0.0413271723777001,-1.48348719147593,-0.197348276104845,0.553419539347369,-1.52024223110479,0.577153895489104,-0.283282910888074,-1.38372332149494,-1.09916571132934,0.0147755133281443,-1.41336872183575,-0.0068883735028652,1.35152583867081,-0.364303797902842,-0.0177603611269581,-1.16841806990523,-0.379347888712033,-0.228949530489241,-2.00043757129759,-0.78298898682613,-0.996531929200812,-0.794709641324589,-1.49483181232213,-0.46920875731241,-0.54786123783652,-1.34263741006469,-1.19636664415054,-0.756835182430231,-1.21652564772209,-0.241039050399495,-0.412580774609903,-1.70180561624363,-1.59577856326523,0.29704938418024,0.104446958938991,-0.992195668737854,-1.38910461864676,0.0958796676812619,-1.04969828480626,0.371208075917582,-2.03461078942973,-1.40347848768236,-0.716833106885931,-1.0958496408386,-0.50046886099742,-1.46559149116714,-1.95923747904831,-0.482394011757141,-1.34522302443857,-0.831890855691802,0.00226659729436196,-1.51738852514636,-0.299668310506181,-1.96993918620009,-1.12119254197658,0.202863087576357,-1.98930065144015,-0.106094309571339,0.771322981392813,-0.405066586703604,-0.375397436551322,0.764356730695753,-0.739525173856093,-1.741657715865,-0.271908373242581,-0.175631084286683,-0.465626499375348,0.43301493690774,-0.966296685339924,-1.21507312645754,-1.88248138789874,-0.423399946745365,-0.933835753143292,-1.04070212594995,-1.32213826970979,-0.0604370173223817,-0.147456302034696,-1.14645359949837,-0.25726370168395,-1.00289867381494,-1.45127693376992,-1.49239931860504,-0.185811765555438,-0.859644873574971,-0.872801999667791,-0.550983683731117,-0.69614204443376,-1.03802767591756,-0.996788230343028,0.179033332929351,-1.16875726987507,-0.336335851092886,-0.367773896739224,-0.832514281212867,-1.35311167779545,0.721066297636011,0.0922048431232324,0.258147390974718,0.754914284126751,-0.887493902008971,-0.352005671274172,-0.808001639839284,1.29724980019148,-0.414846187540172,-1.20176077045976,-1.61326725874742,0.0511755711980899,0.88556303437809,-1.32988765923398,-0.341622352513848
12.4868189346632,13.2867994467627,13.004006348005,15.055849434904,13.6831900540775,11.5817629282573,12.1612593956649,13.3317739800877,14.2313594677479,13.4838204104943,13.0441637169883,12.7934447713662,13.9759353318394,13.5571276144044,13.1944829441587,12.2431187345077,13.0391867732979,12.6123421692845,12.2405230879139,12.3495506578411,13.1391676304894,12.9140076829784,12.9490703289608,12.936998875177,13.2857572420425,13.4844914643153,13.1466201361989,12.5885506292288,12.0237927285899,12.0806777491657,12.7657925928968,13.5540575838837,12.8993136963348,12.8430352526458,13.249073470169,12.5425382287631,12.9263283779151,12.2543557331115,12.5239258616427,13.0993337288593,12.1809881485144,13.6048993609589,12.9486990126539,13.4733331731221,13.6288582265358,12.4758268448252,13.8927073160198,12.6214562003111,13.1308802385117,13.6979336690814,12.4533287956152,12.3057699560348,12.7030867905321,12.2816373725187,12.2507865322324,12.9164594895419,12.2830195800783,12.8215733105154,12.9562507299103,12.5453059023812,14.067893323075,13.0844629770183,12.7672828073331,13.834709470707,12.3919249624333,13.0083969263066,11.7595352453231,12.7465380286334,12.4632205344436,13.2705994014087,11.8354627176476,11.5237625347979,12.7968937233988,13.0561845352587,13.0324621185476,13.5449497379809,12.2399331355594,13.9067776473592,12.4144257291722,12.1438182324032,12.1430479493793,13.2769045585286,12.554588737468,13.4267239938069,13.3706505995685,13.1505368210481,12.4221199294749,13.4698441137256,13.6724897530998,12.7431510865223,12.2585806115518,11.2928228985319,13.3541522159406,13.4804011868551,12.7098688480489,12.6193909945192,11.6144856477945,14.3840650513131,13.1639409633789,12.128623039246,12.5198478916089,12.8895062075308,11.3812227842268,12.2662184852554,13.6581662102161,12.6237802908992,12.4866219286801,13.1096110798065,12.7772732609891,12.9395710392788,13.3058206107096,11.7571219026963,14.473330697655,12.8121224982602,12.4988435964176,12.8872969569176,12.8607593717424,12.3855696507024,13.8673927632932,14.158480673176,12.8916822224136,11.9990482377282,12.1684139460264,12.7031840690423,13.3805457027011,12.8794180299879,13.6030403248624,13.6659517280547,12.4741021564205,13.673677155023,12.7140176085399,13.3645335549489,13.3606901566766,12.4704377585286,12.8636358246649,13.8045389845885,13.9364050368545,13.426667706319,12.686329235868,12.8518108094978,12.1254385916511,14.4201768291464,13.5734378211358,11.5765339810737,13.0260259184394,13.4718044592649,13.2185868907173,11.683326827932,11.3926810215512,13.7054402705029,13.1163900103071,13.4895908553615,12.5895073477876,13.4106754062161,13.104625959257,13.5486632468471,12.6899722954071,12.7108753873945,14.421054552242,13.4564454018291,12.4722443048768,12.0757932179372,12.9713711423664,13.4675127790817,12.6463568094043,11.3165937188447,11.8760543331872,13.6625806258781,12.4470199686017,13.0524350678848
8.3368406275679,9.22532825208615,9.99907765299315,8.90159459103741,10.483745050491,10.529838151709,10.1252178384225,9.29779211762384,8.93821498924819,8.25394968794452,9.39010753666775,10.4769784475116,9.6577329975167,9.40466702533804,10.027472167309,9.95036404826596,9.02196140358241,10.1803769323579,9.66845820102556,9.64353771053432,9.2625609355317,9.50694969721997,8.47705421967476,10.0568453747687,8.80543849508008,9.59467323100654,9.70780622701394,10.1205267781291,8.74604693912872,8.3691007667573,10.7409685058043,9.79824960967531,9.88760386767821,9.38082363442457,9.68325415124323,9.15288383817341,9.75898567510972,9.28237440877368,9.95891302115295,9.62277355187746,10.0898897544551,8.96519156456785,8.49446566443532,9.98702734979065,10.0667084616667,9.61602823870955,10.5515025154639,11.6439433103636,9.66183239096112,9.98825607349775,9.96521401519647,9.8936681696134,9.3573822167645,9.34358860301055,8.72774745727552,9.89349482548783,9.94247938109162,9.53302715488899,11.1976501232367,8.91480323520592,10.4277489671467,10.0598711422295,8.25156233094844,10.394218294868,8.26216462588859,10.4242393059838,9.8127842511423,10.4833516636628,10.1761622594027,10.6135173833554,9.57383658987363,9.32733037996763,8.8036242360808,10.0818432509991,10.2738149346944,9.64204449740906,9.86689877739151,10.2888781721897,8.6315454973056,9.84039358385032,9.74176192543991,10.4933609085807,9.50858216747649,9.76378587333782,10.0421489967174,9.23713791388151,10.0599285914558,9.54841015787334,9.4775108367525,8.78521755632676,8.41770164695164,10.0114928677276,10.1228248993314,9.24158420864221,9.07927996361636,9.5749054879422,10.1443939608243,9.82739743069622,9.13601535300665,9.93019577109347,10.1817196293341,10.7864649307417,10.394027223074,10.0646847100998,9.87815137450707,9.88740854101511,8.57953951116682,9.44168138226512,10.3328277027836,11.1364749965307,9.52647220619252,8.35331796898686,9.66971285987108,10.115324939822,9.22994673518602,8.6184130342094,9.99182669347521,11.5400581155489,9.74628622215289,8.92194512391178,10.2946553773191,9.86301513701529,9.62563963538698,10.0851322725979,9.75705802088171,10.7663019495096,9.32412335429449,9.98655389060233,10.1273512080372,10.4384790717879,10.5117355005428,9.86609600083857,9.46229810714414,9.56286131793957,9.75842596008155,9.42767912081562,9.82643483162811,10.2248574567726,10.1799148481429,9.42217805339746,9.7017077811914,9.66585998659452,9.72716070168664,9.1275694507588,9.47111233379828,10.3792429105313,12.2446869443191,10.3095914170004,8.55751383835039,9.56098294896541,9.82783382748237,9.73250100076814,8.54208865942532,9.46743113214627,9.24353379849687,10.2771137668453,10.1808309743726,10.2370165618791,10.0159158818633,10.1621437283158,9.98278515226164,9.44114660249893,8.82651926104268,9.81914380766239,9.62215093501874,9.4833936960066,10.3219074443188,8.19856065393675,10.081841926009,9.74629210276846
-0.367255866419197,-0.0867883429572303,-1.11253864364025,0.823825370920059,-0.389896933515294,-1.29489656979598,-1.23026506849811,-1.65276878875198,-1.80733294644054,-1.26092592610834,-1.29165041217577,-0.783375941689595,0.196555801423924,-0.674232421023617,-1.89089665784338,-2.66001672711569,-1.32413742547463,-1.73287554372093,-1.35893596366993,-0.312744421389258,-0.0824095953599489,-0.820520102376388,-1.85184686735132,-0.75919054883361,-0.788809207508385,-1.11285686493268,-0.296209963194819,-1.49560401725749,-1.80606533200268,-0.754325175569877,-2.29793614034906,-0.61728576804715,-1.52379269725817,-2.47535615246608,-1.13880613847318,-1.1064149716972,-1.89809853179228,-1.43354795799087,-1.04576003692593,-0.161432643439637,-1.04456976174054,-1.55588912542989,-1.66010817690312,-0.79357057242884,-1.82446982972461,-2.24257105740188,-1.17815899358458,-1.83911599172502,-1.39792283153359,-1.67062385172171,-1.01145046150611,-1.54440733744929,-0.555198521202519,-0.877916448507092,-0.599195031855519,-0.857376344175789,-0.213310266454231,-0.590302195608407,0.264891854600001,0.237651483830045,-1.00402633969482,-1.83374852479713,-0.736517815307247,-0.121386746604408,-0.42731774246937,-0.331508264869608,-0.865215110671186,-2.10215062218224,-0.628792300871386,1.00786070711557,-1.45488832491096,-1.71287317642184,0.265251338703705,-0.506191751104916,-0.430396546206783,-1.30212853339068,-1.46129712188323,-0.638886787219278,-1.48931238507551,-0.570834911779971,-2.23092180746297,0.229380440702457,-0.163267922060999,-0.967314568519064,-0.610157266844804,-0.682855455974967,-1.27174316232851,-1.03185384294523,-0.686595600670468,-1.98409465512118,-0.42053556429468,-1.3219669628988,-0.282615915763855,0.273031745594718,-1.0429930215599,-0.912342415369528,-0.982510458880925,-0.0892222915192633,-1.50446244581636,-1.9945225240615,-0.411381589787103,-1.21315416941987,0.66086031622916,-0.474107255456824,-1.8962418124529,-0.342088513681583,-2.26072169315151,-0.762173350839275,-1.55535599305192,-0.910435486397795,-0.589089356436439,-0.866405916723796,0.218587996039465,-0.672098652924344,-1.59903956127738,-0.513850351281382,-1.3590135647584,-0.486475485615102,0.190998917501779,-0.0578470463947891,-1.15692855285878,0.26999076374815,-0.0717366251558518,-1.98928530932714,-0.54579004906896,-1.03320123425961,-0.84057956229616,-0.702607277055638,-0.360131618445841,-1.17579417805256,-1.28713027984497,-0.425675098279614,-0.782652536740766,-1.2501146535876,-1.76614589242068,0.139456017335164,0.14310581178912,-1.14648708928947,0.737388714095569,-1.04517807125276,-1.12955707017525,-1.51870472155872,-0.754700885594493,-1.21562432678163,-0.162281930269933,-0.568210412252016,-0.759461521740432,-2.28482692851202,-2.01780582956846,-1.52974338227093,-1.81839665837472,-1.39408925478184,-1.71296021508482,-0.95919399297814,-0.617595744807587,-0.490074527286757,-0.227188101019753,-0.751190580517097,-0.38649417926908,-1.37374916125308,-1.42378243836227,-0.726342996796489,-1.36964766062377,-1.57895349143098,-1.85242903027552,-1.94428137808257,-0.668269523069559,0.0489985576702494,-1.66120033082427,1.37844453116672
11.8865519576927,12.813177153725,14.5795631764225,14.00106308524,13.7703276370347,14.5322229031855,14.6370781559937,11.9202419628242,12.2803526917491,13.680457259821,13.2850090063686,12.5734319482616,13.8593158941725,12.8350869095318,12.6661220042526,11.5243207694217,13.4142549137278,12.0197051958491,13.1630489138728,13.6383951414605,13.9783018134763,12.62476701254,12.7264925690584,13.9793893902097,14.6671596305398,13.7015568105735,12.4074966764788,13.9032206395613,13.4360405531745,12.4003603826388,13.3802551952742,12.9237304474262,12.7021737016981,12.5798287349925,12.8222123765757,13.1237211190671,12.6456355549934,13.4128439427682,13.5453253577111,13.9879045356035,13.0383250337007,13.8847100496912,14.0608494041215,13.3331811142966,13.8128711920751,13.2818472042782,13.6513523761304,13.2330700744608,13.0194508349721,13.8798587947746,12.9509009492276,13.2966910545354,14.1077417701774,12.7044090629002,13.9412685169742,12.9324520368973,13.3864505436599,14.2784819547987,14.1219654296054,13.3202104258418,13.0867346935271,13.6355816344992,13.9538787103258,13.6172503302757,14.0118178968241,12.7220420866853,12.4261201587572,13.3427843467815,13.737000517208,13.1143328585805,13.0654110591999,12.6117436163375,13.874121296982,12.2134627950126,14.2071231021697,14.3245596914827,13.5405332495952,14.4654163710723,12.7847139220317,13.5165041609365,12.4747975850186,13.5375401896542,13.9254814602484,13.8029574267682,14.0949864349828,13.179994290275,13.1498582569241,13.6154105287253,13.713336933683,13.0663083514105,13.1232430797132,12.6200710153563,13.8813167066642,14.3266097325439,12.3853771050898,13.2718160469701,13.1281578662735,13.4653244420831,14.0544168316557,13.5342041090511,13.3560123730571,14.0480176618193,14.1342144529275,13.1414235272953,13.6116566018425,13.6751216789751,12.0408674759038,13.5406921593131,13.5134960654807,12.8784434448135,13.2123137575,13.3199840826404,12.7847119705462,11.6427287484047,13.465133819899,13.5894566210693,13.8171549308717,13.6100250810384,13.9796180877041,14.2376967635388,13.4583194041684,13.9115519087599,14.6342316597364,12.9000281980767,14.1975571825849,13.9541342490456,14.529505269535,14.1264998969082,13.8160860439344,12.6676967885233,12.524673709549,14.3074046968263,12.3987103029527,12.9746689885586,15.7864443998754,13.7657740446426,13.7349212224329,13.3030186287504,12.496767617623,12.8693572122127,12.8011494878628,13.9428082785691,13.7946990077191,13.89478043088,14.0614405707138,14.3741917207985,14.4018798217035,13.2263201197471,12.2154929352243,14.543125831771,12.988650180661,14.0024676998938,12.8825929130307,13.1892298342621,14.2157705944041,13.8424047824876,13.4812011041084,13.4580435086953,14.8611689301244,12.9758285412797,14.0484980881319,12.7676686970737,13.5539060238504,13.2472647757939,13.0577785468218,12.6440519134849,13.4825494770896,14.417011825416,11.455748561035,14.3495334122665
5.52637501871419,5.93624813683007,6.44292916018725,6.14791809861761,5.90251749762078,5.16864539959879,6.26515463247221,5.24782436947475,5.45791414459403,5.70321939252857,5.7630781449558,6.67571506614897,6.04278472102254,5.55244622288404,5.97692440141803,5.92110196598561,5.84493462225453,5.26861971970513,5.9189908321434,6.22094792901439,4.65345918227445,6.01493328490893,5.51992480269178,6.2101287727105,5.06655214001863,6.36518127180946,5.45513566364054,6.738476333023,6.60885225864617,4.94601112866099,6.66476200465462,6.10507520197203,5.57613854355915,4.64208524748349,5.31413867676536,5.23190438220732,5.40820826827852,5.73192752319365,5.39510456547085,6.2228121586085,6.86897166212762,6.07745434396049,4.6877338057893,5.89117802550189,6.40863620582242,5.97428192091754,5.77660983280381,4.92190975064962,5.79256053482351,6.3082600830881,5.84864383632893,5.91718139564766,5.39211032042134,4.74850598900653,5.9291706330624,5.9393638619092,6.56924366736437,5.97487488373037,6.46443794794117,5.76409551441247,5.39955502821652,6.23560456786934,5.7117250089867,6.72363932068928,5.92580472905551,6.63705483659655,6.46087465567472,6.35045717116204,5.93715671692478,6.90404547551793,5.29714139388781,6.1699496207523,5.68451386835181,5.71200433251844,6.06525631933548,6.28567229774942,6.44746067204056,6.31679554820645,4.75068468903402,6.61774972022931,6.7427063587739,7.9933313394212,6.8352812027961,5.70667108539837,6.7512777249804,5.16519127731755,6.20583244420052,5.32220133174082,5.50234707191661,5.03527900407007,4.98169720424018,5.49159817103498,5.94182463960116,5.16742462434678,5.25183917626599,5.40732881398288,6.09029671610208,5.49996074820752,5.39840560455037,6.73542338525124,5.59544930036179,7.19962539562686,6.47327930059006,5.7170174359693,5.91405903337798,5.53339292112013,4.77276596821701,5.77622275843521,6.49402727684977,6.48161290406452,5.64001831770616,6.46587344886603,4.69707863465351,5.74229968993335,5.80082765409681,5.52950176675082,6.7444320187467,6.52729758113954,5.79205903432767,5.72858497257283,7.14293193577096,6.26361386768292,5.98486387219905,5.77737555177546,5.92533854079193,5.51918885156367,5.74265049447195,6.1849595424242,5.0466038480131,5.93797220816639,6.72053739141752,5.80687479928378,5.50003094672867,5.75636743009054,6.3358732142239,5.80049158272733,5.5932262482642,6.80829077525963,6.39012585095887,5.3767891147874,6.3924654749343,5.90728529324779,6.08371629967502,6.24602261960167,6.24705487617192,6.1526072091985,6.47061601945135,6.04077136121955,6.61546455160686,5.68012472758586,5.63507582613438,5.9246986357983,4.3732129380717,5.82085725664126,6.24735074119334,6.39626543708792,5.81004597832087,5.72761816644877,6.93897378354957,5.95532977906456,5.6776208983954,6.04315266199303,6.31592991278829,5.18194698899589,6.466724567951,5.89068846192087,5.50530720612077,6.38812852542478,6.28641029721017,6.89693515205408
-1.07472499552402,-3.59755790773261,-2.04375875226064,-0.957448171908019,-3.39091106880599,-0.649253710825197,-2.63619163712722,-1.43553382636438,-1.87899802155097,-4.13179907641717,-3.4349667863426,-3.15043963683077,-1.95900537442444,-4.13213815742531,-2.71209326075192,-2.8918282999288,-2.35520364718902,-5.13786865163244,-1.55287507264678,-3.06609767221383,-1.95622655978824,-1.45662163102947,-2.87088479101362,-1.28141990461421,-0.657690909195952,-3.59962375052505,-2.92785370023185,-4.35443107324791,-1.19675103750295,-3.71714277335926,-3.43765650965614,-1.70856783731541,-1.13758606658152,-4.50724420262811,-4.11852725250722,-2.6501451732177,-4.08375642343534,-2.93842775501486,-3.0365508532025,-2.50915163225192,-1.81553385728929,-1.71968857360791,-1.38047464347596,-3.07906839021104,-3.17481638391717,-3.12845959189472,-4.40998993351607,-1.97175396728558,-2.49900587726058,-5.14585808842434,-1.85340513462184,-3.33578703930841,-1.46423176264475,-3.30444706737536,-3.002625329181,-2.83022283267116,-1.94879370278624,-1.90900004920355,-2.15172684200312,-2.88248532210042,-2.3902569650963,-3.42529466588122,-2.10103340166181,-2.17525583957446,-1.93106242547304,-2.43462679387736,-3.79664599480545,-3.10066257177484,-1.73601870793168,-1.39074248399599,-2.48223247733033,-2.95218512652882,-0.87299486497674,-2.30959137068413,-2.2456721416683,-3.20908336836611,-2.71015030247945,-2.83894521780118,-1.65554979540994,-2.87978864901231,-2.52202211461795,-3.16023651561665,-2.49436455032327,-2.33363570098494,-2.51928041249184,-1.57903447659061,-2.82515561345526,-1.79372011820757,-2.86365104584217,-1.96595281487827,-2.05214974639752,-4.07695071835062,-1.04125019636874,-0.856845556492912,-3.03996337489442,-4.05997337452169,-2.28222182660898,-2.65958395453316,-2.83356478024569,-3.83902416497348,-1.86781275425429,-3.7580532110277,-2.40828522759332,-3.82111642647569,-4.11275911962795,-3.70688899851389,-1.73347835437156,-2.29364602639496,-3.04563430490003,-3.20373749632217,-2.12714979303921,-4.0200038725137,-2.91033219270673,-3.79762427665714,-3.6872011300386,-0.837570212796746,-4.52080317975165,-3.34750025034503,-2.72758917874884,-1.60136395196857,-3.30069239909608,-0.988708678137391,-3.02003312313569,-2.47197703283567,-2.13302498253827,-0.571803604670929,-2.27694129857396,-1.10691198610051,-1.8838880415996,-3.18664648280073,-4.50173684698534,-0.49955815409359,-1.8682908491586,-2.96482641624723,-0.930899149515043,-1.26184999622259,-1.98665409605444,-2.63001051815251,-4.23398683968941,-2.06012064628747,-3.22575419947786,-3.08597831966298,-2.08298658711111,-2.5540288003743,-0.750972292284609,-1.82965327330723,-1.52943039035157,-3.73091522496699,-3.68525950646467,-3.35508867668147,-4.34624503255035,-2.10179903638654,-1.46746764359062,-4.19108856120377,-3.0060625374296,-2.09946966405682,-2.88084499641491,-0.870704357720058,-0.951494859420964,-3.48969536361936,-1.4508221023211,-3.39712097117239,-3.87764119186574,-2.83014529953204,-4.69843091846026,-3.9615524606347,-1.77644184741032,-0.815686791201068,-4.67787710807885,-2.70732604191842
19.1293290589732,14.7661547807742,17.3356702244365,16.5299543340096,14.7778889578995,18.3438404747282,18.5428790068171,16.1026755206074,14.6594137600802,14.4489414010783,16.0483542567146,16.5413380731164,17.5221608957471,14.882028032758,17.8885673519418,16.6060856978234,14.4831296353661,14.2895129174965,17.4627175290538,14.6388203470324,15.7992674896576,17.4045389403897,17.1040776679721,19.6287645621949,18.464235626596,16.0182429680527,14.0906760657924,14.8034881292895,16.4977407292256,14.2777898793916,15.260523142646,15.9905496339503,18.2500150772892,15.211589611848,14.9116258264198,15.3674482015031,14.3963890673857,16.2085608053959,15.4214983168453,16.2769762225069,14.514882499813,16.0948482135949,17.9124480722802,14.6468368785916,19.3804183298048,15.4252482553726,12.6733613760993,17.8243412450469,14.8445279308557,14.0707663624304,15.7715426950309,14.9737635614154,16.3194644177357,15.8878428115392,15.7330747321356,16.8630743956397,17.6857535552898,17.222221303594,15.9544278539954,15.4367163050372,18.2631423660699,16.1362426442149,18.1430840424753,15.3763087194334,16.6774750367033,15.2109939163561,16.2811453505636,15.631934535331,16.8601943488842,16.5179800955475,16.0592082728084,14.6036248366025,18.6425199883532,14.7919254965886,16.8248862538627,17.0927293879084,16.6625545373514,15.6285650899012,16.2449000886119,16.249307448095,15.1210156162067,16.1935177980705,15.7606152869563,17.0906280812365,17.2357294964026,19.6843154418366,14.8129830250197,16.5845693403763,16.0298723029146,17.4986558213199,18.8510626118779,15.2351488538042,17.6725682237362,18.3202699949001,14.3569920002365,14.5210983565791,14.5716806515015,14.8076217753489,14.8814126771319,14.6835257813452,16.4392184680751,16.0431012294208,13.7214770952795,16.1666125175919,15.7847557349621,15.8310575813248,17.2296194168457,16.8901602673443,17.3229953740032,15.4406032559147,16.9952801327615,15.4712316027062,14.6240060166347,13.7719654177001,16.7618805680744,17.0002339424108,12.708432990777,14.8311944954925,16.1570581959521,18.4237962502963,14.2955189756048,17.0588998838752,17.4952791940936,16.4123661556657,15.5694548535217,18.9729114633072,17.2909533803623,18.1468250094669,16.5539030546779,14.0996895478923,17.1433773677841,18.3567904856264,17.2927331762179,15.6921194232075,19.1073410235344,17.4151089938176,17.1685754642656,17.6087245493044,12.5075393424685,16.4871381663292,13.9234972159105,17.3792161003162,16.6423812226923,14.956577557964,18.7251119094702,17.8796379021132,17.7702860352631,16.9779366083757,13.3597836121415,16.494581074971,13.7522390413626,17.04815783449,17.1265050812261,14.5086037673411,13.7337569981295,16.2791712361067,16.5136823406469,17.402366621754,18.5389056652067,16.4841739493021,17.6884803295267,14.3415998557522,14.5570233555276,16.6831234726459,13.047892265149,16.165788960352,17.3666293409064,14.9044082453269,15.0341146170503,17.6352265595276
5.8163281056882,3.70459521199023,3.86491080204865,3.51898724866467,3.98669146617434,3.05249384914844,4.84667055317243,4.3344369767766,3.92565904078153,3.43408768462865,4.54372953204578,5.51729706002725,4.74341225950252,3.69300959204793,3.82852890525038,3.47462739092276,2.76345465329251,4.06592969943256,3.64925264092126,3.39728450778006,2.05733029734439,3.66944404624809,4.11397686034012,5.19943554330376,2.46342276947447,4.54889783188911,4.15358577923355,3.00668259535251,5.08223051431249,3.79589980196805,3.04782709204237,4.01166463603635,4.23611067966491,2.78783390333303,4.38375839637305,2.58608041537761,2.74983133338593,4.46945653032218,3.83570502083956,4.97390863760539,4.58538786302792,4.77690341666135,2.13304061273006,2.94261215656006,4.8296707140624,3.79038113231328,2.53502410087801,4.12457690105263,3.0119058311626,3.31721547829692,3.9058650577041,2.77073994519729,3.62440169130458,4.11346015300467,3.52401019209612,5.63859749307317,5.44587049510542,4.51594352794285,5.43755448613956,2.93582421115713,3.90495365275672,4.47373487381994,4.3835787413085,3.19676677832908,3.03132149421364,3.58719513446818,3.12269608826611,2.49783694896117,4.93155187632806,5.40379419533094,2.89654505263045,2.36567541595345,5.00449019150134,4.11904770232221,4.27850848429862,3.67002045163544,4.50984582296763,4.06995301268036,2.51628412127182,4.93791163123931,4.09578842925405,4.96262204549635,4.1811631366219,3.58626045064844,4.79743677591836,4.0745884146043,3.21252979833729,3.12838951084857,4.16203576131287,3.25071176036899,5.03917558063837,4.08225219415093,3.92698821197787,4.09388290945853,3.91478517002702,3.38944604144722,3.44974859931325,4.21866345078664,2.68045952330202,3.3922397645668,3.48546896726069,4.25569512510667,4.34843449735546,4.50076333917917,3.48684279544384,3.72925009178512,3.28280922396526,3.79965472755989,4.18830911833567,5.16553561098428,4.61940460886737,2.68032077157008,3.92401272939231,3.52648245512296,3.33713417201502,4.42839810624077,3.58213180394213,4.652697660845,4.17670480249348,4.36920608450123,4.15255460480494,4.69627399635553,4.7627306035899,3.03853584451569,4.21980148909966,4.36627162485967,3.49371074569327,5.22943681186402,4.23729273726575,2.2613281502164,4.06398496829515,4.99354993692694,3.41899642542022,3.6239275995895,2.13291944345615,3.3333502751683,4.14679940467185,4.29235334883819,3.7126259792122,3.38340128607586,5.49627914505609,5.47440317957969,4.94265592318643,2.94282348932161,5.2312102217848,3.9135817813166,4.88101457463193,4.46097324599039,1.74112970960773,5.16411134332372,2.68406776282891,3.63168736140673,3.07932739674022,3.40437246821349,3.62051068377935,4.8099965860697,3.81295093620257,2.97335901463909,4.89674760698702,4.25381636489673,5.30164177807921,3.92326894306841,3.98432570476315,3.03907818664991,3.27494075825565,4.84145163599952,3.0247905254627,3.64695463336078,4.3022439781673,5.64585604795152
-3.60689553622822,-4.36526824687823,-4.23223594443807,-2.91679715377034,-5.16516871784986,-3.48220245994615,-5.09820298444126,-3.01223145680666,-2.17045956874554,-3.5942107002165,-3.32771872201904,-5.74738326075865,-2.64401976598905,-2.53032573838551,-3.55727961017519,-3.67147543413745,-2.14276730157618,-5.23399926370702,-2.58393247519794,-3.31218448358082,-2.25801259786823,-1.97001269094419,-2.66820004510641,-2.8124812848232,-2.02494229194612,-4.89198850321267,-3.62841461769171,-2.6985501358925,-4.26716360294461,-3.16334052302262,-3.74025920061434,-3.11544963041871,-2.87964113748286,-3.38139691875356,-5.29167402255714,-3.74373493041912,-2.99597742792145,-4.5759928427824,-2.4675545964536,-3.66096768759068,-1.95153831270957,-3.98019288488614,-4.00948523749266,-3.03891200612667,-3.68923616840622,-2.09876680614434,-3.6586643558783,-4.13443351021538,-3.27792875738783,-3.5205431850792,-3.7381765272497,-3.20575011316816,-2.76817394676956,-4.47169785307273,-2.74388979938903,-4.06532032935362,-3.87563467252295,-3.71444920937938,-3.71938904759717,-1.90409035592754,-3.4295587336086,-3.71949324061076,-2.04651996883199,-2.46161852194283,-5.07107541100479,-4.71292462795953,-4.02540035493067,-4.95908954391657,-3.71681688474425,-4.80758478709189,-4.10088471104241,-3.57247089950027,-1.77437158026859,-3.22195425811929,-2.42800181114186,-2.24882613351014,-2.62127599360756,-3.80701405319097,-1.71129970407422,-0.97844011095939,-3.06110939476977,-3.80034396223463,-4.06048803399927,-3.01796509023143,-3.50823837115424,-1.57343269967305,-4.18909768307501,-3.25475621115625,-2.11256084679871,-2.13024770307436,-0.105695357396987,-4.76555605093791,-1.76652726648208,-3.83586388423183,-3.47945696858328,-2.57293995953883,-3.39684891110139,-1.28081940466478,-3.62726304335827,-3.67258514513298,-2.16700724619671,-4.07298604561044,-3.35235836817943,-3.24339363871583,-2.87296632351458,-2.73268704237601,-2.7979759396649,-4.53952503268056,-4.02604259451006,-3.79359062404445,-3.71817270555317,-2.51313013220356,-3.5738752860405,-3.27296305314259,-4.78713810209186,-2.86872043325326,-4.96490698061232,-5.01109766982561,-1.28614278819779,-2.93356459827979,-3.96269466721086,-3.55114958518578,-2.96927818629648,-2.63840138716711,-3.0877253873383,-2.32947644118936,-3.91934215600874,-4.53881180233307,-2.63047770798483,-3.10776430069216,-4.07952239372338,-2.41021836000137,-2.20998024263544,-3.34956853342631,-1.54225543109045,-2.02974523607874,-2.93366198003301,-3.46271678834773,-2.28581948063729,-2.19636880995923,-4.86445864897919,-3.05752713637716,-4.00425681112475,-2.75643730772858,-2.88638813274254,-4.24283521355858,-2.0939032999573,-5.88073591442503,-4.63439303466327,-5.32030762131431,-3.22427681225655,-3.54394046363569,-3.20915009388609,-3.47950206888285,-3.08283480926429,-2.8972812484026,-3.22221454363957,-1.77254277465778,-3.12556844133057,-4.46517000036478,-4.99860061733388,-5.60483946084462,-3.49245365860487,-2.88893696053836,-3.82742114187693,-4.0500629590478,-0.603940614246317,-4.39541078514468,-4.5643753561145,-3.50996143545745
18.211819546923,17.5905358740986,15.4736161569126,15.8847966679879,14.8978361393786,15.6661450163074,17.6447423099636,16.3814561919858,16.7515326923307,15.5725081579797,17.0277309923844,16.3178046964496,19.4896981660703,17.3449632631922,16.4902255212571,16.3745370607996,17.215201051076,15.9274495571353,17.0201234972845,15.8214318613372,17.322555603671,17.5102494711262,19.0046739462539,17.0079381566237,16.3312956876188,15.8446748389135,15.9616834264734,15.258998839079,16.5031472318323,15.6444462099755,16.1293384239479,16.1027950123311,17.1930930025232,16.6987746134128,17.1178340641029,16.6510645271321,16.4690960207944,15.7544795609909,17.2303541570737,16.0737255779303,16.4498229812688,16.6274912427679,17.5518566298125,16.1587349168504,16.6919422316472,15.9199077126303,16.7318069735856,17.0516101182707,16.1406301657044,16.2211696744794,15.9366357821771,16.235934724302,16.5426492325486,17.6456975361081,17.3491707131631,15.9172476282696,15.9301412305713,17.2093534825683,18.233105154615,17.2843140135366,16.4356471951098,16.6379210409211,15.8860679066064,16.2298421796137,16.8319662947075,14.6335198918866,15.7912979231822,16.4529682739238,16.8891801732492,15.9371364480141,16.668824612294,16.214408338376,18.5431336827193,16.7631295022063,16.5976512682167,17.4935270790512,16.4679291146668,15.9281449711875,17.6027268100969,16.9118555630317,16.3383857656749,16.5080936948631,17.1027572278957,17.5240863879598,17.6345639805178,17.193622602606,14.8571582711927,17.0358475434701,15.5524375207531,15.7746061605702,15.2216908104615,16.5079614800639,16.5576129923711,16.3893545251434,15.8802844504055,17.0831964668046,16.4219613636703,18.1037009830802,16.0791610161464,17.6561794623599,16.0363994215018,18.1245149139249,16.6012616297414,18.0378360900654,16.6152891223138,17.319634406107,16.3851479126252,16.8693701331384,16.5943282394636,15.1074039636118,15.151639277236,16.8497230432685,14.7198063231326,16.1082012730049,16.8325404457455,16.6521231670619,14.2417945567813,16.2505942255418,16.1391511676528,16.1761072258373,14.6199652445257,17.3119280197215,17.8401540263276,16.6074822029177,15.9317669391303,17.5310832227005,14.1696451858006,17.253674787358,18.4522756448861,16.468593008281,17.0312525955802,18.2317077494482,17.6316913794595,16.5663923875712,16.9087358177947,16.9126630059277,16.2397109212775,17.1966896135606,15.5073606955882,17.0870562129609,15.0903488819767,16.4597652460511,17.1999138622335,17.2633168898461,17.355811817048,16.9420191594261,16.4404250705345,15.7346304760266,15.397215074714,16.7082955702111,14.3638326794884,16.362901353787,17.1541403650068,16.446590867944,16.6757235903492,14.4127507709729,16.730359194345,16.6803176363963,17.4457185179706,16.1879961778231,17.2938723245583,16.9213999484772,15.0975699146188,15.9325612381299,14.7695203769524,16.1816450197925,16.425904359676,15.4185129818496,14.9281855722888,15.6230135203695
3.31608594807566,2.64280027534184,-0.906000655551577,0.673833281334039,-1.37321691911601,-0.651110764461049,0.784208800302475,0.770543248321783,1.03941569227326,-1.62340977208683,0.176874477756848,0.551281502918973,-0.155315923901459,0.084154715562511,-0.558370742406693,-0.865336755113246,0.474745463802602,-0.156858833066437,-0.422839615069268,0.274603624197944,-1.69747205056114,1.90536124427873,0.480059145689387,0.0954555837662732,-1.58631356151502,1.2720087181785,0.887088253954492,0.247118796416703,0.516904368405299,0.0299605671556843,-1.61587547510961,1.52786548565873,-0.632429534893624,-1.58090555009868,1.52221092878499,-0.960378408338215,-0.321143657510892,0.43281605266162,-0.902375325031366,1.35267271617751,1.09652809049112,0.0146034358583033,-2.43802733775367,0.182603967572907,0.635855387430465,0.0996425262395106,0.371617917366045,-0.822816157481521,-0.201246130765922,0.479170570696541,0.697604471829296,-0.486462199509882,-0.56056170311481,0.21209102067763,0.671953993968669,1.40860509898054,1.47994964582716,0.148385440995359,1.91652664791081,-0.0258196883710266,-0.152094537108205,0.10136703239519,0.0313020129146598,-0.251367463963149,-1.92345198269516,0.289928026438305,0.173324855461006,0.146918814253469,0.978938356163729,1.16726660812607,0.0879588176604067,-0.384479208576486,1.34887997031548,0.88458298693591,-0.190201779653293,-0.263566915516064,1.81704584371087,-0.708890044569329,-0.526583092879605,0.995813840793516,-0.241971364363695,0.758175258796062,1.46941552222247,0.049487553723792,1.13851633986817,-0.960576278746253,0.00272140387656954,-0.352426608096309,-0.313455691978166,-0.71031086152475,-1.68108713204661,0.452329368856623,0.699314401736003,-0.757856217017155,1.7790885202499,-0.261204235151495,0.540301677370929,1.18476135910413,-1.97619685710798,-0.430991020913823,-0.317787082464367,0.897372624240448,1.22876699614823,1.22503043611267,-0.25993129405175,0.0323101481756244,1.24451289869965,-1.06060730854342,-0.0193099274202785,1.30575379702309,-0.246360562575035,-0.952515115505969,-0.438781061631355,-0.211592916425541,0.21043352054579,-0.0804342660040365,-1.08931097769746,1.34681633900625,0.776799966583204,-0.187936504956866,-0.277091798853742,1.01674517679701,1.18852309427613,-0.612788743302483,-0.338691506611187,-0.49246378366875,-1.45730596783397,1.25540850189078,0.145173282613096,0.0853351290091684,0.625052127061628,0.0297792885908952,-0.0963585617635441,0.115454357940611,-2.16414288411892,-1.35016451811669,0.441191714284779,0.793801024082433,0.539305127767303,-0.723386402834252,0.970913634748802,0.112858693647696,0.594293430124784,-0.717081484446644,0.222103530424829,0.246817407555765,0.450444378063627,-1.18643001278623,-0.797084941315662,1.27868172040935,-1.46070722744968,0.408373535489718,-0.856897514900188,-0.00353498858158194,0.344249840262599,-0.27342424981006,0.220059252563569,-1.36453179903562,1.19890635540307,2.53838872466653,1.46083701616895,0.810966655020468,0.18663123112177,-1.42281900618957,-0.340410298391342,-0.108512662130923,-1.71122092404216,0.580184377926021,0.373470648180933,1.27560456648758
-0.088963779002045,-1.41240563425663,-3.01879663214975,-1.21452262809129,-3.54856470600244,-1.3703223773285,-1.94716274814904,-1.66269928723945,-0.285161862506202,-1.24844431706213,-5.08780842997221,-2.47256633238186,0.547051040170944,0.751673530195488,-2.0438551889662,-0.242714682904519,-0.0992527818399844,-2.34335742110577,0.116085075373142,-0.62425889363144,-0.526291664973171,-0.277144039403311,2.01599284989248,0.171609589255003,1.10778262450177,-3.76735730273548,-0.446209049562195,-2.57738868455307,-1.53195202657444,-3.11859827991002,-0.87268036115708,-2.55254307278977,-1.93827417465628,-2.48756291289742,-4.36941679387011,2.40270978535235,-0.52695535291274,-2.08137880260668,-0.389099166371413,-2.30258447957893,-4.66879858577276,-3.34143846414039,0.822711453527663,-1.37062105628419,-3.35660060613363,0.442404129055677,-1.36454870427874,-0.435760184499613,0.355409839034485,-2.98452715317102,-2.55951346379408,-1.83656731256567,-0.852444320690097,-1.34020966846939,-1.33896452190724,-3.15838807859309,-3.00675074023247,-3.06675123331604,-2.44373279839089,-2.03905274365519,-0.899280729763703,-1.77874668407573,-1.47784495675394,-0.742691529291388,0.644312222182907,-1.50018646763062,-2.23791868437695,0.190057915743905,-1.99322423691855,-0.619246105286894,-0.865685517923647,-0.788199272572194,-1.93760390566011,-1.86728088551757,0.885760442245802,-1.21355862294001,-0.966041944322905,-1.66494187629747,0.441416786187957,-1.50799403763315,-0.842139620256786,-2.77180690822981,0.0104505075210906,-1.56694570793762,-0.74445372500362,1.34491607845955,-3.2565747425893,-0.41233243493072,-5.19841571827028,-0.161216393180123,1.65201904677301,-2.85502185061687,-0.359793863221362,1.06562356544489,-2.82005797419041,-2.04250219255533,-2.77711820355896,-2.61956052326922,0.939102602775319,-2.31261137996059,-0.0178518431333381,-2.73669541150822,-1.76192976748791,-2.13580159152394,-2.68920973615099,0.198198837463489,-0.914555265849754,-1.54984010499999,0.311710651328023,-1.7621574858922,-1.70691385840117,-0.0690099500858203,-2.47024755207328,-4.41093233451849,-3.54144285336739,-2.93645720672854,-2.01385507827788,-4.14858029158222,0.376303208763933,-1.42795809361164,-4.39299981702302,-0.976690913782374,-1.82759994443993,-0.390998419748307,-2.25345079144324,-0.376871823978466,-0.293855843329938,0.186755040437365,1.05151025459071,-2.03993968424555,-3.99696814561477,-0.694751317217763,-0.113264633065867,0.802037359129692,1.9486711008821,0.650077252602908,-1.41184343940808,1.23052275948376,0.386745683586602,0.192215304703794,-3.06618876449867,-0.643913771140892,-2.34948687558767,-0.934732603017406,1.97477486527095,-1.49372715238345,0.847923726263138,-2.87276832730133,-1.01528928647753,-1.97736109839208,-0.64969548077755,1.83490906398272,-1.40152948796058,-2.4058760757182,0.279743627026525,-2.5160216874908,-1.02117511099545,-0.200683164492351,-1.18641342039338,-2.70026140674322,-1.6493737073141,-3.34779118844648,-3.97485697642007,-0.0790599618769818,-4.87607779502592,-1.85867858546331,-0.478944243960694,-4.2783354403804,-2.82039172645788,-1.38354343773836
19.176486978128,19.6519471005048,20.0199995589324,19.3371000960478,18.9387893128694,19.032207339995,19.2613749716144,19.1004036793913,20.9062449574654,19.6760456967697,20.4273615375609,19.7706646228904,19.169215602426,19.9519882006155,18.5268590891302,19.3820361221763,19.3613401226216,20.508411526574,19.7105971798946,19.4432086289983,19.8746686387077,19.7502505036205,19.2526380226747,21.3388404518568,18.908653489473,19.6513381854552,18.5947908231114,19.1324531764411,20.5284531155053,19.2614228993331,17.8252271340891,19.5669848992387,19.6022071294391,20.0301517266134,18.0279626076601,19.7172753151083,17.6442770908704,18.3528756949315,19.124778997377,19.5518935934667,19.2089990842621,19.2378497717368,20.1389212080446,19.1088947599614,19.731640406016,20.0162424093213,18.5452774410863,19.3965374895079,18.8538004307692,17.927258808036,18.0832667122749,19.9342219322847,19.0923382490072,19.1312879799594,20.11707900682,19.278910523651,20.5870690991862,19.4932082516535,18.4027941365529,20.1074195564346,19.3499393625212,21.2262687414129,19.2062513524675,19.6153443832227,18.6094471649244,17.959175603008,18.4560020380136,20.155245989962,19.9127931808186,19.6312989133136,18.6990762554934,19.0674752196352,19.7979046035198,19.6440297944824,19.9764848407397,19.9365021707487,20.1337388954264,18.3571454049642,19.9834457691796,19.7230401589826,19.5147695878884,18.3303521847272,18.3726425754779,19.0894911055015,21.2143768131809,19.8438758198697,19.5800765234719,19.0545600333054,19.1010003709894,19.36833640762,19.6292396389638,19.4992009071621,19.2730732316392,19.8199421243945,18.9024331494757,19.8098358447183,19.2176763403263,19.7587650719915,19.0528482041647,19.8849637644111,19.8217168186962,20.6349663881353,20.1274640195504,19.7414146328816,20.2242385419489,19.6698080647104,19.4880278313448,19.2784799803419,19.7025373014914,20.2123474254268,18.2816426298307,19.5538819227733,18.445134769456,19.0643223325,18.409045704006,19.8212385483774,19.0299284687736,19.6535541436664,19.2392516606687,17.8756127938939,20.1058828121494,19.3022893790884,19.7724551922524,20.0068041169281,18.5400489881638,20.5894336355155,18.5584292060159,19.1464632292788,20.5376790869292,18.4631587871177,19.3063498919426,20.3618428052582,18.9204975354265,18.4985453109305,21.3921304463941,19.1296451919085,19.9323543549804,20.5122970188403,18.2477201812845,19.551735182551,18.9998237353178,20.0535408093366,20.3144123930759,19.5966076362236,20.421725391813,20.0601511673445,19.4479920386039,19.5138928908461,19.8361218525872,17.519766258673,18.8216618658317,18.205941644614,20.3412981178525,19.9405133747636,18.2713908080881,19.2338974689581,19.9110665725501,20.1553525016158,20.4163930854466,19.264703771023,18.9511021466644,18.2711315420171,18.9559616879455,19.1386727205651,19.5699956032778,18.974935425589,19.2991509074141,19.4764543240923,19.2147096334443,18.5268014738042
0.0189483716921774,-0.0843444255092436,-2.92483182846795,-2.52543826496091,-0.830935822750223,-2.63706133339629,-1.5612794782023,-0.410258668470661,-0.474654940641566,-1.24393807642893,-1.17690391812235,-0.243389394660144,-2.98506939817776,-0.939628663555834,-3.78271255100011,-1.53467353380978,-0.314806333457068,-0.123568797622073,-2.06474398014916,-1.30088254980777,-2.33443819567406,-1.8920220103833,-1.5104237350941,-1.09639097448988,-3.61796847698257,-0.221956995435062,-0.792169108815104,-0.582166140303011,0.406735157099408,-0.534879932417269,-2.08623643187087,-1.04775567310477,-0.992112750557745,-2.08085080073333,-1.06401109350155,-2.42720756605394,-2.21784391663294,-1.74795786559603,-2.36864793605008,-0.146796672755954,-0.808922147560105,-1.93703567039319,-3.27129436734155,-2.12289455074122,-1.78148851023881,-0.467452268370144,-2.49368098652637,-1.7370907223492,-0.452753648252336,-3.06972945315898,-0.151704077228366,-1.44296054693418,-1.96849924441513,-1.06902471680192,-0.737800199081827,-0.115708716430156,-0.124250741891455,-1.45765739348862,-1.3172479063088,-2.71056173370713,-1.48145879728767,0.393212269764044,-1.29326850976659,-1.52157920213433,-2.71207859637345,-2.17907715813744,-2.53149554015893,-1.46782841558273,-0.99945982738258,-1.24798198681141,-1.19663505678121,-0.876195602936489,-0.598023765637506,-0.966901573159476,-2.10237388238085,-1.712659719988,-0.940287166555733,-1.13925065391206,-2.15828871678523,-1.25790750609914,-0.581342229547293,-1.31921594405987,-4.09780288661274,-0.744100175331655,-1.72934099407792,-2.04855582877932,-0.538789765975897,-3.25200620142239,-1.78210850598317,-2.07476213725533,-1.82147643175067,0.00881081946323015,-2.26888676736425,-1.52662662497325,-0.57285238223107,-1.92605516505748,-1.4397638570852,-1.64860664948577,-3.19471029415681,-0.975758593600367,-1.17693458851224,-1.58886545997132,0.834195010335382,-0.781367177094961,-2.66579495627321,-1.77115847557886,-2.66939122914787,-1.57051918771501,-1.94161290573206,0.253672685370876,-1.69284884117228,-1.61437663793215,-1.93142681404994,-1.13904966817223,-1.14907944133937,-1.1866745610003,-1.18665274988259,-2.42125831928034,-1.39573194889291,-3.48915990392571,0.583509412966995,-1.82002941574711,-0.566016967471971,-1.00905524362674,-2.47607578039211,-2.22325212047273,-2.52394677451961,-3.30952474036967,-1.50393404098512,-2.01666598139054,0.457782491811718,-1.75433747722079,-2.19749875482727,-2.4298970104549,-1.93792557088981,-2.65877155381609,-0.656863022827656,-0.70404602598644,-0.186260619942651,-2.20517182142318,0.566685356261966,0.649445284608257,-0.556908650086949,-0.903749352970653,-1.58938847296863,-1.05252451082436,-0.858857018406877,-2.13671915105262,-1.49527992319128,-1.82276070962146,-1.30938937551863,-2.03589733878418,-2.22830453266938,-0.954510363733873,-1.99354619667849,-0.623763152066479,-1.42038199369692,-2.96287918825563,-2.90874140388467,0.262408312262985,-0.57911489524027,-0.877796488464894,-0.273230544902881,-0.752163788940473,-0.0221028256174078,-0.695760115671213,-3.68722952164639,-0.862512676413416,-0.647233808237722,-0.835338690385304
-0.346251567162812,-4.18737991127285,-4.30990636076746,-3.03146980507674,-2.84790989946954,-0.732163662244115,-1.76403486205822,-3.73836043174009,-1.0963638673622,4.41608779171513,-2.11315175316881,-0.479520997819617,0.381225384418141,-1.36537265797293,-4.84953916833349,0.171312428589408,-0.386136095358496,-2.88142821371042,0.754660597401761,-4.3746736423668,-0.128382103350683,-0.695209837171735,-2.07856319596649,-0.933035038359432,1.29159824604092,-5.16247758017054,-3.72033068441842,1.79173385419118,-2.96705167293464,-5.32560241958501,1.20103002452466,-7.3023191079707,1.62661991158921,0.792546660929846,-7.89666655985384,-2.09376992565671,0.268719663542624,-3.3354389264562,-1.2299757674554,-3.05825382177891,-2.66221018145241,-3.59355828766661,-1.14828903464838,-2.34357723759541,0.505901358291708,-4.04733733012439,-3.60945745227153,-1.37254364911589,-3.52169298545677,-4.53760930723185,-2.74565129799026,-2.41460109522031,-4.38490065818951,-1.87407318966927,-1.09997619814498,-6.11487982767172,2.37078878470692,-2.2216611593645,-1.88016593623291,-1.82705217850751,-2.22935827763864,-3.64057429659974,-2.63137001013958,0.567153232134299,-2.18341036519645,-3.89522273532702,-3.5988864494515,3.19281599119116,-3.43584269038503,-1.69291134966714,-0.996962756556387,0.726093015346653,-2.00616486126126,-2.11554015504403,-1.75153384303676,-0.113469923225066,-1.65017387677313,-1.84613548228442,1.6012288611079,-3.51857394772445,-0.644959235484831,-5.57055549515608,-5.10897334623144,0.760558551794909,-3.31789064484701,4.44291189247077,-3.93492578605022,-0.454423638783316,-3.49253865928513,1.4672727333336,-2.98796366672142,-3.38188857672262,0.753499798155256,0.228223891007123,-2.26623580177645,-3.34069118162504,-1.77255944163259,-2.57565991741886,-3.57231390823011,-1.79333539711733,-0.929800867296699,1.36145881453443,-1.61020782300225,-8.81804249715239,-1.10632183907391,1.87537337911099,-1.98312937054371,-3.07507996204146,-1.95470513873812,-6.27030836842436,-4.34194133258736,0.934907561745756,-4.59764850439034,2.40076784743963,-4.41054205019941,-2.43918032094074,-2.8371938753841,-5.2762097933571,-7.36867317066235,-0.633485508376551,-1.84543117938841,-2.6604330921766,-2.2529985000274,1.01353214356576,-5.41159564010724,-0.84575638000317,-1.49111983228415,-2.13424806390295,-4.56397952883241,-2.10502571155952,-2.47489996481325,-3.66634926361323,2.64600577334424,-0.464734999298007,1.87534146224742,-1.67366974104725,-1.61789790096835,-1.40765407765418,-4.30872628603536,1.24743475719232,-8.00838816477221,-0.270937609024701,0.378901283504056,1.32841746039455,-0.72108756047912,-3.24127432737317,-0.963274100505038,-5.50903987928678,-3.31070104833916,-2.02185067884255,-2.32375723011535,2.15565832653647,-0.359073135253164,-3.24236629946969,-1.34656324193864,-6.15736954125602,-4.6544232426096,1.79198582072401,-2.93986953188653,-3.77938084852035,-0.848074718619449,-8.22299090935238,-5.38133916355643,1.26019387141048,-4.71695385200112,-0.0659594275405542,-2.72519333519723,-3.87543028292443,-6.48943167607226,-0.747517945938177
21.0986483193046,21.2193666678904,19.3677115036766,20.6031926252938,18.8699709828889,18.8079144586791,21.779734118854,20.8398037526677,21.0273426480583,21.5413626444414,20.6822700648919,21.8644318305997,18.8604050036768,22.1406586416558,18.3867847106297,20.7403401609177,20.4862784815713,21.5273522217635,21.0340229345429,19.5745561055574,23.2697910668298,20.5694800330521,20.5964579266894,20.8237602687452,19.3065697073733,21.0844098237662,21.2503938689485,19.959981186316,19.3999927223064,20.204821115373,19.9084436241637,20.8577849926354,21.3968525663814,21.9556104196008,21.462845456126,20.5996991238781,19.5485564541593,20.6559319820918,21.1556001622223,20.1137337975098,20.710855951795,18.6341142033265,19.9996544466572,18.4756554052365,19.5486169939876,21.6920073311089,18.7755966416343,20.9076767885209,20.8177023630088,18.5179659111386,20.6285243088087,20.9902695933972,18.2315837978776,20.4011553534797,22.9323302335203,20.9631298203849,20.3090405495532,20.7703906050101,20.415711654759,20.5878569458178,20.9400602531058,22.7011017177638,20.6502820110209,21.3187124020575,20.1528589832163,19.7696689538008,19.5455449518815,20.0420338907143,20.8414505590413,20.8981000149712,19.798232393608,21.097541986173,21.2575454008076,21.5465031990314,20.7820064376308,20.444041416553,20.544261964112,21.4448890063666,21.4811631116596,19.0623418235697,22.8169659832635,20.6934405570311,19.5837708942538,20.0485069780107,20.6119779887485,22.5400807356039,20.6866592984325,19.6935579631346,19.4567440516668,21.4894271879769,19.3471490704423,20.2188228000501,20.6372692553176,20.4381658454174,19.4175605679071,21.8969094082667,19.6558747133354,20.0929915449334,19.28424133785,19.7887808289079,19.4069408096147,21.3680714650496,21.6492864412543,21.4704058953663,19.2489019178541,21.9813667190798,18.5423767659102,21.1715169024278,21.4005192697818,19.5638390596376,19.1950516264339,21.0303865297562,20.6813988821051,19.7548721813625,20.2813850892871,21.43329572218,19.4295609836463,18.2861825906374,20.6143012875008,18.7714830147711,20.5475773192669,19.8903519364256,19.2725066757967,21.0684802451092,19.9137092511975,21.8222695797125,19.6268598363254,18.5778233825334,21.3078669670225,19.4984008880636,20.6576873446912,22.0420691544823,19.2307512290949,21.3746518152487,21.926920792095,20.0998563359132,21.5261918170256,20.5794314503856,21.1587015012814,19.6624134163872,20.9736603960613,21.8893655709038,21.8661642972369,20.0864110483316,20.6888865697178,20.5228307565981,20.213295838311,19.7418847986334,20.8789356210415,19.8835522027288,21.1215406649099,19.7188001942461,20.3866914443428,21.411414567816,19.8389347678215,19.6935201482417,19.7233055912968,19.918134317348,18.9363445409088,19.9317992964268,20.1158453357243,19.2877581794359,20.5200703905314,20.5063594376622,21.9522474766444,20.7283265719067,21.8038082044008,20.510808692348,19.1551650674365,20.5654784557648
-3.76134013248091,-4.62894902437013,-6.61431443467462,-5.43764555156256,-6.30215585204217,-6.71687312756366,-4.37996495400671,-3.4780633897642,-4.48737091667199,-4.44774289263163,-4.93133925128401,-3.15108365977265,-7.10484701931294,-2.89923852958726,-6.8687081328134,-5.70381170531546,-4.58675711369922,-5.04935592414971,-6.06394496691799,-4.67184984969842,-5.4160821737439,-5.87753587353511,-5.13084414492755,-4.98223931600024,-7.64452317053382,-3.81669910578856,-3.59646273185201,-3.91356743759638,-5.48912815889956,-4.03707207709679,-5.85494929669448,-3.69322539030796,-5.71187774004384,-4.75784561509921,-3.10894977948664,-5.97590680728355,-5.99932543365676,-4.79072330898999,-5.47782205816778,-4.16416376638516,-3.14433328639388,-6.76514574050208,-7.01583851710047,-5.69190676172709,-7.97314556016911,-1.80766466660268,-7.11781417974081,-5.19684173751819,-3.82893124907378,-6.22652620280668,-4.06524949620128,-5.47333007165369,-6.07928950097718,-4.79995025547113,-3.39514588226592,-2.20026622764777,-3.90392149695415,-5.54375743394887,-4.76792671568788,-7.03895803521199,-4.51870031266937,-2.35775993069677,-4.88548676285578,-5.79878784546405,-5.17473943055952,-4.80658248282055,-7.02944040842983,-6.02636297454539,-4.51181427859036,-3.40294321280496,-5.00186762180438,-5.06392637731481,-5.11038730816327,-3.97989519854509,-5.18764524798067,-5.7510494459733,-5.00190576102374,-4.09015451627803,-6.15646732355987,-5.18069059595157,-3.95076957378852,-4.55087119888922,-5.38636282930478,-5.67732280870248,-4.52714703302033,-5.79657081320794,-4.51219100147706,-7.23866177709108,-5.31897245736607,-5.38380505624801,-6.35276880859633,-4.20461119737477,-4.65474611435926,-5.54861615519917,-4.97312273915769,-4.18408361353163,-5.82181653639821,-5.51551436427333,-6.02611670435338,-5.7407836735072,-4.68733446786358,-6.22169133108108,-3.0079087327211,-2.76032613405506,-6.1074810642246,-4.34237863700546,-6.5670272672168,-3.72660582458519,-4.3763386827561,-3.42785948322314,-5.39544885250224,-5.26061468967295,-3.8629959061399,-6.32194823601191,-5.15284573747634,-5.20925767843997,-4.59968059402338,-6.10305776570435,-3.73447146023797,-7.51847282654461,-4.1742093966508,-5.47064139763639,-6.98453241445867,-5.47098833674738,-5.60550011954474,-5.78659688561197,-5.62842224405077,-6.39154033602165,-5.08636835178983,-5.75146651607635,-5.56858381701816,-3.96341246565212,-6.88294256593857,-5.6385452844753,-6.10763732888579,-6.9903068019058,-4.17018363520669,-5.06281768636588,-2.77057772704268,-6.09404566486916,-2.55249951808014,-3.05131181084791,-4.40520902957381,-4.9998225552396,-5.4102526129317,-5.27735368704528,-4.92660117485669,-4.60747205520636,-4.3896585415424,-4.71591348717314,-3.92252980345546,-5.84835203278999,-6.4230735153083,-4.60116940177696,-5.49258109902655,-5.22262148050608,-4.68097089440538,-6.95268229406267,-6.40777719695902,-3.08190804508028,-4.57633687716991,-4.8574966742103,-4.90411714964313,-5.76745755679286,-3.2690903002891,-4.8389616450514,-5.56290214087626,-4.16456299783811,-4.52410958655078,-3.94880444531492
-5.51840166587462,-5.33702427067036,-1.34469926526417,-2.80867075256081,-3.17824795214286,-3.26856093691616,-4.46756921686537,-2.3345828581987,-6.11591648128293,-1.23926660075674,-4.1621625183702,-0.549503602395968,0.593383305910904,0.0874915880688074,-3.96566124361186,-2.33788106914377,-2.55544631600051,-2.44021745996752,-1.88204419704817,-2.20255828917704,-1.49882183833641,-5.07538124594879,0.9526987555336,-7.2232599162337,-1.27496888907557,-5.770301292078,-3.55657553724163,-4.16926433329361,-2.08024413403253,-4.56116464859762,-0.520082251909769,-5.81258573778929,-0.858392547407365,-0.298121519144444,-7.86741502534555,-1.18342525498289,-0.336625087664802,-7.93710502129304,-2.18716125448677,-7.36694931190757,-2.03064880315311,-3.18185493167741,2.70113010519178,-5.17071320586478,-3.57483382410396,-3.8964150636397,-4.05202899829468,-0.780943094472014,-4.12663240629863,-2.30925757328395,-3.65787199793935,-0.825423774656611,-4.23289957414334,-4.20309231387342,-5.69399495792769,-2.73629308558174,-4.10393065207855,-4.59398388506114,-6.46612501673081,-3.74281424036795,-2.42969293669512,-2.08792643530943,-4.20321627802532,-5.47855135880704,-0.349808609269071,-0.085230057135445,-3.95833529980132,-3.18234169221417,-4.46120849518674,-3.0945498998789,-0.0339637208584556,-3.27089230131459,-4.39178649942976,-2.57858719272609,-4.1918764011106,-0.81140853340597,-5.13999433380717,-1.31681863241317,-2.20926322128945,-6.51847160504445,0.144485490694706,-4.34043011509433,-4.01251179097592,-3.05042920830051,-4.94988606223864,-3.05521233392081,-0.463581612038824,-3.79814989552671,-2.60780736215678,-0.681025295065901,1.65224847292989,-3.41651264933891,-2.13032521573256,-4.11064567172793,-3.82957019385488,-2.85487518040102,-1.9467602302828,-6.11391499833849,-0.963492862235403,-5.1426176810029,-0.351188496842391,-1.60873488474719,-2.18835808296153,-1.9080097150874,-2.03870726171343,-1.13827298775445,-3.03686719810318,2.22302901860399,-5.15507699626709,-4.49309002242957,-2.80409436938767,-0.461791824259915,-3.52808131681114,-2.35251868865514,-5.05809809302092,-2.30658678485765,-1.27327977936294,-3.64362694455563,-3.31880865814146,-4.76391867077033,0.691649802662347,-3.86815973486276,-3.03819591886281,0.148355758646421,-2.45973486933108,-1.85360448491324,-0.815175227311359,-2.6814588066387,-3.54186275930758,-3.93020769218455,-3.82077983058178,-2.0752683817249,-2.12332104443477,-2.35589574671707,-0.906704924301802,0.551144125032182,-2.08327763363165,-4.06037508543776,-5.43133576452354,-2.0887827788753,-2.48021467169677,-1.98160328302229,-5.57416372488894,-1.3907722322677,-5.19841775000892,-2.29711500780621,-0.491982503081772,-1.96528114305864,-3.3825276440537,-3.94720111113734,-0.76251949356148,-1.2647941817742,-2.84510784861123,-1.82950094567995,-6.72995237369801,-0.750836424835525,-4.13323210018495,-1.08351539018172,-2.48578925275189,-4.29407598323667,-5.19925275095727,-4.28755149710493,-2.40882540085299,-2.62925383431126,-1.91761094620086,-3.26050812815086,-3.54498207483853,-4.58742837175684,-9.75437854364873,-3.00872205544183
18.0342175614448,17.0924332231509,16.3895683477623,15.9666331540344,16.8905678759215,16.5622423151743,18.1868131197924,18.7152348602601,17.9934623944507,16.4280140851265,16.480569856973,17.6778623948906,16.7694338279394,17.2623038245178,15.2305404850006,17.2927919409967,17.7158439958523,18.810321393287,16.6567483257915,15.3118746722573,19.9232809180021,17.9816592810505,17.3352612095044,17.6686646546061,16.0659041657596,17.4826609262755,17.4965037720817,17.1702410613721,15.9374601860524,16.4167052879504,17.123264885025,17.2135898862492,18.0850184554882,17.6508859278501,17.9102207393252,16.487084965167,16.172278518575,17.034386239814,17.2500679544076,17.2689529535676,17.3975453847181,14.7756767562537,16.702562583008,17.3645706416932,17.5034641472796,17.6697020064133,15.53197889229,17.8814393824335,17.3993455782601,16.1275120315613,17.2998880573725,18.5050940489163,15.1851030171165,17.2573760712925,18.1710546047151,15.9077729228098,17.8340415112366,16.6326131702901,16.9800300959869,16.6907221946013,17.5696825566944,16.7012644659007,17.3253795636311,17.2954238592191,16.2789069995257,16.8492999465759,16.0115046497299,18.1948348947815,17.336971479709,17.8704133112551,16.2954714946823,18.225014471645,18.1615477848258,19.2424814421904,18.5987809995614,16.863396108422,17.5034008786677,17.0721359118582,18.9137433690601,17.335556760489,17.4778315967293,16.9516434452671,15.1147836094108,17.1761175726552,18.8114626772122,18.7818344789766,16.5300339921616,17.1982721991059,16.4122668451461,18.6249604910506,15.4806904773197,16.8140827017364,17.4349751976839,18.4719643740036,16.1503543649093,17.7707103869773,16.0857752858091,16.5413620187637,14.9303172298736,17.97164723448,17.1560448976291,17.0238480492262,18.7728553612537,16.0908917403262,15.7817528008465,18.0733033023163,15.7979600815941,17.3426187999564,15.923704920527,15.6081932665166,15.2561201700919,17.4929455225147,17.3174161494177,15.9939672535156,16.9736375527785,16.9854173014626,16.1458016277881,15.1100698032298,17.1912211288802,15.9414543864887,16.2328152763492,16.6107241071514,16.9674384080162,17.1179300136834,16.4689071696053,17.2538315092087,16.3705832855562,15.9903460011916,17.7571623861762,16.6260617163931,17.6866336656336,16.9664929413794,16.0141289004126,17.75077630707,17.0693223570705,16.1367082164939,18.2890626201608,17.2865376166373,16.9809571870792,17.2681906529878,17.6711284991011,18.3658479846011,19.4966095217992,16.3982346452611,17.4943112276858,16.987403975649,16.5907521008057,15.6430312666154,17.4028854274957,17.3685507585888,18.3149205828371,16.6408114175898,17.728851024464,18.0494506562981,17.3342083229116,17.5800728957537,16.7473067238146,16.403715956072,16.2036257064262,16.5315303167746,17.1019064700164,15.462173611859,16.2459562074263,17.6045327779329,18.7119121908641,17.8164467657638,16.1597453438896,17.0516064756556,17.3940194838942,16.8993862037386
-3.05004099650193,-4.83536677341092,-8.14696624420714,-6.24706745240785,-6.73199555625679,-6.48463161198377,-5.07514069319939,-6.24368451212859,-4.92554607273252,-6.00740295936292,-6.94541634044404,-6.44800422567578,-9.63316585973377,-4.7510382611484,-8.07415345711839,-6.75259798715685,-6.58898187704448,-5.89896145178619,-6.78497462107708,-6.30129710246529,-7.9173148468118,-3.74099458449654,-6.22063560264281,-4.11166703991593,-7.3234457716292,-5.1170974572124,-5.12760027861622,-5.63870480416426,-6.80704902799036,-5.37374885075737,-7.47358088492014,-4.14281562151918,-6.78135774692008,-7.80356944750324,-4.48786493928741,-7.14640636791126,-8.30417309935278,-5.54847241299078,-6.26107980856364,-4.11287108203584,-5.83516387874323,-6.40780291023514,-10.0441001035516,-5.13323137950447,-5.75268514354687,-4.44148613432285,-7.52010212968781,-6.9633248955862,-4.95572452058271,-6.40757360555998,-5.32970532077953,-7.2501072395701,-5.84653054594251,-6.01947340830195,-5.62685723948921,-6.4635948119229,-5.6316963049018,-6.03309855599136,-4.90125444344628,-6.82769750309688,-6.36439509580282,-5.72953047385704,-5.2970411526336,-5.4803143091389,-8.57272895973664,-7.20295469266667,-6.55011856902235,-5.63048796591908,-5.51398815758281,-5.33394059144725,-7.36710714992472,-6.47865486391809,-5.45564396580759,-5.56881783309916,-5.65103331563502,-6.49992812222799,-4.45748840559503,-6.67105005723517,-5.93373304130963,-3.6996002598417,-7.36776544890104,-5.34356642238325,-7.79322987329332,-6.74757669805538,-5.75495639557326,-5.06211103064785,-6.2159764263884,-6.92796559087157,-7.38637899157397,-5.97102812989784,-7.22602381832647,-5.74089958094688,-5.48689794973068,-7.07105338912097,-4.89784422675757,-6.763827503716,-6.02438485933006,-5.04929620765239,-7.55055655716015,-6.29216845064655,-6.25546422113979,-6.22604765823757,-5.19857632059208,-5.86486272585727,-6.92510043041638,-7.18685038997391,-6.71247848146205,-7.23576738896508,-5.87099455335121,-4.62616593672353,-6.45895027979915,-6.84427297246494,-6.95145971503942,-6.19752133907791,-5.64761974845126,-6.18515969440544,-6.59031338457809,-6.7545528217405,-5.59269026352212,-4.87718595944336,-8.30206400191478,-5.85746787880248,-4.6288285640683,-6.27073204633572,-8.07505050894729,-6.43568024594035,-7.43593480703915,-6.211663157464,-6.04327710017329,-6.47782100752038,-5.41473495165009,-8.17939595790035,-6.45570659221589,-5.96078244713081,-6.6801426762814,-7.69394938538517,-5.90979709175211,-5.41511822288126,-4.26172658909194,-6.90583729600171,-5.03315922172787,-4.94145307055675,-5.19702858229452,-6.26361311863273,-6.0280581811887,-7.55877518950901,-5.77604590176606,-8.31385259545636,-5.95154459342899,-6.39689313076336,-6.75299855451753,-5.42590351030994,-6.2982419323837,-6.39432608926253,-5.28297319381018,-6.15120832786698,-6.06623999744496,-7.42592223680593,-5.46188832311493,-4.25365815182452,-5.07425294679215,-5.66194827414846,-6.95917194434172,-8.2229299353404,-5.96799390156735,-5.64287610523458,-8.63456194182515,-5.79501475360845,-4.64390423771109,-4.99531748959816
-1.61129506353535,-1.4028310706093,0.981858966081622,-0.271866696567733,-0.444316128163514,1.06823076814737,-1.20032232323178,-1.09261730153905,-1.23791753573078,0.119825725706596,-0.728073755795987,-0.0839083378479576,-1.5215346516786,-0.792497226699412,-1.06415782205371,-0.0413564734288651,1.49740625599599,-0.776980502623239,0.527784311943091,-0.80312735304023,1.98414985953679,-0.692726659709435,0.377905969164415,-0.837749653347277,0.951953104594334,-2.09701599269595,-0.373147732437694,1.9637715277358,-0.0852791682077603,-0.470082591837067,1.50581645135324,-0.0117623349213019,-0.126699541365361,1.89560591011777,-2.63623133132588,0.614744299531845,0.819546354337936,-2.26318530993332,1.99020070328756,-0.134650106258679,-0.0579618779757615,0.55593140828156,0.118957374137641,1.43964908125809,-0.950056386750273,0.918871669058608,0.151880141748725,0.316774629286233,-1.00283413786579,0.0126515543691094,-0.653325000813671,0.182185216563373,1.54218513706035,-1.64592809785817,-0.805329845340985,-1.48585875783872,-2.12718479305753,-1.30471822605382,-0.987039142089452,-0.502074510935552,0.548491818573693,0.357440723556718,0.0150125574396991,-0.458091045661148,-0.310996238831764,-2.33818488104327,-0.563004226969769,-2.16421538529217,-1.3508025846669,-1.10738283313923,1.69442829949519,-1.34377630858076,-1.65171006835459,-0.382435506432468,-0.371441381492782,0.621229292416639,-1.55517514437377,0.701711651247196,2.21759504903267,0.341911936721009,0.281296480624753,-1.30151050335042,-2.27007442042878,0.141147895861504,-2.04283861223389,-0.582361355237418,0.384516881287612,0.446857460231589,2.55479462972911,0.733971432708603,1.21891686266986,-0.361487698749806,0.870239229868505,-0.818228028398598,-0.647996401147695,-1.25932737459502,1.22596779377188,-1.60239260476017,2.20482995378447,-1.59766021630705,1.57060291135474,-1.98117818397468,-0.605727657178911,-0.708576875146033,-1.11180192099936,-0.455590887495188,0.334451856582479,-0.75491375107364,-3.54705121982588,-2.24962636118359,-1.61679526989241,1.43066487227508,0.632916368334151,0.300551099493568,-1.33900829454204,-0.785384732379157,-1.32684472531623,-2.80636262476145,0.0482963285326146,-1.01197844728091,1.30182003481391,-1.39796888676704,-0.860980698086552,1.39721714704027,-2.12599797830367,-1.18720211831839,0.605667911571757,-0.0636692085649835,-1.29277932008335,0.245948510334273,0.0241481218259249,-2.0845731569074,1.59802740989921,-0.0517739261438347,2.27121505153025,0.016697085972977,0.43045844733127,-1.10501743996258,-1.2112678739513,2.33513196618571,0.0596514482750378,0.782795954759208,-2.04121185784913,1.94463493178806,-1.15100262578725,-0.456345369279297,0.369069352482539,0.368667343356803,0.168004179082923,-0.522282834606476,4.26539713237874,0.926819142220691,0.298741782694031,-0.0149421213012201,0.0729362950905862,-0.0800559244824018,-0.896993093973819,3.57263792581523,-0.0656254886655362,-2.51876021103567,-2.65759215936116,-0.0245261440080729,0.946885559963748,1.05391953801561,-0.643425747261512,1.84873214077573,2.29033682376806,-1.4350286586638,-1.6678039204912,-1.83494873920542
13.7191264577983,13.8706902437658,15.2215284711522,15.5688168202187,15.3829087420713,14.4045837721372,15.5195051640866,14.968972609172,15.2742424626798,14.0281250981681,15.1139278323053,15.6764133932198,14.4246261198579,14.1214700048743,14.6897055708623,15.985304181454,14.9711068002575,15.7268115491838,15.0012391671049,14.6547990319906,16.6160580494265,15.0102652334375,15.3006625652373,15.5799620257771,14.7222979571152,15.9190413389416,14.6256023064053,15.3086793714527,14.8428901282584,15.5956954529183,14.2777792698239,15.2310978555914,15.6127101426667,16.4642772847765,15.9473366472596,15.1741531233877,14.6592663685137,15.1704977083355,14.4895299842631,16.4204379655252,15.1696737218447,14.4303756034887,15.6601757766274,14.4407245071846,14.7106162713342,15.2939376595201,15.014146130133,14.4515455797999,14.8595908377304,15.286280567225,15.2301904977862,14.6485689339274,14.9695350256429,15.1208051841799,16.4298648581684,15.6753073679453,14.6788974313865,15.4241802410536,15.2689712374242,15.7360278426591,14.3199369228429,14.6644261436155,14.9602139490703,14.5572935400887,14.921344909001,13.1973702046867,14.8462405866963,13.2212530130825,15.5292904971288,14.1641180677143,14.7025651582472,14.869578563136,14.7299357155689,15.4057464917356,14.7610408761412,14.7045809434124,14.2545017927794,14.7434816612338,15.4793662189046,15.1612056886427,15.1953556003718,15.429126028389,14.7840578608038,15.2490483033832,15.550316820608,15.0720076245404,16.698370579071,15.223318996794,16.0573095177875,15.3966720298059,15.1823804568039,15.0198462492039,14.9966780635652,14.5278095088891,14.802258684992,15.7188693210416,15.4114020457087,14.9271183602085,14.6708875953902,14.8329181792995,14.7572671317495,15.0818503091107,15.8786441682193,14.6099744561257,14.7461746740192,15.1974123898448,15.1894321517771,15.1852968481541,15.8248431282052,15.0830160523347,14.559776559595,15.3768700637767,15.7556603646022,14.3420608358658,15.4585493081769,14.1335542681799,14.6060433622976,14.0713489849607,15.9340946878486,14.4037085977176,16.5752692986347,13.7535491519375,15.0791916969866,15.3478700538084,14.1923842625209,14.7429925587212,13.5788556708496,14.6716150450906,15.8459309742608,14.5222000917065,16.25154810392,14.8381276299754,14.3602428337626,14.6875862821421,14.9575692041336,14.761358867713,15.9452701466451,14.823758776222,15.43112857818,15.1781190833514,15.4525392204428,15.7319741674127,15.2395343589574,15.1511618887193,15.1735346435135,15.265210978641,14.9288889710118,14.2939169141356,15.6110392995666,13.966421303858,14.7112721492349,14.686632749358,15.2200109458836,15.5253707162993,14.359844794322,15.1224771090017,15.3342784576205,14.6346680905521,14.153874656487,15.2756221532691,14.5005785536067,15.4527975866959,15.6290240610976,15.1553341943492,15.5300047274798,15.4041665686399,15.1470290853047,15.3924604918128,14.6735874491346,13.5404158337126
-3.40366845791309,-3.3923154947579,-3.80754764633559,-3.65158611471179,-3.59799751767699,-4.5512157804143,-3.1509925190817,-4.45142693404483,-4.88435498778811,-4.43323906252857,-4.21126771161928,-2.71050873443963,-3.09762591348591,-3.42456401136569,-4.40927288545161,-4.26116407504824,-4.05949730445985,-3.89416347117946,-4.19520481482522,-4.31541609533105,-5.19207320354397,-4.55387583285046,-3.65637317543682,-3.06475312690791,-4.24682302673705,-3.82056276844752,-3.92830008952376,-3.67979521916228,-3.9496546754001,-3.84303721712452,-4.53132654897281,-3.23047843990772,-3.62085892579804,-4.44658144161062,-4.82310214151573,-4.21120499686698,-4.2691569689815,-4.0656734228346,-3.74451020044961,-3.94363325369533,-4.21457050603883,-3.47755989285861,-5.3669313195357,-5.17620072524927,-3.89790871146546,-4.25150840968938,-4.77465671253053,-3.56012830852667,-4.77095433495973,-4.34633263476654,-3.86541753796761,-4.19133014907616,-4.79677869146268,-4.2113458848311,-4.62235544290243,-3.19714523597282,-3.23481670253253,-3.88163178306439,-3.61223560930039,-4.46816043768659,-4.53996062427226,-3.266817281447,-4.47290725286605,-5.17331618479312,-3.94888954902982,-4.48021607539756,-4.71790194713958,-5.71416567641144,-3.75330335076762,-3.9516776472814,-4.12996438370605,-4.70327124269038,-4.00991405378963,-4.19101468625644,-4.55987365398799,-3.96008240915567,-2.94018024378227,-4.64193583797921,-4.94751725252001,-5.32439422229873,-3.50622429698188,-3.77163670407587,-3.34523509819326,-3.73121262140388,-4.35073056135099,-4.04460251234186,-3.26404503585814,-3.83476151092137,-4.15293590488346,-4.54219517781589,-4.25958487470767,-5.05304168141978,-4.35128411947634,-5.29943989980666,-4.02208261746538,-4.3781581869922,-3.32329787471657,-3.81671528755983,-4.77781622756144,-4.22600397493005,-4.04905459869649,-3.19913018567711,-4.26294444881726,-3.23865922423243,-4.8635258544332,-3.39743316514666,-4.26187267225646,-3.31342098027392,-2.92720268547329,-2.66260880065962,-3.6713661592342,-4.8271863068567,-3.12397881771578,-3.83123302346494,-5.43099346142248,-4.35762185892517,-2.68070749675513,-3.30716059111705,-5.06578942750331,-4.85034746675729,-4.29914402905941,-3.47485242541439,-3.21839526935424,-3.2681481943837,-4.22361349766873,-4.14592872325486,-3.34697575857551,-4.74964272751505,-4.78991226732608,-4.42081797617564,-3.49517610765511,-4.6881582574662,-5.43376544417373,-4.3154203633984,-4.85620366688169,-4.42539351492762,-4.03925101831,-4.07365120376405,-4.09183237555835,-4.8568542478934,-3.58338005329653,-3.5655076410273,-3.10629175921493,-6.24530077007815,-3.92329365203935,-4.57371745839466,-3.21388032971024,-4.21634514021049,-4.55254990374152,-3.11706124762671,-4.7886294943047,-3.50516604430224,-4.78466620378676,-3.93622584165439,-4.28787671445807,-3.92405964396535,-4.69469210782656,-4.9300664570044,-3.69262389301763,-2.14094285904677,-3.22280446679671,-3.47224501799412,-4.63241977960556,-4.07075331112498,-2.36089540883272,-2.40602147532406,-4.93967840759186,-4.25958628462715,-5.84759690202294,-2.71368846796498
-1.34843209899659,-0.20409701765976,-0.781131427522538,-0.661155926258321,-0.0210094617683299,0.613446121286072,-2.82310420031142,-1.70993874998659,0.422649308218219,-0.486807717092419,-0.351032769775437,-0.133537135735192,-1.00876335593632,-1.01563548404114,-1.38053782605651,-0.164443964815046,0.21792750266269,-1.58533078601111,1.28043168335466,-0.326448399617403,1.83215143021652,0.136032643386822,0.545251415749317,-1.43231659978594,0.745490673711552,-1.11589869187315,0.989082019919017,0.723003983684779,-0.723150022228509,0.380665263669759,0.297293754160922,0.49177080159086,-0.64216664168696,-0.420294703811755,-0.874599968685902,-0.154612282832506,0.800869349090429,-0.415549852136139,0.0903223096828159,-0.461363630144497,0.611548562184217,-0.0817123719132349,-0.65145229137833,0.42191053309282,-2.51346329712609,0.63005686014967,-0.355824371750259,-0.800338711182616,0.865596397631003,-0.436936082277485,-0.418591607350542,-0.2069851122041,-0.085495169469405,-0.41016995596064,0.0473701504956659,0.252582178025074,-1.55711264846246,-1.56794439534201,-0.176896130630611,0.582606639837703,0.22841794343827,-1.08161114104082,-0.429178343944419,0.0958131630448988,-0.351005753874727,0.127493527419586,-0.368656705656122,1.05905395206782,-0.890358358732769,-0.281316863810832,-0.969758017847861,-0.239585841844412,-0.0257035842434562,0.142357375840232,-0.227693111997084,-0.912200786341438,0.981846056294864,-0.0190819718477811,0.69943427437332,0.887397980662267,0.601987739702779,-1.50757970064753,0.0445619673385093,0.339446108132857,-0.775610542285229,-0.423949660990328,-1.66278466902204,-0.54996862239574,1.29027099784379,0.203767123770494,3.25772145716277,-0.88586511428018,0.327545564906875,0.305702532148655,-1.0154740958324,0.350904419924943,0.110914604702459,-0.0368805048164858,0.698119427584197,-0.317082519137346,0.424648731586437,-0.692172740057706,0.589836938705465,-0.465198276389535,0.224116158872392,-0.348707252807925,-0.761838375073615,-0.69872628312153,-1.53027358180989,0.765466399770358,-1.08863461449608,0.17747245859282,-0.617339246050689,-0.0114025293763073,0.630967618114692,-1.11371726625211,-0.822044796265479,-1.7049039120182,0.887352085963155,-0.0539698010264683,-0.70711290298938,-0.41009084277641,1.14023421667627,1.07523464651932,-0.460162756013581,-0.0634946909159137,-0.711892697014636,-0.594626790641847,0.238994332110482,0.563660684240298,-0.868993404531659,-0.995726640076954,0.28766132418998,-0.396654937412268,0.226132218674801,0.466942580536432,1.03228716635967,-1.4384900840546,-0.990192743698349,0.94285482839179,0.105581628882834,-0.681028004132963,-0.727271395136261,-0.233424829629646,-0.556439499719438,-0.452203151238058,0.700241872067253,-1.52576499929739,0.291476862420423,-1.86995843542446,0.978628823259995,-1.16219464734198,1.37049943797201,-0.150879394262095,-0.325523508030523,0.0332562017570468,0.224288439802695,1.22096076324412,-0.493113267682781,-0.241998861476694,-1.44217736778724,0.099274841657472,1.52196084119392,2.23414874462119,0.235653818055967,-0.700186830135589,1.24708681386918,-0.901056232608416,-0.495396900445217,-1.41368921334396
13.0729522684518,13.3451305269066,13.6188918842312,13.6331015530501,13.2191296712662,13.1551752242493,13.462240982191,13.1153135459883,13.5409998832668,13.4346597317479,13.568528340743,13.6398390495889,13.297721015524,12.7126775532512,12.8816171763551,13.2534967633778,13.0406589163361,13.3051969531944,13.6277016237443,12.9891687889241,13.3459017270656,13.0578378020208,13.1569441245072,13.2030002351957,12.8584276737691,13.9242641607495,13.0460392882935,13.3106217313517,13.020986493839,13.3727988883499,12.9888159256304,13.9868122908874,13.4284158040381,13.0383958213859,13.5181358159415,13.1808359875285,13.0343078317848,13.3253481921367,13.150465063822,13.3152242853019,13.5253190252033,13.755569004929,13.2494244050032,13.0573167420101,13.2869605176111,13.4510984216891,13.4656143154283,12.7248824420995,13.0495411276338,13.1417457964598,12.9529454438758,12.8807603792721,13.837639369757,13.6793885413216,14.3043510970449,13.242094616764,13.2411217091503,13.1039768074036,13.8564706099536,13.5605338136675,13.2360395162153,13.6306192690926,13.6474543776699,13.9208017176935,13.2722075658217,12.5247279451497,13.1490628846492,12.8061315328807,13.5531535500538,13.2088930545394,12.5953604974473,13.3676146677199,14.8914186177116,13.5115194870803,13.5571253315452,13.2036574626322,13.9045607335601,12.7315230885707,14.0882493481954,13.3139206041908,13.5946440065922,12.9982303483432,13.5312923507029,13.5649141787786,14.2085406589746,13.1558797205276,12.7356073700218,13.6180048675787,13.5069442112205,12.8469419880258,13.4869529316969,13.005682711989,13.2454847378928,13.3947583360085,12.2164042977951,13.6020267345615,12.6586736247688,12.8963841883554,12.9719371469354,12.909510921182,13.0901902147806,13.7750325647773,13.5766712791918,13.1411498951289,13.3569053490213,12.9123619490692,13.0620049776617,12.7833128867576,13.582088190478,13.4965004613311,13.0969327046003,13.4246886416768,12.7396724600644,12.8287294662835,13.7731202207742,13.5268305545548,13.046395750743,13.057109620197,12.7006496909859,13.3091893321127,14.2120311166107,13.678123043043,13.7771867688393,13.6968604459944,13.3356613082283,13.5894954579866,12.7091919200168,13.927495870046,13.8193936496866,13.1991678494227,13.6207566916668,13.6808339409571,13.3464911033713,13.3969207582259,13.2159428250965,13.6345326377323,13.7782108460759,13.0823669324799,13.3911871840939,12.8573903154785,12.9248507628398,12.9100505836355,13.2471201238374,13.6776206616739,13.3560120161265,13.0969240715021,13.4280489629358,12.9447458169141,13.710197309204,12.4925584397665,13.0604977886198,13.2800588847638,14.9323618300769,13.8001475507413,13.0863376790802,12.895368730948,13.63345387169,12.8082413116165,13.6142906434986,12.9622215062269,12.2145416477385,12.9200274034462,13.6561106477074,13.2767716733279,13.1788885753093,13.0580569140183,13.499436474012,13.2897458964233,14.2918041685212,12.7420399552806
0.965102052630673,-0.801173425040219,-0.124313002315397,-0.221084850056274,-0.802679196935602,-0.99478249562393,0.109472967279625,-0.0298220020034818,-0.847343575095114,-0.40507807173172,-0.435262975376703,-0.243467007717528,-1.10652571599435,-0.437468411333878,-0.500888658160464,-0.561716460133299,-0.255214407059087,-0.350269741985712,-1.32155068962406,-0.481318348961804,-2.27784626363821,-0.414267357485222,-0.852176026554653,-0.0608990149126908,-0.838598304224483,-0.839624779495738,-0.829789133932025,-0.533881103693665,-0.773982345739259,-0.67944775915243,-0.713805101078199,-0.656629053446328,-0.498352414464393,-1.90088999740946,-0.929488876489726,-1.66263631120234,-1.36981646361404,-0.748740101325274,-0.844339948737682,-0.764193646701192,-1.0715076881929,-0.336305620888596,-1.79875155665687,-1.14225439023414,0.0219350229851157,-0.442768061834804,-1.83640431410686,-1.03626258550144,-1.16585295273922,-0.200710623203736,-0.640648526922632,-1.8290043096506,-1.06301691575645,-0.713381910444078,-1.26828976436768,-0.857054744542292,-0.0846917601173358,-0.647033278591254,0.00461606514220048,-1.47569251027069,-0.475149388986843,-0.363629286056996,-0.285410858817272,-1.5676273282908,-0.554961330416116,-0.532807937117846,-0.696825004919944,-1.15863482066837,-0.690150695307708,-0.000451414383993876,-1.32417062829316,-1.18848000627992,-1.28291550104545,-0.961271093498891,-1.29399762425345,-0.495915836027847,-0.0119522485793957,-0.910913095818266,-1.68881188513916,-1.05578196506059,-0.344613219673411,-0.110880535848101,-0.197721581064343,-1.20964172703695,-0.488569907965878,-0.681823677738202,-0.711225271613141,-0.601515833602843,-1.02535560377887,-1.11550606119124,-0.573389185695119,-0.282213836593651,-0.424597158176296,-1.05689962618365,-0.27789878908312,-1.21939293277564,-0.575300041314978,-0.556144688731141,-1.29267281978194,0.18196877001663,-0.209669575422568,0.245798931085984,-1.0779824826333,-0.711117131045858,-0.671233127706191,-1.17791059700355,-0.968702079598395,-0.471200040156582,0.104798460950342,-0.000587516193766846,-0.565499577048721,-1.29614064553459,-1.49206019841872,-0.621534569413515,-1.11829299990217,-0.563529884993921,0.327416943577079,0.00977687319322196,-1.14785420582887,-0.59667074219509,-0.0821686177517614,-0.144950603792706,-0.272210949455066,-0.614245962339077,-0.848766444020151,-0.783752952999991,-0.117513124800345,0.736930372385267,-0.734750355409814,-1.16987685822543,0.00361556292054221,-0.695158191934756,-0.603411597917582,-0.902398607608689,-0.933689618540913,-0.678991115446266,-1.1866569982413,-0.455381404357725,-0.996663794047653,-0.873496035796537,0.0721345370572957,-0.611598656430955,-0.923126296015376,-2.17971319141724,-1.08094957463388,-2.10533254230232,0.0971477547286381,-0.666874763761784,-1.1407185217558,0.668074821269144,-0.896885756740373,-0.113013646593509,-0.748687388366424,-1.30489214713759,-0.709893613071814,-0.00894493339964253,-1.31671714177326,-1.32491383639659,0.437506959943065,0.0929190752360556,-0.162278777575735,-0.68124941856114,-0.805295532869656,-1.91383328414655,-0.553702658779462,0.0458508464455942,-0.790362904968812,-0.819539524883542,-0.00391309104050763,0.0656942984042286
4.11932512935806,3.27962657025712,1.94436868629987,3.13053608257432,1.88985275828914,2.60490029921195,0.998542022444448,2.90797349763956,1.95794586777657,2.53523440712183,1.90665747894557,0.666164171471978,2.40636102979497,1.58311733360768,2.38433067708462,1.0353950760916,3.8014698631023,1.04318168063461,2.07064638982382,1.84427779013196,1.23632080028014,2.42463259173403,1.71512707071001,1.69128528672358,3.61717418636799,1.13936506971728,3.80642705014616,1.94285225866273,0.934566505884476,1.64817995724308,1.1666736053122,2.88420364958335,2.61729638824924,0.741134083710788,0.804806048737023,2.85238690072861,2.65549681414269,1.32667679893032,2.27874147545918,2.02688065431137,2.94111577106789,1.90424732492856,1.27142247377955,2.51557036682026,0.913653830155103,2.82902501623948,2.03144172093434,1.72762994508615,3.39006984275153,1.18677224189414,2.33093305654828,1.51319208337739,2.59430280509195,1.16817370390875,2.21066680682997,2.41510764687652,1.31423584047949,1.82858956676234,2.85695728376072,1.67755017460746,2.20798511225719,1.34181043482068,3.19542695288924,3.23375026548127,2.98256993167258,2.13319284524581,1.03865662917954,1.91273974610914,2.25720351950776,2.20266073777465,1.55960424859954,1.83737999522682,3.79388781239009,2.03422856848952,1.51936315413968,3.03567957522658,1.93269902020829,2.85591747689705,3.46896670643358,2.49241522645916,1.41554975458691,1.94523555603799,2.70610228001265,2.31728940106858,1.43790601473136,2.58200855906004,0.789457220515399,2.59488803037038,2.41580365926583,2.48453467212179,3.74352435441155,0.685644361067094,4.16130612675877,2.29666684355145,2.43817717626757,1.64741189791283,2.00804027381388,1.22941257908526,1.5123713596706,0.81398493960701,3.59884729229441,-0.615231700092382,2.80330510650909,1.50329768566831,1.7955968406982,2.41278698143082,2.20172796667405,1.99554057827326,1.46623244431348,1.66650570338861,2.49039191289067,1.49119367245092,2.68197588043525,2.28934969986787,0.283962814094504,3.4690850079885,1.88034452900656,0.780313683894084,3.56771854558198,3.12856740539385,1.12514550143585,2.32366510157417,2.85426039797978,2.13080737416281,1.52815751671059,2.18744695209385,2.96060610497763,2.49323049248304,2.81954665800898,2.3982774558093,0.722692997449815,2.63589323422199,4.01077606347511,2.18049517212454,2.20089943109419,3.62035576488099,3.0835503832052,1.58390779628319,2.76604831859897,2.3408860039024,0.984150665286132,2.73626610582052,1.66942880972069,1.73195811731805,1.83410496855572,1.82216585526596,1.87551569385182,0.879243147924363,2.59476960040003,1.91062946837019,2.98323300341197,1.006758481757,1.91172447618712,0.146534535396271,2.88566923399525,2.11872471393175,3.84465991335989,1.80054143125536,2.7840619769053,2.64822731675975,1.43183657184239,2.04866277566589,1.52645325402973,1.68555496595019,0.761195390515961,0.915969116618211,2.41233445444711,1.28175551088009,0.356250411593169,2.87268063436757
14.650763462498,15.1572339788367,15.1463312560989,15.3366939442862,14.8342289027856,14.7912950746548,15.2971204153158,15.2614013536037,14.7538791048095,14.1522991678881,15.5824599219867,14.8308300474078,13.8435909294813,15.7278738897492,15.4575095512553,14.9390721544305,14.208631969834,15.7968568760249,14.6478188032144,14.5330038469271,14.9730864787112,15.4041988583018,14.6912600695235,15.2760936343893,14.9811395461644,15.2203333607138,14.9755524170319,14.4300430691769,14.1157440631587,15.6496395656406,14.466066020207,15.7768499239727,15.1327572173197,15.3338918763016,14.6782280188344,14.6912042870499,14.9792227213079,15.527447990986,15.5059255073685,14.395859390133,14.758162440543,15.4206556196435,14.5344920399486,14.6911137213787,15.0504674801895,14.9559732554408,14.8024007448818,14.6462053096507,14.8690621433164,15.6600356214169,14.2941088156816,14.5550469024108,15.2062190445568,14.3045183324389,15.8858066459155,15.1040457600528,14.0075987370727,15.1651888246294,16.6631001334592,15.7574389344632,14.5515957190492,16.2283935599738,15.7334121851758,14.8262820664508,15.0167779427909,14.255331524216,14.360596124963,13.4745576215665,15.1931022130837,14.9976894333845,14.3333968954339,13.1670410107453,14.8086390469082,15.0086771068235,14.0940509858566,16.2262494012932,14.2870424409399,15.3167068616484,15.0493176501273,15.350483777295,14.9518840538641,16.4193125375486,15.7770843124295,14.3346733805579,15.0053703251848,14.0877987862961,15.3309413074672,14.5057659438304,15.6033486483376,13.9953014091755,15.5905039867522,15.2323591708251,15.5776485678244,14.0984178221061,15.1261452686965,15.3900375392834,15.6642785603607,14.4071345066082,14.5844770704677,14.6416987215906,15.1682560629414,14.4984250097136,14.2463588933322,15.0981516056464,14.7640954345324,13.9424663183749,14.9487681148533,14.6200252594154,15.3490170533364,15.5923514325448,15.311590290677,15.8137915252805,14.5751314909813,15.4063943174977,16.2827851570396,15.6208360507575,15.3900062314568,15.0371154428234,14.3083381984244,15.1334669466808,14.8491091763773,14.860721015938,16.92525952444,14.5048934122205,15.2271756569236,15.9710955810559,15.5727267079389,14.0212705639828,14.7201348346251,14.5158912210984,16.2081993547327,14.7063702806648,15.9187789979313,14.4805827575017,15.2101616245802,14.9420837507823,15.3144744200992,14.2849183773473,14.3408376697856,14.6309776644529,14.9120171834555,14.7441347836607,15.1781326553166,14.9682894577538,14.7462021759842,16.6637585367491,14.3112107074295,15.0893720230251,15.0233053495781,13.7761850150148,14.9395033265585,14.5940200790324,15.0154183913427,14.8727490578738,12.7687143840953,16.0864567352804,15.5603680820537,13.1100496433184,15.9417685580359,14.550583912163,15.0200731021192,15.3916494949672,14.9656402315698,14.4762740057744,14.8835430582691,14.7835136718938,14.3875103437594,15.0040938611448,15.375887466713,14.9754691087052
0.996068793028789,1.77871464773661,2.36144527492062,1.53630884404997,1.84205752883186,1.03163531888718,1.92622666813339,0.85818568327089,1.62766360528734,1.77833097303622,1.92636875197241,2.96504453022179,0.828912868586694,2.32900386539486,1.58667731292419,2.52720053974636,1.72053828488115,2.33814764385236,1.89125299415474,1.78151555636069,1.62971288727348,1.20472529285359,2.79594217776289,2.35930083200639,1.35178458300209,1.79885429426095,1.60687868232047,2.54716531828923,2.36911369496294,2.09964283684725,1.95423936948387,1.83236020498505,2.25057796955211,2.63682659827183,0.801014581798755,1.54750641919266,3.38344122730423,1.53403173956804,2.43140575034031,2.24288274906583,2.24908301467119,2.07109567933883,0.827175644892599,1.3573510038586,2.28129725188732,2.54251726578598,2.04386958287637,2.81731111817174,1.65674125349812,1.91030781633589,1.66972147377725,1.49665550629303,1.68140517050279,1.58155142718133,2.04450314417624,2.15910867178364,2.17903523829432,1.09463098682409,2.10197959075785,2.51114124307479,1.34879578379919,2.34249152972047,1.47580835407315,0.423628497172321,1.12415691240503,1.8884089929569,2.27779511111064,2.60858701950185,1.38258594810214,1.93528236938504,1.40215344238679,1.98474275365783,1.22728617717417,1.38565195793099,1.43371031098055,2.50032204672149,2.43239174953848,1.58387709101293,1.11374752392214,2.10677161248415,2.51382693958609,2.86216657878694,2.17610872848386,1.51547254453484,1.42110109612261,2.28251345234109,2.63672318554419,1.37559197429157,2.32307774250813,1.91941486405964,2.55153970292713,2.46590555586077,2.05411994112951,0.470687191395134,1.92372365384318,2.16364054535737,2.84605577907001,1.21605916993516,1.20119090412278,2.08892630730464,2.14311241954058,2.18265469880087,1.26052069346959,2.32513409785106,1.80402459786468,1.55791042233612,1.80317609380236,1.5312085022951,2.13209708483478,2.5580757535732,1.55329827174484,2.15026382193086,0.687676712228092,2.24468466231462,2.13793127704798,1.24877830644557,2.24455395856703,2.49510557272466,1.40199201675361,1.25089696305918,1.95985596760892,2.66681425293275,3.0089517137933,2.89597191215796,2.33315118197031,2.22161695972888,1.8748811112451,2.05280452902305,0.898514654692864,1.93162698339686,2.86609002855789,0.484341265742399,2.03293273497948,1.85506970269109,1.54811690951099,1.38055483965841,1.72864194620542,1.70561302865526,2.10848391875848,1.61391201769659,3.45858044101359,2.4427666967471,2.24113660594831,2.71793648773601,1.42934054974118,2.72077387948219,2.84571640598524,1.94648236185797,1.26278828315164,2.50573864904583,1.99332518598573,2.4893124112095,1.38564655850878,2.95477870375707,0.422624361165946,1.71347823579859,1.10607951347725,1.17925343039799,1.85131530034698,1.72419866452353,2.35707740702267,2.51111691066588,1.3344213235574,2.26539962612798,1.87886398687642,2.99152208680183,2.33028539317958,1.6179687311562,2.46538502042185,1.92013235242552
4.57143163517596,3.39573029836622,3.15881805349433,5.6724199897908,2.40982062625645,1.95008117814358,1.40500353199515,2.16975878491224,4.07305859970557,3.19664924769826,3.53382425387945,1.25888232350177,3.57065347230537,2.87283371544173,1.37298066787177,1.90871233119507,2.88565562974465,2.72813770694012,2.52178701409518,4.34976246025227,3.15175123474123,3.61698166468301,1.6157016425231,3.61867405567382,3.90169158541206,3.41426779027799,3.45052820384295,2.57499350338956,2.32850509083308,4.44589853199871,1.28141713363906,3.82341460852613,2.59715525455079,1.29462110113453,1.43548624944062,3.24110348224909,2.89862581028907,2.74624461010541,2.43594806583393,3.61583178963999,3.79095580072715,3.66482625679282,4.12232334028451,3.83934594055465,2.72620302958078,2.76124540346506,2.58736289729669,2.12648763840735,2.95807035968642,2.31440824043324,3.07160273040233,2.15682726359002,4.11406668262085,2.89985740955818,3.68281002418197,3.58433339706772,3.98982819033168,4.86011811616881,3.97278739719472,3.43135646874954,2.64503610383259,2.77742568073712,4.28151662418632,3.02857295873409,2.37924252950707,3.84761593165863,2.80077461237679,2.58993909562977,3.27705913796435,3.77138754285711,1.74169260571593,2.54118654824116,4.32239121258326,3.25276369479455,3.30778513124821,2.45507588798758,3.85218031619656,2.63434126060746,3.00698169644133,3.62494147791649,2.37666340792806,2.56581377530775,3.96380443285593,3.02339655130713,3.21225463940053,3.55589009355507,2.9289710405761,3.25236041863019,4.00826783180543,2.75814571200092,4.63519700760632,0.857222760288358,4.75641456236694,3.55125154087242,3.51282406518259,2.69212581566241,3.56665210248152,3.26313208930238,2.14405653204102,1.8199745623291,3.6246120347078,2.87465448341694,3.02178351978079,2.87511087330475,2.17914030297663,2.19363465193044,2.98584726642136,3.38911242154354,2.30776198227731,3.17236721864562,3.82524117591396,2.16306708741622,2.99945806187229,3.06282545665085,3.46048830714687,3.7303467624875,1.60991240936785,3.07064469255181,4.45561605545952,4.37540229495004,1.44853214346299,3.85276223812319,3.7569751070026,2.48451166422704,3.06841365272813,3.14579955513499,3.20323019473507,5.41177860465081,2.06691302246268,2.51567332647777,3.1857009019361,3.70770362597021,2.95098002548907,3.22769988626974,2.03498145799925,3.07384116776125,4.90451472841622,3.04017323274529,3.12736796737204,3.33930872538611,2.22761512605559,2.65167872486393,3.62641787555428,2.47859890586575,3.25240079283753,3.32914769392427,2.84896717440085,2.38228913195061,2.42613594090732,2.71417693377136,2.61842049198913,3.13948636503714,3.41478022744227,3.21780914814429,3.28673457592427,3.42306122482239,3.07038858281844,3.1518397834184,3.39612739117176,2.81849493137532,4.46748820502096,3.10305989018493,2.49042688657774,2.87791752510552,2.87346007278599,2.6125637468366,3.14146772733873,5.23306648653929,1.37079026915173,3.35482528395905
12.4173629212596,13.0102827200265,13.2510005327258,13.9364107651423,12.8889885526818,12.2159167938804,12.954880091902,12.4948368371876,12.5696918579412,12.3170528652299,13.286391676998,12.9199491842593,12.5901281136,13.045597658195,12.6163473074118,12.7121787522276,12.2274770508743,12.6386456855478,12.2883485799773,13.0358916831013,12.5481608589497,13.2620897992181,11.8324683639602,13.1307641847667,13.739538812001,12.9812264525424,12.6702131495301,12.9557078655113,12.3050337309329,13.7329514263641,12.2623920752324,13.3522519302532,13.0162301990044,11.0237754975667,12.2955717493858,12.6469482323488,12.9076185882526,12.7948938572276,12.7873879335918,12.6033203281604,11.5043444152872,13.5655343372707,12.6731639853563,13.6949834106657,13.1578184274245,13.0843182770259,12.8353974294404,12.7600052332478,13.0143653896555,12.947983302117,12.4984571761978,12.1213159741425,13.052391916472,11.8307440240553,13.1892495897457,13.1763826487128,13.2746740111618,13.3577943017486,12.9363755473923,12.6174678067792,12.6662666610113,12.811455629317,13.2233574180809,12.4398657474194,13.3095511271859,11.8879902078494,13.1810410467589,12.7430957711439,12.6083534026783,13.4277235354677,13.6683418897879,12.5310043387858,12.9426668695288,13.5405677192927,13.0808417669644,13.3074257711044,12.0937802523031,13.2398234515993,12.7974306815771,12.4207142922841,13.2859259881157,13.0702372414015,13.058223575101,12.5316979863149,12.9337688449123,12.3107955867682,12.2574931372669,12.8047927907206,13.5651347352363,13.259782122955,13.1111356802777,12.145498525163,12.9926437041319,12.5417632956454,13.4263073961648,12.4765980815491,12.9879431324981,12.0423991474498,12.9702793872147,13.4658389267644,13.0989239824827,12.8863137836599,13.626010011598,12.9763658891957,12.0036017996492,12.4780298889174,12.0764935639114,12.637218059778,13.5483204396543,12.2287527623195,13.5965041008929,12.9302422740206,12.8821810118809,12.4830017490201,13.4270391094139,12.957414800945,12.209671855615,12.8871894032238,13.0459476091546,13.0160119409664,13.2176468946631,13.3569757973317,12.9769858821106,12.5917903795712,13.1727931906583,13.3742115774697,13.0618687019399,13.0208229201493,12.9081233404824,13.1582448092621,13.5019269048779,12.7956802931918,12.4348244464628,12.8932988821567,13.1348161280548,12.3182351145532,12.669166412577,13.1835523818362,12.843018598006,12.4689631454094,12.6498823319788,11.6308231522458,13.6548052398262,12.5116273251602,12.9519956603441,13.8638037623075,12.837253732614,14.0543222680113,12.9457724894601,12.8861227458808,13.5748854090012,12.8090016938489,13.5774459207002,13.1391447855892,12.7354694521012,11.8365129209905,12.7763284785463,12.1501860193878,13.2545530027611,12.8835610232893,12.7819732823387,12.4594947559746,13.3368789517803,12.2804393945867,12.140409430386,12.5797908697431,12.8860363689099,13.2697467329236,13.7689524679813,12.902285435463
3.76887783405174,4.72592440473091,5.25971944726263,4.39652005237431,5.02561581520777,4.97833330271377,5.54036542899576,5.11681560078484,4.20148579576283,4.93948215133399,4.79921571799765,5.02460111339537,5.24480463125548,5.74773861397521,5.02320537098948,6.00308725063042,5.10911409458664,4.35275196779332,5.11361889415479,4.45051728949853,4.44046341854327,4.30686503761611,6.1669551177844,4.87617788562796,4.81726083204268,4.21244335112709,4.95986661710703,5.85532663314244,5.78753599419126,4.61967963975237,5.26979595704626,4.95432931152287,5.28348071658563,4.53563560229974,4.90812018617258,4.92392659463381,5.77749081023325,4.67029694314274,5.23517036167606,4.74385539815604,5.19134966382108,5.55182569734913,3.87044935907589,4.10236375274882,5.36367495233008,4.39725325269893,5.04363585722375,4.9300284007622,5.30428575832551,5.11497514089667,5.10134821320136,5.20686394991625,4.89818628191777,4.62079825830114,4.02823538044138,4.77782833276356,4.02975582073372,4.69437651292276,5.19647963399301,4.17125082134372,5.08888401821402,5.0566887893263,4.09897105484195,4.57092120263593,6.10102437740769,4.72046405851773,4.96877734321567,4.82011894904858,4.96369080633215,4.60197440198835,5.64961265701238,4.53313682791346,4.06524547487293,4.96537035078909,4.97217421879277,4.96282093672961,4.15824704667161,4.60873530684841,5.11475470626998,5.66918750241759,5.52239278479661,5.69663616880366,5.82038812509983,4.40102642471652,4.44849339687025,4.88060522754676,5.25897636257515,4.83306377485948,5.54424162514716,5.59319451823888,4.62111621914095,5.34906446880269,5.49631772605654,4.04776328325542,5.57819285133556,4.93024598261077,5.79617846449539,5.02298947503467,4.91693467845033,4.57980100496224,5.40389895704105,5.12141818426509,5.98170850939842,4.44467785114442,4.90139359080794,3.97817522926407,5.56777818325585,4.62449146656386,5.01843261682384,5.3984001450589,4.36886267163747,5.12149495588096,4.84448984457338,5.49197903307058,3.29081024452608,3.60595375974809,5.30042097537167,5.20068814744538,5.52489735107031,4.36045542585341,4.0768771177026,5.80748807671691,4.73750238463473,5.51887163681938,4.77681499937385,4.93322776670679,4.97727126586979,4.23948202846178,5.53217586993276,5.33920217017582,5.67840420353835,4.21074126251652,5.01216730585757,4.55857243168198,5.56415453468138,4.6208876039821,5.07967306346995,5.22971282052807,4.98039057766297,5.39295067828047,5.59428658956148,4.41885282643528,5.22052393057694,4.98212719281153,5.0084925640604,4.196606151158,5.18363727584557,5.43139242559134,5.07254901194008,5.34543809071417,5.87357451536206,5.03421621388505,4.52644501046255,4.67962391751405,5.01577645550662,4.64572186816704,4.76240843908178,4.80793333272852,5.03612551632676,5.62206068390125,4.22853356176763,5.11029939142601,4.61285905916341,5.07094938524688,5.1454524157777,6.18932302292295,5.53351062295819,4.77554430751536,4.74032496650316,5.54821132761304
4.59084895320479,3.36849440182971,3.89304717407435,5.59269068428959,3.92446310286765,3.39148541094984,2.63250122374343,4.01743038496657,5.19945570820705,2.97442644364604,3.69731674421188,4.20094115276266,4.64110065478821,3.77514772337277,2.11177083912235,3.07879002390172,3.82858356833492,1.03583770612893,3.73419632679773,3.91398653127899,4.31865938118997,3.55958058071051,2.88591612919002,4.40950000622245,4.45350187966561,3.62973027554627,3.66184911141136,3.43898479989024,3.12601665790872,2.68456360729257,3.83062061017264,3.75564445141396,3.93623801569303,3.19605071076145,2.98593418573575,4.26760832898722,2.94133350372856,3.58182902468579,3.38555548387783,4.94545441791288,3.81473523343066,3.92357913449159,3.27980520310617,3.95448076472603,2.69962488780442,3.27152015098677,1.66101602227217,2.06888627850286,1.5906764397687,3.53675199970054,5.3648916678058,3.62732862026216,3.76411080903598,4.116143869414,3.88164438911153,3.37977018889273,4.13557809086826,4.66046249444467,5.44342969508849,4.44584931101728,3.34059279830779,4.37559917237438,3.6760111450902,5.12581894226452,4.38389334839863,4.84340771948357,3.17720148476022,1.59264159178057,3.42702656111627,5.18466929286389,2.90412856835878,2.85750352027219,5.7723363869505,4.59762255143071,4.20721814237936,2.69695221771179,2.68944274557567,4.96749123906343,3.2468140480068,3.05939085767222,3.22005870724404,4.48177189791701,3.02923952564679,4.9945793907262,4.51028050546743,3.6445412826211,3.52851796832364,3.6305283211614,3.86699407967704,4.12454651835939,4.00490829045978,1.75274579695185,4.10394155280769,5.0936201920345,3.46697467006492,3.32763753331812,4.15871452117993,5.3901716118859,1.95904685523082,3.67092917103351,2.17832003072848,2.57674473190974,3.44706223207459,3.34309489478276,3.22137990517294,3.43718497771791,3.48544778731486,4.07777370537913,3.37408791024184,3.46649731296887,3.35758384880844,1.83074967389878,4.51989418303033,1.87905972160176,3.61868198651592,3.84921141473861,2.87666521842373,4.26634860696943,3.65805140902523,4.67032661585417,4.53001713423335,4.93271395891693,2.59930798791019,2.92747159095363,4.69402713335023,3.23325420970892,4.1013994492407,5.93613295204982,4.0766556545151,2.45471165602985,2.66134424914168,4.07994879327141,4.15882321957763,2.81463154088493,2.99361683779896,5.12292270219008,4.44231394169119,5.01312388952343,3.68758413410629,3.8614789667815,3.84773687715703,4.75379569707945,4.1222705194794,3.51787765959134,4.28362724167207,4.3161725493597,4.77126577833453,2.02210245656854,2.60446891804908,5.22541228281134,3.51761130065444,4.20053553160286,3.4659380317374,3.59372698005215,2.54990047850403,4.91650884228437,3.61132338133239,4.46216303840423,6.43518404935978,2.88868150383174,5.04746234071852,3.50011385616579,2.50649571829607,4.25860634731535,3.43044799020887,2.6015082319436,4.40984701404195,5.4127643740713,2.62237723536088,4.263902261239
15.3630341069713,15.1019857491101,15.5632039603275,14.9887587143086,15.4828325008215,14.5616125967527,14.2710941314482,15.500189235242,15.4013618471641,14.7489706199805,14.9652205972388,14.1445767114277,14.9598597430813,14.7258330061276,14.6714409605639,14.4846754176778,15.2484893346825,15.6565690136767,14.2974553558475,14.8633812150978,14.6817299728045,15.4623802229961,14.5674239473492,15.0663505716028,15.5964859204031,15.6056555666892,15.1323528670911,15.0786801469921,12.7934423382049,14.8499414846032,14.5874755787338,14.917144178845,15.0070816456078,15.6516261251242,14.6336434578452,15.7982853763261,16.1993620441814,14.8389882658302,14.8037281784373,14.2884121802481,14.7085034116459,14.18955815337,15.513028817135,14.9959813730349,15.1430761410606,14.8313035386109,14.8193544392631,14.7387224090596,14.8245832358117,15.190439862864,15.1963822173915,15.4867895647333,16.171427409656,14.9059546879283,15.3177667698889,14.3986528418568,15.4845847387824,15.5690963789285,15.6747396361109,13.7310784423245,14.2732859944809,14.8627543386124,15.0530532941173,15.2735799353989,15.697952346269,15.7932334714149,14.9543697757077,14.886654732951,14.4091483004685,15.3886984223384,15.5108757607743,14.6865197165149,14.9999448226117,16.3556161838017,15.3698342609177,14.8309824381935,16.0983665120758,16.3078044150888,13.6372576670787,14.4995652935831,14.4435954669653,15.6109139745747,16.0203750422935,15.157639420479,15.2008524568282,15.3371732085911,14.6067841371291,15.2160931691667,15.7887029650228,13.7974226333232,14.9032852995548,14.6017481826725,14.979616160132,15.4002280353162,15.2955254493151,15.5738850251955,15.8260041086179,14.0359013406401,15.816056052235,15.3374396904543,14.4575540321295,14.917259317023,15.4800426634626,14.6492995902346,14.8315821566422,14.9051626523272,14.8582191100573,14.3712150264268,15.1088221875021,14.5151143848875,16.1381876248241,15.201174993084,16.0332535939827,15.1311610088212,16.0081216862803,15.5336779110984,14.681028192086,14.7515784183091,15.0409320056164,14.7669561435987,15.3308594716832,14.0751744797753,14.5996219438796,14.1849207509243,14.907164557811,15.2659823217259,16.1266858306388,15.5872903179393,14.7905598845639,14.2815074929747,14.7004754313458,14.8649217235609,14.7122104709431,15.8187904485987,15.5228477053305,15.1310206511823,15.1608394773357,14.8852296814692,14.4016030433033,14.2536345382197,14.1324116429837,14.1471619777315,13.5353447983327,14.2958258434027,15.1008786605987,14.6095226292278,14.9922902757244,15.179679107489,13.8184146807257,15.1588481371179,14.6539267747113,15.1514506942691,14.3975221134166,14.9841909875096,14.6715943318861,14.8851624274134,15.0192224483083,14.7204455800777,15.2611299429913,15.0433188671161,15.3741928561282,14.8670165926034,15.191536838207,14.7296681534811,14.162624764566,14.8002587933463,14.4967746752874,15.6005614013611,15.6920914624461,14.6782397925922
7.93425317339742,7.953732310565,8.37744444120983,8.31454322939426,7.13032239674169,7.88172264734061,9.45026840474415,8.7126838473016,6.30581256750738,8.23395282619256,7.86845087059157,8.10242350504279,8.05502284677112,7.94322985837945,7.64967034932703,8.57870935298249,8.15481856017109,7.60731113372708,7.93598959622348,7.72789490821295,7.49000297007959,8.0679948620528,9.25683510948226,7.7986824509855,7.81289816105313,7.56073896756042,7.98060444646934,8.08261859813193,9.07238906358776,8.76187384062462,8.11627540822362,7.33291372624172,8.61420721726603,7.77452986637373,8.1702942009504,8.12813779899434,9.7615198946302,7.94552404109459,8.52149861770598,7.77686477160323,9.08577601169723,8.00597595094598,7.09957673552016,7.86490654301484,7.82384601768301,8.45967310920005,7.43653803415093,8.00709321224553,9.07447307803587,7.55764161075485,6.8569522180058,7.56545987882236,8.01876736532754,7.41720426081947,7.97592303890488,8.00820460538798,8.41900708779626,7.02591768289104,8.04381516119577,7.89054248638571,8.46233202622516,7.77219327910433,6.81989691519964,7.09217191591166,7.11639818661241,7.15553822043268,8.79798417846069,8.21050865056986,8.44527300127842,9.18593605021165,8.61824441882271,7.49755708776302,6.9439285219244,7.73724203524944,8.35075014957353,8.16980885469919,8.38661321468423,7.84611762026139,7.26343859914241,8.05002388543351,8.5415211945484,8.7538785725824,8.51766945829018,7.15377742797303,7.46130042863962,8.63041214706825,8.21652295671293,7.21163163092616,8.80358025800405,6.85291957692369,9.08249809084548,8.73302337853069,8.73479078518716,7.37277793828163,7.97486683478558,7.67574376291773,8.40438187506437,6.34531097181858,8.41767204378971,7.87844416805848,9.68024924967368,7.74813446686755,9.04564072002975,7.75408843239291,7.85816428136249,8.3750942982518,7.83465218201033,7.79246197154645,8.11847712740124,8.74878081161421,7.52107913783785,7.76901855158672,6.35870356833561,8.68067244089358,7.52485437818921,8.08224395400575,8.46712796990144,8.20696869342371,8.4307726084755,8.03924785189589,8.19312374302666,8.72508321892651,9.48874954682207,7.87327522513286,8.01443686142164,7.93799259301688,8.33563614823372,7.27198174137941,8.64860526862457,8.65295283057681,9.30499379390888,7.76459578187529,7.9350488500716,8.31242759107483,8.3659268236158,7.82284231232885,7.88802880340654,7.00270743469484,8.28617177825629,8.02181353643739,9.13217062813746,7.98141311404131,7.94646440316297,7.40179408425153,7.77251460274261,7.40614711616838,8.9330856397378,8.4635603832666,7.68365745569606,6.93876285380457,7.81341028116214,8.03660015268539,7.74658942315293,6.95207854734131,8.54959738112523,8.43382590400427,8.48764866782577,7.77106200984718,7.39960262492806,9.15257293905039,7.36910371535323,8.48795098936518,7.71038185323267,8.47622760923025,8.11011046462193,8.80993034034923,8.91044345051094,7.62284997667188,8.45032779918034,8.97332155805448
3.20368676403357,3.03156735871728,3.85407423708332,4.19586159770576,3.54634235008358,3.43509869667482,2.29822685973225,2.54701494633684,4.97938135460476,3.20115410848783,3.47681991338474,3.87987511195286,2.95836496116082,3.2014021663322,2.92669773574048,2.89373973129806,1.97282381813971,3.05577671881045,3.80538490647386,2.88377269690405,3.92483955359751,4.46520344364408,2.91894337460393,3.91261511476397,2.76984976789039,3.86583127804417,3.18887596587734,3.85885597894381,3.67869668361847,2.90305993585039,5.16823363450891,4.31316125320793,3.80697607537693,2.22453041407775,3.68423463642066,3.22448427070451,3.64348183385463,2.26907046622133,3.2074392093686,4.01915978587837,3.57895517728072,4.62523858061981,3.00368728290804,4.93229832946463,2.39055544730756,3.00897205262352,3.46375301193088,1.62854277247822,1.23727822180293,2.12839530354157,2.74287509369592,3.71652955211105,3.6910344967901,2.41023550361338,2.63790937854694,3.69732398589355,4.50351475448065,5.2386325858166,4.96640000143192,4.75359133191661,4.15199348388945,3.07687925454928,5.01576674057946,4.49107458341108,2.71649652172342,4.77659494212909,3.6326738945506,2.90907818885262,2.75187430482125,4.24429936402859,2.55361558511638,2.96236694267963,4.32526205031179,4.62505046423457,6.13798149229686,3.2177701951001,3.4294041732459,5.39291935092739,1.18278284997126,3.1842514985101,1.60303297965732,4.10591702208322,3.08929034138512,4.07114337422725,5.34253102448702,2.1666204612787,3.00200545384329,3.96576143460401,2.38331259925672,4.73516863767973,3.6001169988418,0.912978386028202,2.52186731657831,4.93860726871067,3.53750688883937,2.58360717065724,3.59001191219079,5.04675009558323,3.36392711803632,3.42332743402453,1.41966029816207,3.80805221206976,3.19527470500848,3.83584246116813,4.37183863873293,2.34964426351946,2.99007268262228,3.96038317413238,1.67195278100906,2.83152145356935,4.39469570581179,1.69918496230384,5.02486288371511,2.49351891869996,3.27754003067585,4.57427858956601,2.88842245226441,2.96572621896583,5.38137292276392,4.29029828002403,5.50322413495325,4.08379288985856,1.16823217766877,2.07302086164738,5.53821179369344,4.00452909269712,2.44940702154171,5.40471362763164,3.14299920692802,0.44810340352975,2.43855112206289,4.1618490355097,2.96934532156179,2.97900661918223,1.82664750412665,4.15249475290182,4.4292296658271,4.85061615463199,2.99911986171033,2.69617588668311,2.35141113840589,2.95100883826463,4.59403294421277,3.00037050795807,4.19226560285969,4.44796348954852,5.60163026719623,3.47268903878579,3.0366541428125,4.12599771446956,3.12659533269802,4.91388026334963,4.78342132453639,2.15656020615497,3.33871941281424,5.40735118700469,5.36671895994405,4.2163227728983,5.29801635794208,2.59614358412763,2.87169525332123,1.85563325609964,2.55160390633929,2.60961108360372,3.7026211750793,2.14883187132488,3.35609181391689,4.73411657694327,3.63135833638157,4.02792263218603
13.5308679177371,16.2118475441851,15.3990043594011,15.3825367610114,16.5178195071829,16.1738284859682,13.8922343477697,14.0115523037831,15.8724849435377,14.4061558170678,14.1786008011861,14.3481446516943,14.7106976197221,14.7146843858182,16.2645616946267,14.8936731621964,15.1530254157031,15.0110146435759,13.9305878267302,15.0091684073641,14.8631629597667,14.5520838700088,14.7919239180054,15.034345182066,15.2271374838573,14.8037940501595,15.1908282010201,15.657061355026,15.1078780808808,14.6109582437396,15.7767441828718,15.2439817828423,15.0773734643192,14.9191097821332,16.0212756813641,14.8676604262231,15.8417995136919,14.6907200926131,15.2897799502003,15.0008433834279,14.6609936912362,15.5770526798177,15.1264535390981,15.197942643367,14.6694436627054,14.4043154424865,15.8932116796114,15.2218057767648,15.4591860722134,16.7679166478483,15.2962320159728,14.560809436226,15.432623477948,14.2999046066687,14.3139348303464,15.7494827666241,14.534978837862,15.8224017635975,15.5015591320617,15.1884412990087,14.3278053908961,15.6272326418752,15.9431187950088,15.7574705191651,14.8996881782382,16.2722568562972,14.1038702329119,15.4283618769702,15.1922311876934,14.5321748089329,15.8239169046968,13.4841636135361,15.3496141864482,16.1456247815536,15.9629373620243,15.0453843021442,14.5047151260561,17.4555781465479,15.123665970941,14.2842000866786,14.3162127208053,15.6867632707317,15.4949828920212,15.5651493789089,16.1690862802189,15.1406223101521,15.3598527672624,15.201458521442,15.2947092764774,14.4738782926851,14.8627374919694,14.1727007807696,15.4377492471013,15.4344983849693,15.4621887636745,14.9671988714992,16.4849131779336,14.8543258780149,15.2106984186246,15.8502397151161,14.7892601543292,15.437212312545,14.7387583737226,16.1494282026362,15.6075051109314,14.2462389457372,15.2170259893945,15.4890786132952,14.9011054166797,14.7229657520231,16.204772215057,14.2647388115565,16.3785940880226,14.1595812552535,15.7802264309581,15.2981466145781,15.1739118878368,14.6365114344142,15.5494550433066,15.7471323968736,15.9593427071316,14.8803641939018,14.8397254662447,16.0401465119017,15.8365060360575,15.7506819049804,14.9001688735037,16.6410913826605,15.4283100065756,15.0024845700605,14.9130196069301,16.2113149412406,15.0638076587701,14.5220265876253,15.1464183497617,15.197679099227,15.5000110904597,14.3105427538656,14.7024057308541,16.1617221720399,13.8597132240397,15.73208116778,15.0284974415505,14.9294989849598,14.6370230171029,14.7652325902256,14.9879745209248,15.5417192260405,14.2052775342448,15.9844177782547,15.1044114895305,15.3472585875227,14.9033285151748,15.3142882216032,14.1484379996433,15.1696024108477,14.3095740333664,14.7294901793027,15.2203670570943,14.7354748505358,14.6906831186754,13.9236309338522,15.6742738245255,15.0579845186361,13.9530115654022,14.8043754625955,14.3164447638404,15.8455293621276,15.716185109321,16.0521620013101
11.5140472447364,12.109878789736,12.1109887794052,12.0906453417867,11.6547839834105,12.282899857843,13.8627571341374,12.61723667729,10.5778727545927,11.9432551112192,11.8325517339725,11.8380657730665,12.5943223595025,12.4899702158131,11.1992923516403,12.5405927533035,12.5376410141905,10.6096512076297,10.8865679581193,11.7774878808282,11.5066813488296,10.7682233614683,11.6989532911882,12.2513029222581,11.8083960023456,10.9181039138582,10.9353059536019,12.2402311198351,12.6049711453397,12.2605618249526,11.2197839786595,11.6006900100915,11.6433351110054,11.2591712762601,12.2908268980791,11.3482994847582,11.0207015496894,11.5396827841342,12.3037710568529,11.5276726094456,12.1457610397985,10.9726279350422,10.7475277128939,10.977413935383,12.107351334514,11.825814378861,11.277210925449,11.7906812622859,12.6543178322771,11.5532567728684,11.5963127582557,10.4391890495597,11.8055978475658,11.6205396242165,12.1159850468366,11.6281123745081,11.3199078657744,10.7498932118611,11.495450838149,12.8120362057768,11.5645704562909,11.3616371516763,10.8121484270229,11.5468309223054,12.6968437342484,10.5949796760172,12.3368926543054,12.0778938893342,12.4180519347302,13.2441141069467,11.6211756652643,12.4296979475766,9.09753116538607,11.4392927204313,10.8719511799881,11.6814808059888,12.0278898502128,10.7308954016507,12.4156057745159,11.5462891727643,12.6799457535276,12.4654799602146,12.62179179293,11.3947268118726,9.75670035129977,11.5284543965705,11.8847261287207,10.6670943165584,12.3062741139683,11.3464823839876,11.9813676742058,12.5957374865402,12.645653970628,10.9799947255481,11.9797369737327,11.8276445136887,10.930027557541,10.4354884285517,12.5116937176985,12.1034613072236,12.6312515651749,12.0368766913018,15.0617865117163,10.7970067996829,11.6758466811663,12.7584039632289,11.0202554716671,11.0020328340254,12.5781783092254,12.1367052888112,10.9349697425186,12.8217501118824,11.2437463127811,12.1680039247793,11.0810519882037,11.1572448744117,12.2292651664924,12.6777750144327,12.4107488241945,11.571721623972,11.0825560519274,13.5424875778001,13.5533761592318,11.3918538360862,10.7220254450582,11.7687277959874,12.2886082650945,10.9321317740075,11.0533855500223,13.701474608496,12.7761379522441,10.364765505424,12.5017001114639,11.7419380853255,12.0898876801381,11.606691970065,12.4332560200762,11.9709112777047,12.5540445758638,11.5776533634652,13.3491430739271,11.1684607493237,11.7366022286741,12.0894003714195,11.5753756939039,11.4463939418294,11.465602786868,11.7004122937525,10.9425497040211,11.2693661858468,11.1016345990781,11.9908788401307,10.0961363155879,11.5417101595555,12.9891344114726,11.7926094905163,11.8240559638698,11.2751736956718,11.9300121059858,13.1946812020621,11.166290834736,12.9016269721932,11.1528962575301,12.0465616407584,11.966646530823,12.0382345256095,12.2982716460981,12.0577037879755,10.3372778264658,11.4594558710074
5.58154402154469,5.55781407029006,7.21939502440377,8.64496779497496,7.37033653474965,7.56596259312737,6.28715964423457,5.7701214739181,8.10068663249922,6.85323372194566,6.49874603379391,6.72925243308255,6.18773595686706,4.70645240584522,3.85234276439873,5.76940587653366,6.76051431964675,6.1928200977584,5.60735734507726,5.24830416598556,6.10266832071527,5.58386200189957,4.16323657818567,5.73522717581337,7.3053646107585,7.80629133800845,4.93717764793768,6.38669850482655,7.23654983333568,3.04685697193551,8.54352384479293,10.6256025116521,4.53020985349126,5.55368124080656,6.98246612900215,5.24397908883151,5.88588896276939,8.02581918763599,6.42973056470876,7.13433449996109,5.88901333550314,5.97968337657373,5.22808288220157,8.19336257349016,7.06637351871113,6.08073858426981,9.03319580582739,6.07437326693308,6.30617319053731,5.3717484645115,4.82672964059548,10.4277069442834,5.47987136585683,6.93084754957611,5.29056531688526,6.4934907090427,8.35558369813919,9.25178975219437,6.6981662611491,7.79367467177192,7.52521468507414,6.62361269609021,6.87473512693408,8.72156104966544,6.66402847712114,8.26833460366996,8.13835902432352,9.44440254794441,7.64955970440052,8.42758586653655,5.32095423313551,5.49482969963826,6.93039406210659,5.97926666786254,6.82219055280564,6.43348627699556,5.51963778103377,5.98433122509381,4.55546756725688,6.78118656740651,4.31588184102491,5.31273069123022,4.91638829687354,6.48077181328153,8.05853597919482,4.11189225793119,5.50519256460916,6.48761069290289,5.39264833367572,5.43800350474824,4.90179254727959,3.9508924997017,6.24365102630209,9.75677491871967,7.34768852692547,4.81520370508536,5.95856254484003,8.11490082859558,5.74128635339904,7.05519150077727,5.08312785432642,6.31366443601583,5.37788275991961,6.60632777366478,6.90519592485784,6.65528080747167,4.52061151644525,5.62121707925256,5.1883376060079,5.92718337874932,8.58958120888818,4.57933090466478,6.56451678324562,5.94270458108948,5.53076162727546,5.7670026771991,7.83694086155128,7.72681322749327,5.36220316661953,3.33731104764154,6.98489307091756,6.88602305343875,6.28740484686568,7.19203102992195,7.02796011923114,7.17321316201322,6.81829755548565,9.77150583519456,3.98595050760873,6.51364922719799,7.42584493028613,7.82477472972226,5.97414578396341,5.53651776126152,5.49464831740182,7.54860176628065,6.05621731343682,7.22994951739981,6.23869370572421,7.00378249037006,4.73072533705466,6.75002827424555,5.41439684609862,4.31157523324546,5.47611677424618,7.34133395895336,6.57616386653685,6.91129307385499,5.72702578902848,6.23857932524829,6.50461830629067,8.2686182395462,7.02642100272737,7.07133223850484,6.23716274130242,8.14925605497305,7.78014552131273,6.38716385883958,9.74965765315301,6.09135784277143,5.60463140466839,7.36809911632092,7.4769072620965,6.61130781942653,6.60184123150688,3.32464864147973,5.90866857563178,7.88159824065692,6.91573846214773,4.83739836081646
13.4761876086077,16.5261075433772,15.1712487713144,15.6147319238662,16.6509405577851,14.905381766405,14.2179287389799,15.2266947744699,15.4872283855074,14.8582535229934,15.3837970262916,13.3667069943368,15.2946121407164,13.801547019641,14.8782661527309,16.2990411625492,15.583683857421,14.6937398783767,14.343518449599,14.9825603929857,15.2232684072882,15.9754180884198,14.0010545802035,14.447873634902,14.6294007191805,15.6304285857297,15.9621471064586,14.0328726397133,14.5695320743459,14.6160311853337,15.4271664906275,15.7665056187296,14.1685272379325,15.2081370358846,14.6840247139658,15.9651444680445,14.7641734108226,14.9968438984221,15.4799247769073,14.6664896264987,14.095656503552,14.5684652469796,15.4175905107485,15.2269980827245,14.5882516899021,14.0916880373413,15.6363488403992,15.9621809872412,15.597066476245,16.2715206146603,14.62509046428,14.880064890518,14.1892392443291,15.0297995232193,14.3786521490116,15.7760484239858,15.2003163622496,16.0953762711665,14.2468778264388,14.3275337977147,14.3125448388693,16.0216903963714,15.7309382662978,16.1087352859793,14.9813828876358,16.5944829939087,15.6040099371394,15.2234813203676,14.5294280519649,14.5412947384404,15.7274440618025,15.8073944623393,14.7633352895206,14.295526610333,14.3124512714334,14.7129886842058,16.0545735970104,15.6941615944097,14.9879316475554,15.2198688593515,14.5835585964794,14.8268246261535,14.9324090127893,15.2805662808324,16.3663041349006,14.728503806797,14.6353198376781,16.8953399896217,14.8115100657206,14.245580343375,14.5771220002834,14.7775674115669,15.4224020603061,14.070397981069,15.7532706502752,12.6704148355754,14.8049335233034,15.7688041690736,16.0885856263033,14.8404134005036,14.9496526277141,14.751875489531,13.7375384271214,15.1416998305003,15.5922362772464,14.8082023603785,14.7344589376802,15.5781583572147,14.8485088361011,13.056036664709,15.0047489486888,14.3512420663418,15.4481562821103,15.0276797864138,15.4481664835163,14.2781711545006,14.6254192929071,14.3969266786442,15.0795748053148,14.6396566506162,14.3124287528384,13.6022300049843,14.8050441941964,14.5203168108064,14.2328871603446,15.6715258603933,16.0229459466199,16.8190148500195,14.4004213540568,14.411527265338,12.7500802657465,14.4086088303431,16.193319083007,15.2082023303573,16.3400209424269,15.5306727208451,14.7247644652266,14.0240499461599,14.707016453059,15.330049044454,13.1852599237198,15.5878138079606,14.8233642600024,13.2771342576271,14.5114262657097,14.8909052263065,14.038850367458,15.4650713273529,13.7379389462912,15.1716380551608,15.3394310349307,15.7833745028944,14.9411713116133,15.4093613993551,14.5212102938431,14.0225234260368,14.2936412813497,15.5957824020641,15.0489550428191,15.707185499633,16.3092068827884,16.7175011942697,15.2730818283085,15.8276436320112,14.5039550617208,13.2795263614233,14.6629411723406,15.9170599129531,16.1482094113119,16.3963338340941
16.5595569134285,13.5810543066373,14.021308053367,14.4067128549365,12.5032506347733,13.4654027272687,14.316012311912,14.7238117946714,12.5812424510351,13.7414533647523,13.5469764509783,14.6686037760864,15.0349185841404,16.4969771281395,16.0460062957175,15.3919141567578,13.7903733148271,13.7583551936271,15.669054752934,15.9305308655694,14.2593457914849,15.6844960479495,15.6608526882827,15.9395593894574,14.0273688667696,13.2611617680913,14.4326335021392,15.7207212562199,11.6313249416717,18.5847623246051,12.9530248849517,11.4859171386647,16.175396846614,13.9750262388424,12.4321502089569,14.2363163084607,14.376807842232,12.6403047989699,14.0558224385354,14.1042168373789,16.3569305816323,15.8678818430307,15.3874117703547,12.5945579705457,14.0155490224204,14.0745856542491,11.0566543192994,13.7275737803249,12.7070214844428,14.4774748372797,15.413590270652,11.9507985448035,17.9415877299817,13.1668784134619,15.1988891011465,13.5410413194056,13.470574565173,12.3919955797447,14.6105737908559,13.6588924026353,13.1813987728139,13.0837470525942,13.0788912587055,12.3679028174634,12.966329620873,11.4507330518904,14.0616450627954,11.1037981916401,13.7404583431766,16.081636733222,14.4827619015268,13.3415934858605,13.503637315362,16.7351565580149,12.8580679749295,15.0424408785894,14.8290129838715,15.023534014444,14.4241404410496,14.3734928373526,15.3473677257675,15.6041281272553,16.4152567995409,14.880115717176,14.4778805848385,14.6640367315501,15.0780662478934,12.350779801742,15.2991498880895,14.1815231985709,16.3209428471003,15.3040238238981,14.1840435181364,12.1050462682102,12.8656982569961,17.1752376513363,13.1366412245051,13.847505888531,14.9561457184923,14.0297457549185,13.9945323667841,13.9954595309149,14.7369297974184,13.9463822271095,15.1423330091005,13.4026588500074,16.5319904027083,15.1416096713263,15.3874138274938,15.6482780156654,11.9260489806258,15.2921409556816,14.3176199242093,14.5926124950116,13.7122426924226,15.9778504997349,13.6237369773969,13.2203704258599,16.401250466711,17.201981335666,14.227304760546,16.3069908142058,14.2455129800718,13.7239669063887,14.648644343875,13.5418157994957,13.8466720610491,12.6283664430167,17.141270676459,15.1897609373016,13.8678017924521,14.0602165772232,13.9573904070551,13.8733190920045,13.8282258810272,12.9709534885248,13.4611433856352,13.3248843854795,15.0405754373854,13.3452555225094,17.4997294699561,13.5370473141687,15.9107879985007,15.9531843932765,15.3631345808535,17.0198088198233,15.5478739738698,15.7389036825875,13.6836373452247,14.7363512322846,12.9238263991004,13.0621291302363,14.3961308599582,11.473577549983,14.40771288684,13.6807056316133,13.8612805874765,14.0756714859194,13.6163085127484,14.022554369564,14.0298756765049,13.4483710566745,15.348828627791,14.4286612208451,13.9759894691723,17.0845806703817,14.6606563105215,14.3546210339573,12.1558014259337,16.1898266214174
6.0584088603263,5.48741265545689,7.30281847429708,4.54330335996628,8.31307465529456,6.92337243059202,5.97267344092768,4.67854730824504,6.69270057408095,7.01696122681061,5.64241322941983,6.31224446050507,5.49784022124676,7.47345935901641,4.96861672110967,7.70402885016636,6.19376637080505,7.20761240822825,6.47538840128437,5.30814756641289,6.06539747473903,6.87611257032499,4.63052365969516,9.48524288266609,6.58112018541951,7.65404980627317,5.53480334691745,7.06618147456011,5.19725846359434,6.062335860819,7.70874954751575,8.38703213262123,6.37958441322584,6.42072348656915,5.95256881301074,4.96495656311877,5.36515296955219,5.71949775592042,5.63314659797034,7.33336751754852,6.43527708361097,4.33175161725527,4.56721426108307,8.31810573504432,4.6259545939907,6.25015635452368,6.77365146074173,5.36360361117232,5.09689507212511,5.45456276071236,5.92839271494326,6.76414003588118,4.81914982472706,6.8585868492993,6.42434701300709,5.57344949206495,7.84256231087338,8.50169284388855,7.61681808351395,7.5893385895702,8.11305267752214,4.93209010511659,8.05270568815211,7.92403964543821,5.74352204898674,7.70310271544242,5.65575882795855,4.92054832901256,7.95445402135408,8.04564345016978,6.07738382819858,5.91543627527679,6.01646564880324,5.75697048890668,7.23146570983732,6.76535902077786,6.46715668952081,7.56660656289229,5.36929519383957,5.95765196513053,4.94610311764704,6.25799166343223,7.63464442947441,6.59519570806048,8.34521693854759,4.88994958053846,7.80523154056937,6.12311199879524,5.09235178965583,5.36796737914062,5.85235913802337,5.64865957837631,6.68427910106758,8.52787751390174,8.80753939762746,4.37027949353559,3.90266781911683,6.55823081421211,7.17059631973475,6.818073192321,4.17635447730913,6.35253158328708,5.27755729235705,7.62837031665766,5.39882625331548,6.29319885935178,5.26239486660279,6.58429689136914,6.82380954701751,7.88992742400873,7.00969165862203,5.89562958846133,9.15119263265712,5.89955296562817,7.43082141896826,6.81845626896639,6.81423383405622,6.04678667685644,7.28950775983749,7.35052861823169,7.48736603764911,6.95949226842214,6.01226420984634,4.87855645914962,6.24954744545953,5.39278198855686,6.78526406270983,6.99542100237966,6.17305195712502,7.13931492528396,4.62826960192523,6.45842823610359,6.25834282542825,6.28290859924038,7.1237418563985,6.71666960157007,6.56537326301674,7.20277907129298,6.63348510949112,5.80800502018816,8.34381654936806,6.12260797130378,5.99911698798937,5.34799848131688,6.63669459200131,7.14423680687983,6.61405297480967,7.90497198572907,6.17647008425668,4.60425815263154,6.46375795956094,6.09785556541056,6.2425611714707,5.53567502347591,6.84820160496217,7.64552222469127,7.91955307118856,7.37990403090887,7.30536654519176,5.34401861853813,7.84792723496626,6.45850547440336,7.27543814239209,5.90346276514307,6.58045718744421,5.38057683484423,6.54552859600057,7.99949639557179,7.21698987605391,6.27302299428444
10.0699138801165,12.3268206343177,11.5463195280883,10.8720355466663,13.5826921649883,11.2397687327076,10.3330871380739,11.4740330904756,11.893373160606,11.4376559062987,11.5652530661464,9.77990588791361,10.8808141933926,10.9678467851357,12.4045105356134,11.4110072006601,12.863434040142,12.678570488148,11.4625972299466,10.9623985951279,11.1843195264925,12.3240302636631,10.0463166619402,10.4415256445797,11.3602969840188,12.2090049336908,12.1716330086178,10.144234576259,11.0820906879327,10.0152104283412,11.1321714501933,11.3359685031166,10.7612018101208,12.2415428659663,11.6818774022366,12.6590490710187,10.5907491744967,11.2731230312612,11.2070150038584,10.5314362989175,11.0379615496297,9.26909948459832,12.1161579754556,12.6675183904475,10.588374334577,10.279548954487,12.1909182834818,11.7392195762305,11.899681600055,12.4005480652755,10.8334596717624,11.0575779501908,10.69162152714,11.9208393402629,10.7500285719466,11.3468545527031,11.5745348474773,11.9031972393195,11.4621240539063,10.2579017310291,11.2604574006362,12.0568740002265,12.3577604839601,12.3749766599715,11.4778993476303,13.9392784441819,11.68452367907,11.9271564906793,11.2936277497813,11.0325005012909,11.9012427426342,11.2813293334267,9.90451395146061,11.4275570449543,11.0357987461513,10.9971983287403,11.0074801509202,12.2999766353878,11.0505650968337,11.8746239877198,11.2862579097759,11.1084551764431,11.7596993060346,11.5600318749092,12.8042067070267,10.6002922649503,10.8058106421726,11.6868011183775,10.967972377833,10.5690040144435,10.3415604415262,11.1152796519388,11.7781807448841,12.1970924238118,11.8781742978941,10.2351750270773,9.52508787079608,11.7836307525548,13.0988139625543,11.6093293384225,10.5833975302068,11.0027849073274,9.80743914150066,10.9785275737896,11.0278756416961,10.8663857320123,11.5798683901734,11.9633409419954,12.5022904790634,10.3090078860899,11.7813922245797,10.8522082111495,12.6889242403289,11.3282685362079,12.9362136349565,10.9950706478454,11.4084678381566,10.6736735294203,11.2290826079197,11.8897130310772,11.0677233013522,9.97654835036652,10.9527451269602,11.412398422036,10.5654083093164,11.5718223395945,12.4957895964082,12.9803884615127,10.2513864473589,12.0960732528191,10.5171110576478,11.3269964388474,11.2768691007604,10.3852031891002,11.6626073945853,12.2352897363362,10.1067250938863,9.96396226385151,11.1067972307753,11.8294659942545,10.1661367428778,11.4315881904806,10.5366002805107,10.8453404140042,11.0884260393606,11.10317621212,10.2722894004369,11.6026156093067,10.6884876969353,12.2237645709193,11.199810486326,11.8390821048603,11.1372041360563,10.96328874519,11.4025086532066,10.2189620063554,10.1552071390188,11.03149993057,11.413025163984,11.3707394920504,11.7816031221669,11.4855038223206,11.7631419121506,12.9052456076596,10.2948907048277,11.4055018286853,11.345601846526,11.2678527020652,12.1943333579467,10.2786288701018
14.7185150182201,15.3244906958575,14.8352556981964,16.5190653712161,14.6884499993526,14.9763877737375,15.7418491488736,15.5126104712709,14.326379352938,14.9312507443932,16.0143441918899,15.2411327414757,16.9676191972502,14.8939542018067,15.9806407380773,15.1655523415422,13.7052091533632,14.2824842528953,14.5236580636354,14.3234403097811,15.1823407695689,14.8384401950153,15.3800586546201,13.5750473894443,15.0893903947485,14.4369442350586,15.6867060645344,15.1077023502207,15.4727084192167,16.8015699383864,14.9631759755556,14.6701575229725,13.6750420312828,14.8374098194879,13.7458868859222,16.0830475179278,14.983265536613,14.7267660468921,16.66153338667,14.1952938186314,15.0317485859811,17.588879129559,14.9109959670647,13.3425299459655,15.5211579637059,14.9638733530416,15.0479943735304,14.9288684763464,15.2115980544568,15.4883406000272,15.2901337380059,14.1514495397651,15.3631052726645,14.321160199494,15.0154309815281,16.2942346471839,14.5010770612777,14.8148238193189,15.1458810672937,14.2201802421669,15.3395070720372,16.2635694260402,14.4891396336084,14.8693500468152,16.2474430392256,14.7777020422132,15.4401382819241,16.0310462446343,15.3908820727844,15.4976373004506,15.1285349245255,15.1170690134728,14.3101323304891,16.1050159564352,15.2435579083452,14.4527309052289,15.0387210022488,15.3557698937135,14.8666202042544,14.7847259516562,16.5829624564086,16.2434927411451,14.3113578337663,15.4711239461058,14.6334032501729,16.0456002506777,13.3328271052043,15.3364704833646,15.9980023865077,16.1052327064114,16.8746910559721,16.0683314394839,14.9382130840233,14.730398448759,13.7703108705108,15.5097287826248,16.0449062536374,15.5907396964015,14.1508081527932,15.4008521637767,15.9525345772478,15.3476734763661,17.090091862528,14.7225465251301,16.2290390759381,15.736838441594,15.7754370557081,15.0769573243066,14.2603763822107,15.0011468210607,14.1521220398611,15.0143798136367,12.9202968108152,15.0571885615626,14.1786391431221,15.3790257451683,14.6063077431645,14.7860440259481,13.7840958921391,13.7962809495374,14.5100917620466,15.9670103555041,15.9682444585717,15.9796125248558,14.953729742094,15.0799529708004,15.7016657748557,15.2221367184674,15.8357664647383,15.2448536651825,15.6857702969617,15.4076071437182,15.787781411946,16.0191197936424,13.4069655512535,14.8251816059959,15.0164758929929,14.7825523744264,14.3093017490139,15.1419186031133,14.3713525469497,14.1166195209858,16.4828660867835,15.4259580918428,16.3319902945188,14.5753679768931,15.8104537320905,16.1694081302192,14.849064388967,15.5229668338583,14.3150268535028,15.3480621552052,14.9414159144352,13.7237807975299,14.4732141609703,14.6562048472924,14.9085550730046,14.519591635742,14.8260590184118,14.5778261839035,14.1768916053171,15.2441367985599,13.9133167652978,15.4669464996839,14.2131888074476,16.0579372224229,15.1799981249189,13.5629944459757,14.9573946064296,15.9163452211072
8.94040372662503,8.62999647204425,9.29642811407852,9.80918870796918,9.69118928591679,9.09342503046339,9.07240582077552,9.06145199856205,9.91528083496376,9.0741785685381,9.69353122217376,8.96358940034878,8.6514962913362,10.1327559540457,8.08693224070006,9.03066680584328,9.05849829115806,10.2050427386449,9.23083462656968,9.35607248817729,9.08603107660241,10.0567539884278,8.84294665329969,10.5408381542721,8.72616164219075,9.93876251631892,8.77659394215243,9.40694339690398,9.8130919342413,8.78286589384789,10.3362440747129,9.31990074972059,8.70678544202924,8.1825954818443,9.4264114842806,9.88627537155696,9.62614108529625,9.22974113208817,8.32931775545728,9.15973645451269,8.88785370147212,9.60824710184748,7.54592846111785,9.3414668006132,7.17918897319969,8.07678699920288,10.402430369445,8.73144535611118,8.10253243183814,8.41142099335745,9.12137654603779,9.28445802800102,8.49332956076201,9.82894809544974,8.69572777792094,8.5607938023963,9.94653249189658,9.9318309445161,9.54272604434362,9.45695082525193,8.89698748893045,8.75146487808842,10.3698203799897,10.1853349323466,9.30130784204879,10.6321236758472,8.78223511229774,7.27751965912457,9.23440531831456,10.6830266763564,8.42786690291629,9.42990690819078,9.44216519734752,9.18680412557558,9.15058453219356,9.21858649503547,9.73749067024081,9.60418836568264,7.7476496637881,10.0727404195776,8.12428675154074,9.37613152737979,8.70162166117853,9.47984761247511,10.0207003346176,8.19743042180968,9.30001317684107,8.41319597562156,9.50644560159631,8.12458136808351,8.28573569173535,7.8773578840059,9.2573296282588,8.37844108742426,9.97179319996039,8.32393871031938,9.04304955014533,10.3268140574662,9.484096774945,9.31408085901053,8.58911274550968,9.00152429262665,8.60260320734356,9.72690741237076,7.91469512442853,9.0707670300055,8.37210180741118,9.96652330846841,9.5446133350111,8.97563158567348,10.2573934034186,8.86199413093123,9.52836794326324,8.71025372523651,10.1746331881148,9.57529804126743,9.42603390987744,10.3424694914285,9.6580752175638,9.45132640401949,9.77988927825456,9.37900474157879,8.48649234351776,8.48150344199996,10.1888834247993,9.30568762035891,9.13861644670606,9.43035331553362,10.3618971431119,10.3363299031168,9.23318638024566,7.90364675786428,9.10099857090852,8.80417092093362,8.43937235422157,9.41969843769565,9.79176434471294,9.74348549647531,8.84088003445896,8.27743821198208,9.74731806267802,9.06435964958337,8.84502677664351,8.78443793745286,8.93311119641623,9.65612292883143,9.21584097059382,9.12307849222182,9.10176192182102,9.47042904219826,8.42172170944985,9.54332600131531,9.45507786687244,8.66111262256438,8.50909982914698,9.67724241579815,9.80890082802594,9.42230484457506,9.88529670163904,8.06758026470242,10.0340967955397,9.6299577693729,9.80297831199008,9.36885238594554,9.34149521401299,8.17454600744146,8.50334091189142,9.70934583976036,9.98827589461568,8.51820660834763
9.30602805926566,10.5782937130661,9.79636807048255,9.46344724371359,10.848056507281,9.93364148467608,8.55647730408702,9.76789363266406,8.78532282342728,9.65556433244146,9.8646672055292,8.78039129686509,10.1587510084826,9.75065418809827,12.4805723354318,10.0939405309906,9.72820989330362,10.6330114841677,9.40944509339814,10.105223445327,9.72653708518802,10.3902595099482,9.96529254115909,10.093758491728,9.99485297104701,10.4212459033604,10.2951272321427,8.40845269393152,8.93588183914951,10.4629410407305,9.43742267192276,9.31786370909609,9.00341931038535,11.0539320475266,9.75082688852707,9.8683528214168,9.74723987209227,9.42110722198921,10.006194998271,9.28244636817229,9.48416167612951,8.65921795788056,9.08526416476462,8.50861086943519,10.6749397476922,8.80583738886116,10.7710582602343,10.7582329270686,10.5816120850991,11.3860595137227,9.9887253921241,8.87941843196839,9.22027583884104,9.70703340364988,8.81744811968166,10.1222593753513,9.78815026376702,9.55488033501338,9.03448760602172,8.6147769806445,9.33281605606965,10.1797328109487,10.2489770692047,10.5622408923131,9.808073440781,10.5229881846635,9.5506398144333,10.5693009460998,9.28741956407981,9.59688743625455,10.778897764859,10.7584473302286,9.6647781854642,9.25488923037961,9.01950760396964,9.4503183273028,9.96658656960222,11.191266339424,9.28451960471985,10.4557520877213,9.95985592590588,10.8603674058203,10.446405427894,10.0460979694638,9.6464789817155,10.0524478600225,10.2913826686809,9.85181164882094,10.4285713657743,8.9463891322259,9.69198452090206,10.2316188533724,10.3344405107614,9.25214536125509,10.0697913768559,10.1722760157023,10.9085729994923,11.1190892318753,11.3188016606843,10.4496456472896,9.50623407735839,8.81172156885246,9.94439618060597,9.7520631013883,9.05217532165858,10.273352274184,9.52853274853264,11.0434792182592,10.5957041765156,9.78428047407671,10.6543827277635,9.7576194579124,9.68086498667504,9.96153459665969,10.4807363423676,9.92530604073795,10.6779955873086,9.16807497251171,9.81464554429511,9.82448049670395,9.28598814672048,9.11881175960617,10.7906270489624,10.6202129634041,8.88667855347264,10.4143811459531,10.2845523298664,10.6022348511561,10.7594193117398,11.4373886327085,8.96848507240566,9.37213892840973,11.8913338332157,10.2576118720027,10.3646191489202,8.84629820549681,9.22122933772205,8.4425207846034,9.89166144686209,9.18402513395838,8.86447854498289,10.521570479904,9.20534092392076,9.50267064156088,9.17758699811848,8.01306856386224,8.98941598009615,9.60702175414945,8.73713839141005,10.2325222910459,9.20676400589365,9.29066437200016,9.15322630984982,10.2456669498307,10.1076987303585,9.02155418166515,8.72836893653826,9.54268891437082,8.45971042624255,11.2297086714102,10.5858565062846,9.97735112951577,10.7580750044021,10.2555364655898,9.05943472440804,9.56718202241401,8.61786669371043,10.5552589440362,10.97351847298,9.62186262520641
13.0080515383756,12.1217996034712,11.6664150379868,13.078086175254,10.8604135886319,12.5346038362787,14.4119505715849,13.0602673723168,11.4980492093059,12.0824388322022,12.1905099230189,13.9471953076785,14.5649477159725,11.8506051185908,13.7460675034645,11.7437216444526,12.8876978989281,12.6427120348033,12.9152633485616,13.0120564638047,13.3006129120969,12.832709588497,13.1241949382928,10.658662771256,13.3259229729437,11.3134821962167,13.3983482787809,13.4255784041013,14.1321209598659,14.2002741290496,12.5775159224242,11.9202685274673,12.8538894845164,11.7147374890176,12.2061954679792,12.8500564291347,12.4969471813579,11.648444758973,13.1645946539444,12.6177810104245,12.3300037864654,12.6389704736513,13.9337274645678,12.6632229025764,13.4765774608742,13.5520860172833,11.7819974815751,12.5901568493981,11.8366049231285,13.8025102562906,12.3934965383489,12.6034757057708,14.19768987615,12.0519703077896,12.3684923085724,13.549523724992,11.9917832820904,12.2997567376626,12.849788758976,12.0791266031185,12.2544294943133,14.6110233882856,11.7426598033011,11.3691892896887,13.5840869207813,12.1271345507311,13.6769226349565,13.6354646472137,11.5480840293624,13.0110849813648,12.4168052715925,12.9439084994691,12.97641168716,12.450070296314,11.7495201496453,11.9050677256516,12.4873783693449,11.7147861505686,12.6575106772167,11.732121450041,13.748099883743,13.4905632636565,11.7368216810893,12.931181701429,11.9124737891629,12.8535647918297,11.8257876344219,12.8179368119934,13.5566262810745,13.0540415162152,14.8898549603311,13.5143481918585,12.1209040188445,12.1464278789363,11.4503107482521,14.1085186868592,11.8962329851369,13.3787614581321,12.0018039426194,12.5415053145647,11.6998433121065,13.1495114117034,11.8079692681647,11.562472852229,13.4624283315888,12.8250960779535,12.4188598751459,12.011734103421,10.6370311399723,12.0635036748704,11.3263632748461,12.5943238140575,11.228963692437,11.5468589426209,12.4916916611457,12.5174733281545,11.7678159379847,13.1789587892215,13.2648738256985,14.0787682644469,12.6887511067001,11.7248577920841,14.9390895066067,11.4254409374771,12.4705980162528,12.5211744524945,12.8289926150246,13.1324677690443,12.445035786102,11.6524094175008,13.4403630172316,13.502701394568,12.4164664487399,12.1964846204874,11.9922756613222,13.4701795866035,12.3396440223838,14.1052066759203,12.5651960732455,13.9221315347329,11.9314482224701,12.0626194794179,14.4594209723682,13.2187971776991,13.4638580877447,12.397401532619,13.155258993671,12.5325872356379,13.0891679313501,12.9592749284764,13.2102778354524,13.1467998301217,12.5454922670274,12.4281844517601,12.7615877728996,11.848484708036,12.7529187431081,11.8355537833549,11.7810787934769,12.7784333032218,11.5640371755914,12.8692200143561,10.570678018181,14.3771678419286,11.929121752496,12.3105657789976,14.0337296992093,11.1760128684336,11.5328246870163,12.8604361051534
7.5521807287803,7.66529513428757,7.96445098356607,7.68580236662671,7.52087027916338,7.20872269400427,7.9671410323741,7.83494172647817,8.26391034390266,8.51064422909673,8.17112708558716,6.97657076029012,7.93449854014071,7.44820839837001,8.14893125385468,7.12351861479069,7.50783570711928,7.53777085723639,6.98804390651776,8.33248397701234,7.07577570274999,7.96045906764162,7.75951157552476,7.4536622678933,7.6011719701898,8.1549423925045,8.02715403754195,7.22889230009441,6.90135262903326,7.03374950206479,7.76113369012204,6.35579801929758,7.90272760733613,7.24254491600795,7.51030174130708,7.90867716602081,7.41744625704263,7.10015674002863,7.21848485895717,8.16228673375826,8.03275222650696,6.35227591767532,6.68873240904168,6.76327458258322,7.87521003506736,7.44633269892271,8.27357694727231,7.78973792804597,8.28809403626512,7.48889927091004,7.19574406786211,7.34563570159337,7.50228393485345,9.10761284685519,7.04548074469805,7.77102978647502,8.10287477143757,7.30092882642749,8.20425939172396,7.84058777286082,7.82168057080003,7.70454125066056,8.61766181498693,8.52913554150787,8.76080067417585,7.86034058303001,7.36432936860799,7.24496986998777,7.25458664848602,8.79457022456254,7.29597570580516,7.77128090564547,7.45695771189346,7.74470874224346,6.98575750553844,6.55492324020718,8.28570927700244,8.02207010660439,7.0998336920282,7.99881155813358,7.11985273091378,9.38432218362957,7.84650091557089,7.74595069938622,7.73746027102981,7.21192160326605,7.81690133079452,7.78859577781551,8.71884615584336,5.43800702730177,7.00934433765427,7.03979697722449,7.98331409461317,8.52526220812937,7.79202112307163,7.68260569822763,7.55678599207199,8.2223334493272,8.98772263349154,7.43628263642091,7.5443634035552,7.50288763996011,8.33891760002797,7.83210330747262,6.37521025225394,9.22442449914885,7.92144179301216,7.80550652660569,8.07144863078236,9.31880572919609,8.64165858155091,7.10519502273465,8.80265498367772,7.35122276198494,9.14569026016552,9.12990571068817,7.85414173527594,8.00676437388741,8.061860881744,7.62189721728055,7.95744106845356,7.48090151271671,7.99614735237378,6.59923211951816,7.30613887757584,7.74336501915042,8.11707404115061,8.79072244771394,7.67433912364671,7.59461369319196,8.16344400742768,7.65584886149954,8.58210519985521,9.13152787254162,6.80372201258632,7.67169137814112,8.55589983919672,7.52813178546461,7.90251937031966,8.99955580156043,7.37602358048316,8.00586656302041,7.527784427351,7.1495949628846,7.69553607712021,7.72372244461317,7.32500479166228,7.39500699230827,7.96217364743359,8.1170992055963,7.65910713716162,7.34507818937793,7.89854780854593,9.55832292376367,8.30368791033253,8.92661520705037,8.19554272561647,6.31445084813477,7.67641722411182,8.17687993791594,7.59872701192447,7.77500342897128,9.01131671788026,7.38047023814735,7.74643208617053,8.98230546205029,7.26366326273272,7.49900847333786,9.06952932890326,7.06702090643788
6.15590471336884,7.63495682198099,6.24735801523443,7.15758170662963,7.6134740760194,6.04619023593799,5.29938830184268,6.5569736990739,5.97152190265337,5.80536607233639,6.22124374834716,5.19875696420397,6.11389600258937,5.67105961926089,7.61585625566912,6.35374879567276,6.73987901440298,6.014782861336,5.49056778629297,6.31411077096209,6.40694482099542,7.51699776966167,5.81442013265884,5.72738491581638,6.48481264624027,6.46056498328988,7.31509491334998,5.46902877612847,5.73239111830773,7.00408727569626,6.24987049939394,5.72867787257705,5.33862373248316,6.62277312691401,6.84581197767469,6.25064878935448,5.68922488916712,5.98902831430493,6.50302105381346,5.9628653987748,5.8253973046354,5.63401945900762,6.66674212397187,6.23359517592362,6.41029685707687,6.24032063938009,7.14750235324708,6.68133017798731,7.38191127360078,7.51104567653307,6.62085989580099,6.2588959815565,6.06746082711734,6.8819682608037,5.33318752165169,6.31721656522481,5.61710279261666,6.24386297519709,5.93400009230421,5.32838088397969,5.5903281232831,6.63470835215866,6.46346547273879,6.26248189424197,6.4853540243308,6.29795345146216,5.9417695978556,6.01068213540348,5.50573793290792,5.13511480394149,6.52762363057098,7.12354201623663,6.28780355752109,6.77198668136982,5.56004750878524,5.41605282413216,5.92446105716192,7.76743731328275,5.56856292970353,7.03313400653981,6.34455621688351,6.55988780021057,6.87276324194813,6.69067166835841,6.30902087666141,6.79465243001863,6.38744676446309,5.99738330070588,7.29173959346442,6.30337515062071,5.36411425386198,6.27713330207798,7.06624611052858,5.30309189035571,6.04405216619544,5.91828261314324,6.13769012121598,6.45204816013196,7.36404477165388,6.78334126908009,5.23840115780403,5.86345790278381,4.75581294488796,7.02540102131314,6.16015704456002,6.13489229885276,6.35921736670466,6.58111180999031,6.71234769339033,5.98747694813728,7.12203302617974,6.08034310269009,6.28982171840821,7.07135944854354,7.44781521008786,6.4232976911882,7.11529573349387,5.90238355502023,5.72525314180533,6.06769407071974,5.36916695009163,5.39185309889417,6.4003687881766,5.30009241040161,6.32545341086441,6.30146581424615,7.51666487765322,6.86532192834155,6.96654100987649,6.37591648019357,6.09554651177766,6.51926487532265,6.2894008367443,6.60964976871602,7.16852036019007,6.10633571455618,6.74265453294817,4.95819316258906,6.04642515872157,5.29552402354394,6.27717500382126,6.64681868136514,4.94205930688476,6.04462710945417,6.3737559589241,5.04526042818016,5.43041710078593,6.22060638591521,5.40982517347092,6.6026237342146,5.52229650401657,5.60200897072006,5.66900260510793,7.05539101513765,5.98680626586411,5.59960986880268,6.29423817457682,6.81144732679036,6.02171528984865,6.59866950278915,6.23601870170714,6.92565212977209,6.83914725100208,6.51065498989938,5.66321668890834,5.97622401764324,5.60504382657828,5.77931352880147,7.27273319469878,5.83985333247596
12.3672470573794,12.0305525718795,12.5007609528278,13.5626582975396,14.0552454001439,12.8969036251827,13.2442922538633,13.3472384035854,12.2443365036356,12.1193942236454,12.7852493488711,12.0288959185311,12.3772491537607,12.9522063567335,13.5681433485566,13.2472398049014,14.0526103864299,13.043813207578,12.6882673500521,12.8484511349454,14.5620069190035,12.7481678406382,12.8474252653008,12.7435285053834,12.8643800350881,13.4612431938037,14.0506648322169,13.0007238956872,13.5433104330018,14.0982490583692,13.2065122075645,13.952067142044,11.6717360553875,12.5826506284697,14.3582801042339,13.389172014831,13.5575003043194,12.493087995493,13.5379854822692,12.5284642275967,12.4767898672131,12.5450640473695,13.1717224271094,13.1507887296953,11.7401032152034,12.1370081787055,13.0586363721863,13.0110484070702,13.0257728529444,14.3603720530652,13.260084575671,13.1866740719872,12.5972959441589,13.3530559622299,13.4431876085522,13.0106451631202,12.9541028653074,13.4646440540979,12.6105904470393,12.5054503753147,12.5033041827647,13.1372986468476,12.3264846585563,13.1550445496351,12.7940112521584,13.1534301624747,13.1928415449061,13.3017047878667,14.1262241089327,13.353403429805,11.4479289078457,13.9231528304433,13.3784161145584,12.5888163521341,13.0796282031958,12.8239862456583,13.6605480342217,13.8122577329855,12.9976182905477,12.2753049427436,13.8574228254162,14.5130295458433,12.8777292577164,13.3959431759883,12.5551049196292,12.5661640372449,13.5372427479525,13.6965640242696,13.3676965027764,14.4689156775592,13.6021883679754,12.9952628991787,12.5696077073347,11.5975814247289,13.6646711196656,12.9693902576997,12.6798799569,14.4626155350595,12.6099738363397,12.8770187255486,12.9530979473644,13.2421544924729,12.7284379660508,12.9792484159067,14.1107364577792,13.3869564851296,12.9563031237502,13.6177495853172,12.5740835319094,12.1394437881883,11.2176917673186,12.2851954088544,12.0556033082892,13.362859597678,12.802172916427,13.7275645460288,12.5597081645159,12.7949584961671,13.2606942419597,12.1554061947174,13.0326803566558,12.7990041281842,13.400471971526,13.9705103636623,12.9301164044808,12.4490990575516,12.945880623371,13.2155511337211,12.8520660600478,13.7088563084666,12.8434576530184,12.7459488542641,13.1350805832041,11.0374244192909,12.8087028795857,12.2508917093894,11.1064962978488,13.3277643467065,13.0064331286008,12.099483082711,12.1959166892288,12.9595186184118,13.8362402375356,12.9670273087281,12.8192489196477,12.6855917983811,13.3699611016773,12.3006721408353,14.9638613140699,13.5919286428858,13.2852893338635,12.2445717074294,12.7002989682217,11.6759597015092,12.6129762619371,11.0029089786132,13.1497567906601,13.3461773192002,12.820777079235,12.246758846656,12.3273119806563,13.7787571047706,12.1997786873188,13.5275179499022,13.1224270395076,10.7949701608148,14.358802602581,12.036164718801,12.557121061483,13.8008319134535
4.65786888924105,4.37050647308596,4.56848583459111,4.39329025546626,4.46424767710697,4.09225714496872,4.05144491601879,4.31749143426528,4.61717038996741,4.17121814327457,4.47336266704822,3.41588764484357,4.27992569756257,4.40189029251562,4.88794489173525,2.67257613881191,3.46364554004573,4.51319966126812,4.39735064062308,4.37442899907317,4.20097269951707,4.37172491763695,4.07509168066225,4.51771512820019,4.19010002092606,5.36611496980192,4.41440194946617,4.32740692001177,3.90218563271925,4.34309624939936,4.56941070520719,4.75209700233482,3.95194187377093,4.04519405455009,4.24495204715033,4.12161898688037,4.54816283391939,3.69303639756004,4.24952472448125,3.96067454261536,4.61916663779254,3.81162866860994,2.99286664787479,3.69249121428424,4.00970460348029,3.84003576465031,4.66852073201034,3.23478450772157,3.2255347921824,3.41584326145378,4.02546054357779,4.13670626779254,4.69289273372385,4.82811774284029,3.65754905702536,3.93515814575384,4.35237909875384,4.69411650205905,4.81051422130094,4.32615241267372,4.21757250149297,5.28805599583562,5.07844119009118,4.80944226109407,4.69405696916131,4.93316750570239,4.49946498825866,4.23371072213081,4.01972313101612,4.82426849227114,3.82629196985695,4.77415243861514,4.02058335533998,4.33628639087644,4.3527275196304,3.24871121426083,4.06528623743353,4.10482664954391,3.40873924792466,4.48029359940582,3.66465877091872,5.08399471687992,4.23825535012447,4.28205314328871,4.84843881486143,4.38878350929613,4.33848159781964,3.69971696985727,5.04515743374895,3.8948967728302,3.04140520800343,3.92208751722099,3.74113060347176,4.35901814209764,4.69374275093325,4.19664170307347,4.53601479083477,4.97752774732407,4.38206889276602,4.58882883451538,3.776387702579,3.95414287144652,4.2536061584505,4.23650763802302,3.58387215110477,4.23792082654117,3.10225596850809,4.61498574761004,4.26064033075258,4.28912450955542,4.85130169886877,3.85726611355058,4.28147467458834,5.21209303046065,5.0874859998713,4.91507793849211,4.43247772993776,4.37215721570487,3.31241798782704,3.95535365875778,4.58102118476352,5.04290409977334,4.37944160432765,3.60258231496079,4.49482863126603,4.12702842940634,3.75090176954275,4.53023944393717,4.78596878676865,4.30347312888892,4.09295987333579,4.52275395109645,3.84421612228561,3.38825754333898,3.62435769106639,3.99985914324397,4.40531445107073,4.02544019802387,4.63764050308412,3.91543969420163,5.32342260448961,4.08570336633561,4.48880072993107,4.3006174228274,3.93927802869838,4.96323853840839,3.83854289590979,4.14678388506388,4.5689095253197,4.46424641491547,3.75756113279843,3.7189287531898,4.33662927276665,3.69872843093218,4.89933424190117,4.75665545236882,4.43844868133751,3.35537622454251,4.0337591537043,4.27564836684313,4.7322383872803,4.30235510291635,5.18836022384476,5.28929137409742,4.12815199202307,4.78454307807934,3.84172672027501,5.26657530159412,4.63050678275239,3.74892163052872
7.50647153840746,7.84412004681969,7.53804114242844,7.39423932893268,8.33478220468529,7.87170488617592,6.62361985136226,7.2213071261878,7.61122132407381,7.05405137019769,7.55059813939372,6.85406688712207,6.94683957880487,7.37740837881178,7.78532654492053,6.77334938352195,7.18895757544894,6.84006585239138,6.46732738225084,7.2673168005299,7.08456163259311,7.56541190435079,6.3555653596653,7.29545838169896,6.97341083691614,7.48892136819246,7.72642406136254,6.19964137216266,7.08838638818875,7.70755337600758,6.88268457074814,7.43252919161681,6.82974342332033,7.00925122053478,6.55492499323268,7.93788207008625,7.26833546890566,7.29339636232892,7.40459541100528,7.54441260495914,6.96977647337988,7.40133937900951,7.37271965408881,7.43017568185759,6.98533464214767,6.61936499902198,8.06515216437034,7.13556237508109,7.63106268104089,7.95464968088462,7.06852306910268,6.66962895385126,7.60740996979747,7.1657455635315,7.1102757867959,7.45730377436105,7.30927277122919,7.50264652301133,7.37948773473171,5.906246992369,7.26780069417759,7.97038773011384,8.16930163511596,7.80915967482172,7.95730990303522,7.10521070588381,7.20253535477195,6.6836000618191,7.48865982440759,7.92923380911865,7.61609879145249,7.50132913044102,7.17432922500492,7.45433881853263,6.9749698494073,7.13027328869842,7.304231193459,8.32674873683125,7.47529510697944,7.30221428080124,6.61647346953731,7.14325715217695,7.41231869237153,7.7250947466264,8.43006556800616,7.15181537443224,7.48835904542328,7.53251793796156,7.24612799112716,6.52853412427498,6.33864739163727,6.55281095578117,7.72445600462994,7.44324808800529,6.98605560733725,6.77861730353398,6.83491892673485,7.62549269786748,7.59028218854061,7.19719048662164,6.289214999649,6.97503459487394,6.65388861271736,7.87438727858427,7.62437402180703,6.37571924500903,7.76658976107222,7.95731138534512,7.47352909626536,7.87762117497193,8.25999774280639,7.00159036757933,8.61355442092373,7.22261620163127,8.33341771602423,7.83790610077031,6.96673165915438,6.92484207384137,7.75339647390806,7.00713321914298,7.20074806236845,7.20040921217144,7.29070176354954,7.25707766285344,7.5015415682971,7.41100227265628,7.73445634088078,8.23341891818576,7.69230172369344,7.40063849564454,7.13930052692911,8.52246709587775,7.63740012472007,6.84673785377488,7.58868171618082,7.48382658866117,7.11146983336522,6.69252948261266,6.66808821429258,7.13130633201497,6.06781764229427,6.94252682080983,7.34318578237643,6.98998145330261,6.87148216556392,6.27391332651841,7.15356577296011,7.08216462786299,6.16005040487719,7.97202909639772,6.80961602185368,7.53470799485893,7.06087306972048,7.55903978597328,6.95456966806159,6.30454407771476,7.01058612489694,6.59454478942783,7.94256949620198,7.33080526885576,7.69099936891971,7.01844793942973,7.53686686345059,8.07262480540618,6.55011635871661,6.60433652380352,6.51747031758338,7.89589335198571,7.7741834308655,6.91088066847623
10.1921510976574,11.9087268412611,12.1550976048918,11.5879362889891,12.3134232803618,12.4272716457721,12.6987776075274,11.4820176341416,10.9794981215625,12.0716454834909,12.0015566406172,13.7114850206332,13.113562279103,10.7149083596448,11.9386678460749,13.0290972952733,11.4585565676515,11.9732899926738,12.3104427310597,12.1524810171318,11.5573195676496,11.1620323300474,11.257538610127,11.6965170361082,11.7195193449985,10.8718162312797,12.6879442815267,11.7350903944571,12.1378992774867,12.4410018472304,11.5291090457593,12.1381600978296,11.6392551583032,11.3847975413805,12.077356245804,12.4570599529874,12.6476062486491,11.3306142754187,12.3307888935933,12.0991416050626,11.9232162715963,11.8337426424748,11.56805577442,12.3033959455147,11.5417768073027,11.6531139395896,11.9987326646671,12.8801383145605,12.719611852695,12.2192972076822,11.3697805691652,12.3690607543305,12.4704809878208,11.6887387783989,11.1799342213732,12.1501753744652,11.5323479647726,11.982626037269,12.2329296014737,12.6367895738171,12.6589191674625,11.938210196771,11.7662530857506,11.6622168576619,11.5138643922318,11.8881099716045,13.0599893266468,12.8532998465459,13.4233791777507,11.9039821310768,12.0551391659568,11.8104372923417,12.4530075113664,11.2766712981778,12.2355968152473,11.4101625956835,12.051988015749,12.406114021269,11.7223857533326,12.131911732368,11.8387221840079,11.7667975265204,12.2757123999093,12.2541992208001,12.5907870818225,11.758785504735,12.1997990599201,12.3523454072608,11.427654761747,11.8262216195847,11.8647105389857,12.224890886424,12.5651006707089,11.6458595404589,11.9599470394499,11.5116650214876,12.1530121591725,11.8779145384134,11.8435384770431,11.56356859563,10.8244803498191,11.5108285790543,11.3278716063438,11.2039843918876,12.4976766445589,12.0748016708157,13.4310770251954,12.4653815257868,11.219609191122,12.0728533183711,11.5224701484722,11.5863770108508,12.3445998846165,12.180991779088,11.6016139677249,11.6467271990114,11.9983843654504,11.7396263276641,11.9455089665661,11.814734458949,11.3982275184383,12.4200335693104,11.7991148784848,13.0825450800719,11.8059926130249,12.3781236569654,12.4401804405362,12.7887543478189,11.4773674432142,12.1836204593724,10.5837939372535,11.9546233817274,12.744677176217,11.8651032152801,11.9852836848575,12.5133435386773,12.3388806421468,11.8018686483922,11.8749459196738,12.3450407057788,11.2365142238492,10.5550399550856,12.9841752991609,11.3418124759728,11.8852752683047,11.9246324411533,11.7263128165803,12.3138684273354,11.8225622342874,11.7887999127655,11.8453277979683,12.1922875921242,11.5563532154468,11.3739370581399,11.776382749719,12.0219428460579,11.8874714645155,12.1891115843206,12.6181766757314,11.9671820221196,11.9308075029816,11.1546211346741,11.6053439935089,11.5119337811037,11.8125229309963,12.5125491388626,12.9374388026416,11.7471105068523,12.2463136389966,11.3362241823354
6.6007088393716,5.35601005407238,5.16301119363228,6.19986804154758,6.61609337512229,4.84081640822072,4.39242467692141,4.54446849830447,5.67817689304752,4.81752418774498,6.38061801378847,5.92774587417932,5.73807426028315,4.86497175603055,4.85115280743597,4.49788225881517,5.07644734083396,5.87789500145009,4.3589030823968,5.87900226555191,5.81848197100824,6.04674166660763,5.88536549820954,4.33025090100551,5.66857031501931,5.30664023111223,5.84547908273972,5.569080589083,6.2850912791982,5.72906236235142,5.48730436855022,5.84657210743924,5.47905576293924,6.21620354106342,5.1396657497264,5.87496929302817,5.7214613650354,5.23913088084607,5.36170616760223,5.00911317943292,5.57842526409986,5.71385082836239,4.68573597869084,5.3493922429026,5.42111349393217,5.51014177285135,5.4120809751092,4.49743245581287,4.05882711327665,5.15144321031222,5.40953372783835,5.45013299506182,6.47546745362765,6.01464477589601,4.27466958465664,5.23480347685981,5.78926663603753,6.23080268912057,6.08436902312714,5.70750119973052,5.85460091518763,5.49137599165514,6.65846284118751,5.88786292229063,5.42487627146695,7.26302942551847,5.54827012939827,4.69775378164502,4.8548358578235,6.42386817310394,4.28416686869365,6.53078515535638,6.36512022741138,6.30503942891308,5.79258679546713,4.82879266463727,5.27279731500093,5.42413697574486,4.16652711215315,5.65830895204359,5.75815655471144,5.22927279699355,6.0389276897695,5.59080365248035,6.02543665590202,6.35820728463139,5.60645105833682,5.26871807903241,5.2195911255934,5.12406932612262,6.23304766066868,5.35997429953803,4.59776082355492,5.26712447642216,5.07465954182543,5.4169772754598,5.78140835479673,6.20334980551497,5.52047757507659,5.77857994873311,6.61614710446603,5.32423249026861,5.48163000425084,5.60442920186106,5.86209498572557,4.76049227199688,5.5092750333024,5.83510394228754,5.330328710317,3.41066546293839,6.74143783874977,4.49674192655534,5.93947926106042,5.18659656629078,5.57587245103069,6.08186160567694,5.16482731364313,6.12902245059578,5.45572241696244,6.09758373014879,6.46905527579705,5.96590509174521,6.41122222550337,3.96956946577779,5.83004017573203,4.94870708857268,5.21173344412059,5.56053617158245,5.66754809544165,5.22690571085911,5.40215407167549,5.23077849025532,4.96443978544568,4.82753089659604,4.03076234566821,5.89614962293868,5.47658638637192,5.74737833328621,5.90928215774105,5.13398578685788,5.30942996506807,5.10611010500277,5.24293944190309,5.17715317232454,5.7939252844592,5.75608200928448,6.59381131691512,6.18677348755304,5.8553933450613,6.32390294380014,5.23829163061745,5.3829154109579,6.06460844601537,4.11043726555175,4.96211087978638,7.14720956128428,7.71692533373712,5.91744858335675,3.72941442401087,4.90594429895677,6.16737421245508,5.64750112124973,5.56705819992383,5.25373493547129,5.34636226755313,5.1167854981527,5.52585850124964,6.19443111236812,5.85862126545803,5.88134669679859
9.84473086723046,10.7259727744068,9.40141273493078,9.67994277589758,9.79309175718459,9.08647743939528,9.74574380760821,9.4306527052419,8.86182933595822,8.92156818878176,9.52375664108006,8.84450050235926,9.06248371556069,9.63453712990832,10.5663112212819,9.12816087422334,9.32579063002145,9.83867477468595,8.93769648158782,9.3402544269808,9.15737342680559,9.89581602125273,8.69838705347267,9.51871144595471,9.93810523761332,10.0236681305056,9.74786505542232,9.11827350140875,9.18789416954767,9.46521018627753,9.19551024548896,9.21955903084817,8.94317652584554,9.0537946666639,10.1719226355909,9.84157972830068,9.13565827024316,9.15954576516797,9.45340160764455,8.9953260427956,9.58852363535372,9.11385241922316,9.96730499405062,9.93684361546055,9.51689291111795,8.53836200157618,9.68691800200425,9.48776014957817,10.0995320514807,10.0626767794116,9.26012877742386,9.18492258779696,9.84870348089381,9.33206197783012,8.07228812476807,9.44747061882543,9.1478988183504,9.49261824776783,9.60497532470815,8.00481488211143,7.85342200940032,9.75375652036409,9.23972766605477,9.40437507171355,9.50662304071384,9.62330390980235,8.99794975769214,9.24119647653285,9.28188878092413,9.40762007068262,9.73189722430181,10.1867142108025,9.06461502771831,9.72465793984969,8.60366027129486,9.38962454166722,9.88739623214398,9.87152497051197,9.13777625052186,9.49730669014552,9.32147557837305,9.66936516617308,9.34478229276273,9.66947200678559,9.44426221924735,8.61122111445809,9.13455452910644,9.61816773086045,9.57871410651543,9.09949539828215,9.56553469080804,9.66834586963958,9.48962856109782,8.9315774204411,8.86417012183796,9.07190699741769,9.23431071846048,8.69079114493928,10.4140656006816,10.0760467477056,9.97068214813383,8.94345761362787,9.38327081815663,9.20590148802041,9.81732699142188,9.19378060091104,8.81590236646306,9.73887392506004,10.0015554674485,9.58477167426455,10.0878525963506,9.30256730654124,10.2200898878713,10.0459241682405,10.107257885618,9.41518577490902,9.89495088148189,9.22958669454684,9.4497377018767,9.06323680891232,9.71592432122452,9.14870792607998,9.7576272213285,8.24584519696693,9.59144825705791,9.44324874408217,9.90309865345534,8.44835536043739,8.94226529437031,9.85683630150008,9.68462947810632,9.57064943813491,9.09625507419512,9.46329454598702,9.75236205605796,9.04373820905362,9.09135793628638,9.05526734130511,8.93617067512219,7.86425414995733,8.65406514099136,9.48350791227926,9.17827497065789,8.96021584060293,9.55123890564975,10.1763432810773,9.16186127154457,9.82695488880645,8.47380653854782,9.55507226656379,9.27785796925185,9.46012347611938,8.95352927693323,9.59323373038501,9.68880111932285,9.19606211010147,10.2121474208209,9.28970466373579,9.11164344854141,10.4367703034951,10.3689962199113,9.39057787429107,8.86100688945744,9.53817665288669,8.48492779539831,9.82217232359154,8.25757908149413,9.64227091461875,9.95503868943147,8.99459492667153
8.107048729581,8.35210243172175,8.99131091569433,9.30826246852067,8.87755646518317,8.84787933984518,9.6117798436249,9.50036940656971,8.41438092003867,9.07289393196218,9.22668730577354,9.20531029761478,10.0131346075393,8.18587065470322,9.42661432448684,9.53023220051977,9.28460587581386,8.54071079540593,8.93352335772519,9.79570097891383,9.17311682015721,7.68652882398333,9.24835293398316,9.31533334734638,8.9181174334106,8.76530033608433,9.70255840155426,9.60622875962779,9.24573068139115,9.75653332734914,9.0246636015946,8.97454434521916,9.17562295516508,8.44683923916308,8.92328136692533,8.93992074197981,9.49979122218799,8.27086432960307,9.39175248394651,9.30923841367266,9.45294787865615,9.04550053791255,8.57559875148662,8.35025702290378,8.72284313620358,8.32645999883973,9.46893138191443,9.51317103965774,8.79238126268435,9.8683898393104,9.17786168904001,8.21441448172673,8.87989013962781,8.59487546645753,9.39924890045538,9.18467227225831,8.19863872314544,8.4181981154024,8.98503063211395,8.39047188329943,9.18048764774869,8.24231983636214,8.50714310664866,9.32592302724867,9.23568120355565,8.92423748058403,10.0046749151111,9.54654362101242,9.12045744713612,9.33616134415063,9.11272007519663,8.86547349724964,9.46696590496606,9.10512191559081,8.85510373950686,8.77824310150121,8.37148405919256,9.21048533500024,8.63059657893253,9.19271572625663,9.00264826357138,9.94372685306109,8.90653063447659,9.40239311745248,8.98109992423771,8.24297032617292,9.2075151063955,9.68161420893422,9.36033332921258,8.93427328316857,9.8176541507876,8.38501971844376,9.41396103386896,8.16328525746211,9.51228493926915,8.62956598259521,9.24816003820148,9.59237094171861,9.38713470446739,8.89351398785311,8.77543664985462,9.17697136211508,8.29939366131795,9.04716570343335,9.83258799056227,10.2776856316587,9.0860893917706,9.52792515351284,9.04187615338732,8.81244791661711,7.69337551423165,8.79728900022299,8.5574946376193,9.40349070826298,9.35498867807794,9.27579982488672,9.06263837825806,8.72241523970732,8.80834115654661,8.61288606339311,8.77878468954862,9.67291683136278,7.60473056375419,10.6806608974845,9.26421150484661,9.36343744465668,9.63444833586571,9.71514377681709,8.8949637177526,9.82049015257739,8.50568173215644,9.08797295242318,10.0596024930335,8.92706410858159,9.12545145941149,9.20836318397203,9.17941037021727,9.2527793574315,8.74435754822978,9.76732004860672,8.89760228201802,9.45585325329455,9.62148769897882,9.07992184151411,9.79886580803718,8.74994867598253,9.18156199216339,9.04226205886375,9.02870684175387,8.60242648977106,9.10518176257696,9.1417780165705,8.89662941196267,8.87690812670869,9.47081054561752,9.21874391522368,8.01071554540392,9.06614929872333,9.70358854535801,8.51015253317067,7.97403865372845,9.26271845863563,8.44552608892191,9.12346830897913,8.99517824362541,9.26667665808365,9.90942229335528,8.24455051779945,8.93491830699516,9.23254172342827
7.98442075845602,7.1381378034083,7.31041704017912,8.31529445696137,7.94776107636125,7.33908723524587,7.46114406166339,7.89059092923219,7.32381834910027,7.07190552065013,7.47539400561433,7.1293237368318,7.7235706157788,7.23451972782403,7.69416945879981,6.98921129633578,7.13486570706946,8.08313827519396,7.24423897921537,7.96600276139949,7.59115754436399,7.38346214269111,7.69181135457918,7.63008268869902,8.39182670205676,7.53313255801884,7.96906952734295,7.74293581429551,7.53697400134005,7.49935674373129,7.27895353308884,6.01570906628401,7.08680142517189,7.33321394300351,7.99729126876532,7.56579390205551,7.56506693688072,7.14670313234997,7.48540263643359,6.94682618840527,7.36912244084855,7.84235603157116,6.94809334065147,8.09611655194412,7.63289393658631,7.27245818885142,7.86794540764342,7.03572940730758,6.23245342832454,7.16106754880566,7.74359083054182,7.76665710155847,6.897412741812,8.66040280259672,7.43879408992417,6.87425824006341,7.35278573044065,7.03402951560046,7.98550937095606,7.83634344677124,7.46899132571099,6.6489781924197,8.26273435776374,7.87237794831984,8.28444995121925,8.17073875318771,7.76219330764544,6.84756086901416,7.39081271115524,8.11244130476956,7.34981378885151,7.25008448172104,8.2609540188756,7.38488333136557,7.19161559926024,7.5001136241399,7.0855757100631,7.21998531842851,6.92605586709085,7.44503878455546,7.06064647706509,7.35706444962423,7.38164520639197,7.63721449204535,7.1884016445246,7.08442701445618,7.38716322996367,7.25947308367689,6.94462802991287,7.26223297546385,6.83580272583257,7.33084152224875,7.27870913889585,7.53357952944918,8.21010125787502,8.21771815469565,7.78851878081947,7.82621378338685,8.87757584973719,8.40867756569054,6.95489862761134,6.98999933530376,7.41389299886251,7.66300132608334,7.25095598581704,7.31080675770287,7.02101096929822,7.8255736452178,7.15776044956201,6.88503013948889,7.22555213872361,6.90609725789275,7.18913999746001,7.83344709578827,9.1253212247375,7.21045831321207,7.52750607703759,7.33871128186529,8.19039127895467,7.57727943851696,6.95385038790406,7.64786606162076,7.54008700919765,6.63055794015785,7.78597791532013,8.34479547044018,7.02090343313588,7.11923161532283,8.2971782499656,8.02721701561318,9.00308658034969,6.7750346028829,7.01565929209088,7.30680054967904,7.13045492945892,7.09878134167655,7.73722025477584,8.13817040495002,7.61765116547077,7.98996896766497,7.94945416229192,6.66485409322853,6.93482567040102,6.24521697622094,7.76614873528258,7.84288785502665,7.50854299125215,7.79807177401449,7.85390939371355,7.67532631563891,8.07009679360431,6.42957355953048,7.48931318234385,6.59840618132233,7.10006057348415,8.38855401432717,7.88590250801502,6.78883430053699,6.67124312363186,7.79366362022954,8.13415838107212,8.87835550237042,7.61120308393016,7.46894536304184,8.0120031928759,7.37653655187838,7.29327773784827,7.50024268244081,8.09887266814876,7.20471754185725
6.78408963901568,6.50177958671785,6.74568314165972,6.6197180903964,6.60962436232961,7.16935609997103,6.98589872978268,6.64026535223587,6.31076100494598,6.13234499244366,6.04040606508724,6.10905506511376,6.58924272194995,6.39632917762955,7.78960586520934,5.88780790058479,5.92700566234552,6.68680860602444,6.72553547198513,6.62448471804725,6.28280607926796,5.792454167699,6.3740939531126,6.2440151251752,6.95675823669834,6.51635902492738,6.64030530512093,6.42584606544772,6.20252349889649,7.27964553179107,6.01437372996348,6.15060353613599,6.29202251242442,6.22901296876581,5.99611813312329,7.67442096236513,6.71699145184333,6.16462922895299,6.58832522546465,6.0213220571856,5.35912126649311,6.47600906082661,7.58099399904993,6.40673080444222,6.45663084283778,6.59475392977039,6.58639715771713,6.74219835985089,5.61368571100809,7.04934999896537,6.31171112102068,6.87124846891454,5.85413678479661,6.83285615980854,6.00556094621965,6.33691390077487,6.07338085095961,6.10820521858046,6.72904640639987,5.24145978642446,5.77464970974033,7.2286514147881,6.40265255883596,6.17478830840723,6.93826203393169,5.92898522365015,6.92469515748356,6.81895407947655,6.3157047756696,6.35070781579097,6.2138468041345,6.2891068034026,5.67991165800306,6.32801412006514,6.17958985313448,6.76281179462965,6.12114730317223,6.47120982357339,6.22868851161735,6.07244613056662,6.68510731206144,7.87424855051482,6.2229481728937,6.8048990729864,6.129641896581,6.42313286876413,6.24354645615295,6.48581464422861,5.90324149156893,6.23924034893367,7.00810645550296,7.12848155303659,5.90661190305391,6.02687729175011,6.61975998729481,6.47638135401127,6.2789019470728,5.42292479228423,6.82730874692148,6.15896931516943,5.29427381247587,6.1249727348279,6.7142617657615,6.18583548004395,5.71294523229805,6.25554717880316,6.4941343207261,6.75204118627141,6.47809338385618,6.63976960552684,7.13710420512882,6.18376112683078,6.71311119002312,7.49806558036142,6.65711544285234,7.35840596676365,6.62132629370574,5.98400851966751,5.61691631390853,4.93837461422248,6.12054168976621,5.61254370007645,7.02874770506176,6.62654194991827,6.17380396666491,6.70189326299886,6.276124810044,6.30088353327543,6.28556404626449,6.39297137651203,6.99817769314419,6.02811649194583,6.73998869026958,6.95725087718589,6.93499453417863,5.34104708365001,6.61754589004913,5.49893090803317,6.51522545305198,5.65571167086609,6.74367416453845,6.22591669752417,6.43077550112097,6.0558346105048,6.28148049799376,6.34246952632935,6.72516301864993,6.93014411900247,6.25558462377058,6.070962006417,5.94037371277344,5.8277617981217,5.21095415392772,7.88658227438198,7.07207595223812,6.65256465586782,6.11580454739093,5.81935603219228,5.32400993312254,6.34049348153561,6.06944070307727,6.57387623672641,6.89616788842374,7.06922506118382,5.87812566730622,7.26546705238669,6.63001151668812,5.64268845474833,6.97819702194203,5.88657905967523
7.14063993338068,8.69905314806202,7.71063995223968,7.75386168256936,7.39807631581081,7.92584984964475,7.87705327641588,7.45599826074771,6.75082817351984,7.41363742961027,7.57658858639271,8.49987764335896,9.06278512106895,7.42219622194694,9.33284921250912,8.34097431703984,8.47630030549012,7.62095931505547,7.36604380569607,7.4619223502015,8.21106887609282,7.31768015348385,7.61870021038422,7.68382528714572,7.67576557812497,7.41877316998643,8.02380911561996,7.83205552202293,8.33069500115809,9.06482141656007,7.74955011864694,8.22434447303037,8.12848892875368,8.07320660514533,8.33937523693978,8.47742845075179,7.75830758832028,7.72522044498676,7.85863897688709,8.05221150139464,7.82555787803693,7.07066923113087,8.45295803064952,7.30142753152162,7.85958329120514,6.82904859873265,7.82727369405201,8.12736699561393,9.0799725856142,9.14610108967951,7.68478555881295,7.91910145033869,8.21377522382822,8.00345338923264,7.5594386582424,8.47426346691901,7.47070575795191,7.95087243601344,7.69603783870681,7.16978170117427,8.53395252329626,7.3890563677744,7.83212197607388,7.03669107043377,7.28072918799839,7.74567741330226,7.73638117807196,8.14860234326519,8.36129656878724,7.64874234079467,8.09185344352637,8.3158274416747,8.74318378431642,7.60232326221763,7.67481546550016,7.91696007756442,7.91672930819113,8.68459271978318,7.60161008684268,7.69525188036292,7.81876641632595,8.08900788029598,6.54230911076485,8.02297969532214,7.79677116064956,8.38539149863969,8.40139102805507,8.47280285336537,8.76048156103094,8.31175192535706,8.69464182113869,7.89448043902234,8.6054555313993,7.77232292614002,7.41361238200115,7.88074541348733,8.02410400670839,8.25370875840733,7.85881113569697,7.2178939550735,8.63665129868378,8.09945810924448,6.96592413200754,7.41018648532591,9.1629294901926,8.26890486600052,8.28306732646223,8.33864693490765,7.13751920635529,8.52668194592039,7.43766949794321,7.73061432559796,7.16762387336088,7.35814485116435,8.7934643558171,8.18092789027865,7.29097118927969,7.98880804745349,8.0185861742121,7.85989624819851,7.9874897208794,9.5246809657778,8.24558432282175,8.72425415188452,7.52872826492253,6.59056002641027,8.61616726207243,8.38042482523629,7.48198402851731,8.60394638026863,7.55474185209097,8.92286343675483,8.35671249735953,7.69776732158051,7.37276031015819,8.8082954128187,7.25305832663883,7.61159120778485,8.06104023944196,8.43216470891546,6.93062505937228,6.8289968324841,9.09471234682047,7.46962338500466,8.6258410502161,6.93175158167784,7.64443214289146,7.74989889983509,8.18457806856147,8.55088847809537,6.88777965125091,7.8861829048016,7.94394013715495,7.19034468209093,7.5862086275864,7.48509568653718,7.8294224716848,8.08431016977899,6.90570387955493,6.83391998569284,7.92452899569022,7.98015367314933,7.33354025687617,8.60541430207686,8.08438181567021,7.67367844198938,7.67851317577782,8.52221064973492,7.9572285205018,8.00680185580606
3.38677271408897,4.3585126849514,4.54113589036269,4.45300483072714,4.31118161603155,4.20537262420956,5.13314929708386,3.787894141059,3.85099175305671,3.8294379743726,4.18944192094183,4.45556984598739,5.21870025787237,3.98331200661252,5.50511601239848,4.33933059671047,3.41729087010628,5.50208786939941,3.12874022237978,5.34995722169117,4.27664292797339,3.94371260970324,4.76317197649619,4.33683929225162,3.60523104373887,4.43392281644073,4.75456180522804,4.00700839788767,4.40726540004872,4.42160164966867,4.41315959993611,3.6512157059513,4.05202345599753,4.30777656112621,4.48270480485764,4.13605500641313,4.74537201046961,4.50542749917151,4.54549418173056,4.17073931602629,5.05623919283165,3.89494327670534,3.57092663549081,4.03928880736455,4.30564220247174,4.101005677086,4.81994401176539,3.98311759174696,4.38203671033431,4.40680280813889,4.86910721386023,3.90424077326533,4.49678192413601,4.02079784107003,3.91269354238744,4.73044867117932,4.28120757793584,3.90108254128477,5.24904117526997,4.03484681693406,3.7975419781383,4.20099976996662,4.94866178837071,4.43660429388383,3.8718371105037,4.49504431428442,5.04169227976506,3.95112161844533,4.18042175333014,4.5881310511537,4.38444992012454,3.53875472764949,5.13922627681012,4.47894005024538,5.38365060651366,3.06955117756772,4.21972503870912,3.75775622176477,4.19198993142315,4.67368078704698,4.47871150095399,4.74122275678535,4.48038129696747,4.37309805932521,3.940252126275,4.23268043936615,4.25045643303313,3.39605648235726,4.75085383943898,4.193453174479,4.58266381168829,4.22080085932827,4.31405659204625,4.00981337776887,4.84967571667186,4.51724703023524,4.82054293481932,4.63574255879754,4.00958558139695,4.10705308660539,4.67891914732191,4.29358586803073,4.14336634403787,4.67519824650855,3.73169737825424,5.39001389743608,4.36249034367344,4.74660380731884,4.45857202242286,3.36017254377751,4.68674031818015,4.20113973242556,4.0703781128776,4.11090173385255,5.0781574123187,4.14314298121978,4.90886345411258,5.12160917993307,4.20219980422282,4.06746102799701,3.5618117593305,4.53282856697774,5.09811871314607,4.1177702090378,4.14984464729761,4.04653672360977,3.41610276150086,3.74718021457652,4.59805584003137,5.71220730435373,5.08389765563655,3.92109301665405,4.03435263275253,4.21810942432837,4.24532971599427,3.53251133744263,4.51550684933308,4.91627767253503,4.67267427890405,4.53477659459432,4.57818512010063,4.48364354129762,4.85635342363343,3.94020985233208,3.99473725525498,4.31606577048192,4.23479917161627,3.61732012588553,4.87879217874042,3.84830849232743,5.57973486228036,4.26017015062032,3.98233948494002,3.82735827345111,4.51067150260747,4.09448453569565,4.46286477027633,3.42796277527039,4.04773418642704,4.69601623133223,3.43459963066334,3.92238071383551,4.5176390985676,4.27929389914543,4.67931711526427,4.5345487905567,4.07863993852269,3.82936887761423,5.28360357660724,3.7797848504606
4.53952326025853,4.45048818033687,4.61133791066556,4.39658971603863,4.9367022082496,4.74242830889645,3.35532348804001,3.33848778266102,3.96351560567896,4.3985788984463,4.58684462272773,4.7959832595446,5.0293927819461,3.88758932972611,5.32554127740447,3.86539860016957,3.70900043685373,4.41102416520906,4.4053459788912,3.9620465310265,4.27573684797932,4.64298357917746,4.2056971174199,4.35356528180558,4.92167653249923,4.47439947083451,4.91485677291998,4.11745825024741,4.00564472999026,5.41760888030111,3.83331787179781,4.28400214306562,4.39232256440329,4.68266189051087,3.42973804887548,4.60307811088862,4.09031901408328,4.27728918213886,5.06269938914915,4.00483853226171,4.04306734517998,4.23093884953627,4.86751385870678,4.49870005692774,3.62462952235163,4.08316850186535,4.51127196815045,4.14074218731314,3.70849779917957,4.72655834873555,4.17701176038016,3.84724455438375,4.17245594265936,3.85219260298374,3.7521586263688,4.61491203793234,4.3463762856945,3.88213785786488,4.27253506299307,3.6295214249642,4.52614010503836,4.16635429259389,4.89195709444045,4.86987481779432,3.7338349878896,4.69672954428362,4.10529362546011,4.19970129424052,4.09828460176352,5.26805064009465,4.54436495548796,4.2638202038651,4.53107727377712,3.83445266302143,3.59871678646341,4.56470670404441,4.60099787475763,5.37617975221109,3.94954952494055,3.92231316863298,4.52070556178574,4.38249875032572,3.83792177133118,4.59362612301725,4.24470635859265,3.72890919264777,3.91626269533122,5.23477687288406,4.99756810355099,3.83000899368988,4.96277778353043,4.72236309066008,3.6747845859062,4.98043818575006,4.40236106054401,3.39385750615861,4.17022993631123,4.14108556244204,4.35071821065621,4.95095187027332,3.47501749806757,3.9115405416262,4.12703159548155,4.12068510086741,4.11724471490957,3.35898800205991,4.60511199670946,4.39871890881155,4.52920803667739,5.49551557469272,5.71556660296863,3.6621663962439,4.32385551990889,4.26951055987458,5.11523396107287,4.17897220074472,4.49468453613394,4.03615588256885,4.20214963724306,3.80553907201311,4.44058138698215,4.55400321220359,4.93334107643543,4.31667577921095,4.65080359070495,4.79331049420983,4.11434843720202,4.94617766511964,4.43723969454074,5.10656800767682,4.48060569415548,4.10870974243761,4.01117932414006,4.59375207145746,4.84071567200162,4.4023663911706,4.58954870408639,4.37773500194027,4.3469588671372,3.65381673918632,3.97912787357122,4.14189337118856,4.72083434042479,4.71590307891635,3.88056753378762,4.88781491220783,4.28546828472325,4.18512248550341,3.83497029624941,4.83892037548466,3.54815320181098,4.22722076867224,4.22254417471171,4.53511520684919,4.23462470039913,4.16536616332568,3.74334586137908,4.11602957138288,5.59019823629605,4.51072752549915,3.33694057195971,4.06789246908058,4.02423780532238,4.61608508915346,3.20439310530158,4.94815563913473,4.00791764350157,4.16532112620881,4.85736919258515,3.81380227287781
7.42575989524123,7.32256077117375,8.02957581055475,8.26858807457519,7.29540730311538,7.91896772343935,7.85081310747976,7.65560703107414,7.31663542123604,7.50654910888987,8.09331900370274,7.33865129098872,7.36855495488018,7.02737413833888,7.74216137280203,8.11686373684864,8.43341863787137,7.44924286712842,7.90893415966983,7.7455794727876,7.55995959823079,7.55827738972094,7.1350459727055,7.88455709202683,8.55115147043486,7.11865711694538,7.51470273050631,7.62574258025242,8.0584194479246,7.65264511914862,8.08243304210471,8.18687363289003,7.72182571541965,7.65251900962498,7.18090275511975,8.25967477638848,7.89172378002047,7.54945281130254,7.6886155820716,7.61774120783304,7.56018395371759,7.57293425913273,8.36703606957555,8.02584502720566,6.92495161683477,7.59681611964263,8.79358304230846,8.29605632077341,7.66637194633342,8.2910176611911,7.5391023186859,7.96968691519988,8.29398205650167,6.93770908432783,7.26427610751752,8.30525439491709,7.218836607988,8.19486615263286,8.79449742882242,8.00717898890626,6.68873110465554,7.18388473608932,8.38113417963552,7.19287472897362,7.22780642947519,8.02249680459881,7.68474799892009,7.95403236030037,7.71135872568322,6.82488600467084,7.78041292929264,8.24849466376728,8.08893560530957,7.37027229649781,8.01633603551321,7.46715253078457,7.32585165257896,8.02853140928532,7.33851308275031,7.68044876587448,7.81103815363185,7.88240740799158,7.76167698969756,7.92609798001263,7.85899464719176,7.30957983102016,7.14973616454435,7.77455967902934,7.88078993936865,7.61723652135893,7.58450475176082,7.81116671141103,7.19494911143493,7.46331867515609,7.76483981993551,7.8669526452605,7.70084938098519,7.95604246352515,8.65715500482604,7.57088874674453,7.38129362740061,7.57642292663646,7.6732290528016,7.91850466115251,8.16986101441607,8.3316522957556,7.4185872131317,7.95512105959905,7.23271620962311,7.02637727018372,7.66141263021783,7.36101208151809,7.16139233248794,8.5749045788502,8.44690436970436,7.76453916760159,7.74195824298401,7.44835520693656,8.34823719557169,7.73040437120502,8.25680191151625,7.99943086937512,7.6085012695036,9.07958724554699,7.47946899347775,7.82874734801658,8.08699440135048,8.70893483958812,6.7296915726944,8.62586038968085,7.50921717655512,7.31830363212444,8.26134161339091,7.59052018118093,7.91524225434685,8.16192300787351,8.09342971162272,7.56707251589296,7.18418995408542,7.68890859675951,7.18258709479786,7.01969960202137,7.31122971412048,7.39366996810941,7.8390082139848,7.00761708016851,7.12254083433903,7.99170437629757,7.71712990506939,7.87941427064422,7.64827665196493,7.93608271286004,7.54629471527922,7.59656310937072,7.56988311639435,7.64631149838282,7.52910227970689,8.20689492346156,7.33147323499245,6.94486639091876,6.97837066929061,7.27877136002616,7.05288526177031,8.41170774491346,7.54558618970665,7.59464349205431,8.15164152050344,7.63221583108397,8.03864178865684,7.27068891765443
2.39704337813754,2.39034785090672,1.51187596390797,3.79233111514332,2.83626725660324,1.97673768848662,3.54436920500562,3.04265808539934,2.53034523536565,2.58305697719561,3.56632004850366,2.63848203143242,2.36826278477002,2.57833697977643,3.20396213574644,2.29925727935929,2.24683650789225,2.51273230067845,2.15032421833868,3.09563448810213,3.05659362744182,3.71100175058651,2.92935635557682,2.30700465439201,2.59966302684843,2.89718807585755,2.73862827161563,2.78187406664672,2.13059362946955,2.74316819290589,2.3494271524794,2.19810159545142,2.5282587303645,1.97723264109711,4.03359134943217,2.95915820220085,2.55438945016919,2.05323091195589,2.92748673907353,2.65493805453801,2.21254333278981,2.96860021118638,2.76273287066159,2.57714559631746,2.49561262569442,2.42780234391364,3.34055992421487,2.45603124890907,2.52368666661792,2.57118763663733,3.6528701274617,2.33563229803184,2.71436242149673,3.4949113600748,2.06406259277823,2.67171771284741,3.00117339532919,2.55028607543671,3.14632237565021,2.48106610534318,2.35644592243612,2.15195501040461,2.86521034858953,2.04239101660612,2.87185950884109,3.59645350648617,3.43030080441578,2.3279208638258,2.59565670262808,3.84002191534028,3.08442143030959,2.93622529530808,3.15370516927725,2.37936549617623,2.09840169201873,2.10564163249042,3.69608961794141,2.52911038744221,2.53877816631274,1.8331726633271,2.76083959350463,3.67927293652863,1.91431568732302,2.35357534327013,2.19422937645593,1.57813445734082,2.70332333999844,2.65881720029165,3.04766178390499,2.21823318939287,3.92810393731197,3.21657679751527,3.12916743248713,2.27668609152338,2.76892519797741,2.57022778595496,2.65712681978752,3.29290212660501,2.44657933640512,2.06423024699404,2.3771150433576,2.28539705669658,1.82178090333466,2.93549009382051,2.66653582621038,2.84531552828383,2.44839192767539,3.36324656219705,2.31171959331924,2.77188418762591,3.10832436452203,1.76531988669512,2.54954827273961,2.69236749690079,3.40616332202924,2.99958755386899,1.99459795666462,3.18496895683009,3.57610960183898,2.50840084167714,2.10346709870676,3.31576183360296,3.51452137586668,0.938141635064597,2.82796484949817,2.13927824845204,2.45026161390933,2.48497389943807,3.44510059237763,3.77021080886116,2.22286657105406,2.50345272030319,2.50026194877847,2.67189295829107,1.46330507908532,2.67394320978301,1.89476094478513,3.0487970252771,2.24525380058692,2.52058602487765,3.31323640241823,3.37541238946996,2.44451507628212,1.65992104062596,2.51436801028201,2.71934314066136,2.80118302920973,3.20475129538098,3.15636176469876,2.96509585191246,2.95153129992636,2.0335974120128,2.89491491525972,2.06163818427286,3.06704518055024,4.07760801978203,2.64259226528544,2.06999129468953,2.69941571108406,2.47496700432277,2.87043621534399,3.37294398771667,3.28766810184926,2.78455656027144,2.48657444790117,3.99215183413483,3.04543435988898,3.03865113261737,3.07982292531241,2.28989022392676
6.28047775692376,7.35613178720375,7.27383162984645,7.56678978130777,6.93261318267927,7.49087005855048,7.4907874122574,7.06254702259914,6.44657791040769,7.69955116966906,7.5659732479868,6.62682160282321,6.83827237774863,6.31436077821774,7.26404757852478,6.43807037735808,6.85436287222885,7.5037125055233,6.62500989556395,7.5333672242986,6.83074828406588,6.97942340925959,6.64374934100138,7.25464648361382,7.08193822077591,7.60935545311398,7.62986114667097,7.18712107423282,6.61845459432967,7.90559821481573,6.78114153822367,6.75535003946451,7.16443382339409,6.76103671032133,7.36237386035344,7.21828678768098,7.35830108585298,7.23529193425988,7.02573906549152,6.59938622085329,6.39779381798708,6.40462983917107,6.73994590160074,7.24210539708262,7.29639675931089,6.63844087502008,7.0414949268662,7.32167515507368,6.72093068730289,7.33325820341235,5.72765264825395,7.3514820376473,7.63747240194767,7.10376823319086,7.94460384993401,7.12622661570554,7.19646901839177,7.51120748756189,7.12862929140121,5.97082103265814,7.09672687903954,7.61846432371947,7.88277756192475,7.2644141322509,7.42195003528692,7.21616073373394,7.07007013069034,6.91970157536017,7.25718506995614,7.27168145008,7.28698800743553,6.32572487114544,6.66428113535165,6.88264107075637,6.98898527208835,6.76010570015169,6.77367982449554,7.66286271148232,6.55579188485712,6.01247906708332,7.07760898884233,7.34963451338344,6.66340823528415,7.12054250210767,7.5735662522179,6.82533356355012,6.50112433515951,6.85283504492795,7.45684823477279,6.4552356095966,7.43172134224881,6.19776898899996,7.18432661825051,7.0675518872059,6.73529279838796,6.38788069117517,6.96063173583004,6.32543203520742,7.68019375462206,6.90158391830383,7.75910872948445,6.96220523752796,6.83243234510293,6.61363693050797,7.05719719978482,7.3771427294509,6.75284352769029,7.36346273219261,7.49815351077136,7.87882784854,8.06150702416479,6.83465133185529,7.24458548676208,6.78978622375072,8.14161783045321,6.7415824345642,6.44821322104827,6.93336988720834,7.13541792088713,7.98975785018565,7.20731809953164,6.88644709157071,7.48446439374891,6.43745556826134,7.34353984521787,7.48636773174116,7.70310349351212,6.98875728486276,6.88584103871472,7.37320642551402,7.45506781929064,7.30335688061034,7.03829826077965,7.09222750929024,7.35297266330385,6.95980339712868,8.08665749148311,7.19876923308858,6.07572253348542,6.81158869560317,6.43390568146994,7.7799134266581,7.52441558991463,6.87321463204846,7.00981114998822,7.50448432317486,7.29649419034821,6.97796219476869,6.8600918993872,6.98552988683374,6.69384102271577,6.68624603231752,6.92736038903808,7.35648986416992,6.76444111204476,7.16555842272359,7.32822788463867,6.53639838001973,8.55606430460336,7.13700854868433,7.2621873441641,6.8503113985423,6.33241679064459,7.01655676791109,7.12853967800627,6.90487666744974,5.66188115789094,7.11795665844837,7.50014192364944,7.11278031874591
5.49587846337703,5.66103117078143,6.03178898708016,6.59905520695723,6.15933250689281,6.94856861471193,5.67433429665598,5.36495602680463,5.41510392037183,5.52784939846982,6.49294276050857,5.94924319413768,5.94859199519792,5.13323767257258,6.39736798214038,5.6717664409333,6.02061634767909,6.71890431159571,5.99409081293832,6.24249601994105,5.37405846313058,4.64574352411154,5.52601480785492,5.82988969640855,6.62784283740289,5.23781124815557,5.44431353449841,5.52554171378448,6.22260701937809,5.86814785129635,5.5123510418375,5.35836737043469,5.64223883847161,5.20538994210597,5.47931448429591,6.3007430546757,6.31349299995486,5.21902492584881,5.47935556922867,5.67988306814322,5.9221057227908,5.76796709305891,5.67894713604735,6.17260316759708,5.6603820348172,5.55949982118452,5.97975862510393,5.93334601182779,5.59479473332716,6.38442364020093,5.61402417342094,6.1257712058177,6.09219499093423,6.6761910957461,5.87692176729235,5.81529558179358,5.41359790605535,5.64563106647695,5.84986242776176,5.22554629956542,5.71312674439134,5.23242544733923,5.79148691966614,6.10740873096076,6.1395125397168,5.88838245761299,4.82620122391237,6.10718612470315,5.55582214415723,6.40383279130335,5.85444334875957,6.3654238098998,5.57702087900331,5.3440345275439,6.18858202459492,5.45032400198552,5.50993474969289,5.6389391679342,6.19389803824349,6.16201869731189,5.42447119635544,5.642952279098,5.91743849931709,6.17233488944674,6.07241275868438,5.8822314984136,5.5991452443219,6.33232550109586,5.93978032849123,6.23884601892522,6.29011938709315,5.47296154705556,5.37565915431834,4.83766297751446,5.77858465920665,6.37017190725272,5.50184384165689,5.82722777639478,6.44389474040111,6.40508456064752,5.66969651704754,5.6727191869126,4.91451802866949,5.56001521111731,6.37004109026162,6.67095180247748,5.6957480372494,6.14079385499964,5.65939539843263,5.33630603475855,5.5681153022989,4.9356918058487,5.83287466878349,5.6009908705496,6.18164810178373,5.93349874039452,6.7233291537144,5.69401183988689,5.83042391180471,5.67875460069589,5.94865976948406,6.21770833901406,5.83685012951255,6.31647734520153,5.7783023381944,5.97605826871462,5.40765110951029,6.50169051366855,5.36394902765805,6.61131700401095,5.70566150127102,5.89100963975757,6.1676026481277,5.52330897655623,6.22389991150248,6.16899889394319,5.06028311305139,5.85029526780631,6.09909775670539,5.77894326416398,5.35821390974901,5.49013152441767,5.91715536978212,5.1643368218383,5.22839638762743,5.39343073855057,5.81387705964512,5.73674776833609,5.92829341790402,5.83312057518277,6.12416741428317,5.87229854904071,5.52823925499596,5.34188511108664,5.95788861576606,5.12815956011899,5.00430300422255,6.07204688537064,6.47912017815683,4.91227098336666,5.64356575867154,6.01834987135106,5.83142597816725,6.23258161349218,5.55330786754441,5.68373510195994,6.50282879290743,5.71144235936844,5.92465095824818,5.59405248938878
5.49638457362633,6.03479298145753,5.11282593862325,6.26087251597697,5.73038206799979,5.26716438256672,4.43966489853372,4.85071380491891,5.06204738711492,4.80115061499841,5.37042701429014,5.92384538160038,4.50028326113972,6.39042477143273,5.44421851928597,5.07709096555156,4.51385425988262,5.50397274121299,4.46056838455062,5.14406011013273,5.95846822892624,4.33616418583483,5.45736999190005,4.8482497251421,5.23683564181112,5.63542358717515,5.29569239749486,6.79689552601571,5.58857736478461,6.6649046112813,5.48506754188605,5.8406757363835,5.50476946411231,6.25091421593933,5.87010797580191,5.10310738057112,5.30437102564615,5.72616561405752,6.29447932817995,5.4307427037981,4.15898869359822,5.05189212497833,5.03537315321391,5.72308066200337,5.23362119594786,5.03507506803157,4.91654181224312,6.0270267902875,5.55781950775389,4.92955337839721,5.68758431839124,5.15050943257671,6.83901965792284,6.27404043405721,5.36248272078028,5.76607295513727,5.65815697069458,4.79873283484205,5.51132852162539,4.66984823941506,4.94780157028961,5.28062824726784,5.58822028039233,6.05025990408084,5.53214273201964,5.76839456911497,6.78154944923606,5.45642587355777,5.38212134378941,5.84328426811173,4.99813015505651,5.53802175449322,5.95192402913564,5.78131307472934,5.10602459095002,4.99649775269271,4.48556439185817,4.87629044498247,5.77815294677514,5.88111849845137,4.71102708491331,6.74329262401568,6.29330348352521,5.09195130545382,4.86076486490837,5.68455799181129,4.31977104670075,6.3777446071703,6.44485192825307,4.73529059870893,5.71633830756141,5.31484934481801,5.63643410536943,5.13964931700164,5.98370757398738,5.80069535747276,5.75134198364004,5.91868368203239,5.34198423359395,5.50770598655922,6.38672987712398,5.20186957227322,4.25560667181893,7.64968927736331,5.76409213681525,5.03401266715221,5.89743523372833,6.35416222557953,5.27900706852904,5.31505695319097,5.67832702013488,5.50945181397306,6.00814517588099,5.54630415888676,7.45837901606277,6.22922754902713,6.13624988093246,6.86105226254143,6.71872697637414,5.27109156868093,5.75319513397726,5.50535235789433,4.87558207882255,4.72071393591147,5.79261964593087,5.47791101714392,5.94158910702742,4.37644401747363,7.01055894435032,5.45126526311899,7.05255589872136,5.45344600531111,6.24183953834174,4.50511365752087,5.65493341856467,4.87779530117682,5.23326887633425,6.27351442711333,6.85434907810868,5.23142534392076,6.86029124141537,5.73664864229789,4.68200756483781,5.14788671734452,5.34344401964026,5.26657010883792,6.31334656067173,4.86394985433141,5.577937601475,4.92247549732501,6.75604415766142,3.75954849710676,6.37823147358264,4.79851266630932,7.29727739211457,5.16782609033478,4.31933660934102,5.38617916432003,4.0094458739473,5.45962607156735,6.20582397427359,6.43289645159903,6.24065668415767,5.81015555730983,5.34560042619264,5.44290484138686,4.94413828642719,6.36883992910901,5.51259064788888,5.17547041313342
6.66883548810452,7.52315088686482,7.67089889855392,7.8144724412967,7.2450780764271,6.47485572661651,8.24415755165193,7.48822978577846,6.7764536162958,6.56526964993748,7.20313424933174,7.05804081249194,6.53013641279929,6.97317589654751,7.60117589890601,7.14893074894487,6.2549008675016,7.13672469475334,6.12949198898604,6.96386479815136,6.28063091440503,6.61908771081628,7.41721536830242,6.89597565307025,7.76626657084138,8.33194812630065,6.52956178447652,8.13863147233847,6.91455017333997,7.69166508227674,6.76861043266918,7.12992945968775,7.18517281506741,7.18712530789391,6.61762897458658,6.73378652105674,7.83845683695086,7.44750511156702,7.50251469742329,6.93205802101102,6.61259658724339,7.00444949430627,7.1968028783081,7.20780021951347,7.69127845176929,6.78705858131707,6.43027431675567,6.94623053670406,7.73287068105002,7.18292047232928,7.29738730430089,6.80384239567081,7.98502591244727,6.98005955437097,7.49127874284393,7.15246882528075,7.29710555680702,7.09155940945651,6.9101193480412,6.76337638492407,5.75252012414728,7.55939016431791,6.8643002579326,6.79007241999898,7.41835338171339,6.23320417535988,8.02127862491581,7.73433803329603,7.45159931669566,7.37935113374077,6.36839364989948,7.40913316273764,7.0489747320939,7.10311813980025,7.1594162115959,7.07377682044452,7.22842771678765,6.6380435374911,7.35539307086944,6.75282213739095,6.4086798894777,7.12786840563743,6.58897551988189,6.33035303727784,6.70863006572937,7.53398813775161,6.92747825302234,7.18042049553038,7.39776893818837,6.23056673830589,6.67791083780547,7.45215973936017,6.63117601564249,6.43830731172982,8.03108126797461,7.01948050580338,7.02418339240556,6.3248128274972,7.87785683727499,7.56248025660209,6.9632076387205,6.98494409827767,7.62071855977165,6.66424870274893,6.83872732656825,7.32931494953352,7.57281273486626,7.08904184361829,7.5315627518756,7.77004504483585,6.72685878529864,7.1538714926561,6.94404704742584,7.812553526178,8.15985410321576,7.44617075003843,8.853413205984,7.38519508430214,6.55912587370225,6.50295819454759,7.33726273475865,7.29189267573876,6.76568731195772,6.36565268345802,7.06538590560196,7.66180696907219,7.83715788650728,7.02264617991726,7.03664610658553,7.28538882744752,7.67621282373517,7.54713794455912,7.262329177216,7.00295971481952,7.39324949101765,6.88275127479453,7.30176118132163,7.38982165595184,7.72389500785988,6.09089250891219,7.38328598523572,7.15483215450307,6.32381247432626,7.06718624335804,7.14310244280937,7.21414011490651,7.19962944633196,7.67457805087828,6.98513075228162,7.92628416849784,7.43509039426324,7.997319140799,7.57446644670154,6.53822794279554,6.6670426075816,6.27065992358557,6.53971656605001,6.12845043426939,7.60458095431158,6.55424014931549,7.31196477526735,7.85367504804983,7.44467088676802,7.34613751863971,7.30527515853906,7.44750638737504,7.182699019901,7.34083062074005,7.50278259011966,7.47250528108205
2.24436916954,3.01463841086197,3.26314995671761,4.3559214123313,3.25069478284492,3.58897262196974,3.70980831635995,2.67093749360882,2.54853743384366,3.114488581466,2.9700743900593,2.86513553560649,4.62011889971739,2.84832428193537,3.367276827936,3.36352298567713,3.48331607106157,2.92143431700145,3.79881095484124,3.27059440502344,3.62650901781254,3.22406423098232,3.32321633086778,3.44429447556404,3.77188016993631,1.94777901004482,3.40996332413993,2.58021665483437,3.45742350393755,3.31085373290727,3.08941086706094,2.89148323392393,3.70337563447636,3.43409935787507,3.18736306436623,3.52336999986011,3.97498663630922,2.8012615396121,3.21455797425062,2.60905493913312,2.47408890636414,2.7081313575009,3.40528540950553,3.70962326898914,2.61664906308837,3.02173534060571,4.06471789908554,3.8520192650887,2.66287798871206,4.19415734985334,3.47356233232061,3.74777890377449,3.36105471152614,3.06184856455646,2.46259277469372,3.21827481500793,2.6286074047723,3.21003649834563,3.6147776223105,3.12068176330893,3.10292480431633,2.90097070735225,3.70105949547683,3.43943057939254,3.72855248679959,3.47088099220941,3.02524541595162,3.10344522779787,3.32365263228662,3.08650547951778,3.76249041662802,2.6468317503123,2.93258742802219,2.88624469800305,3.31682434283244,3.1842848542135,3.56581405213754,3.60082126841565,3.72386635877165,3.12139330422313,2.77722812499388,2.49888754785901,2.71181297181359,2.63410847059217,3.09099306249322,2.83920759619812,3.59572348275949,3.08821553289965,3.66426954219738,3.40693649218238,3.7405544460878,3.31824237183851,3.47664325568116,3.66496909813518,4.06911307329907,3.13408626163729,3.51265669698301,4.36016639382701,3.54632947676506,2.79697479361039,2.83596739611957,2.73867642310792,2.50288278420208,2.03961538849757,3.64374579126622,3.26373572686361,3.09937336642905,2.95134801859034,2.97041675047944,2.65646279397067,1.85763221254429,2.67652820214131,3.2171318018459,3.20917639987854,2.44907011477202,3.28622931378623,2.62617800150388,2.49740838712921,3.27296867091654,3.38569936093783,4.15056602834481,3.38218138329116,2.73787842878128,3.87794986935833,3.11715611117129,3.39531096598224,3.80703473957388,3.7740876579325,2.72697758533045,3.15163913737004,2.51976261034738,2.90633327628001,3.14147002584323,3.26679733022841,3.62282116705962,2.92147708452274,3.64911452811482,3.52884542868057,2.56723649422312,3.55122434367744,3.11145920623648,2.51743581429762,3.79330603381564,2.48585682600659,3.28200759708043,2.86986019518636,3.40561124461364,3.70042425827994,3.42114337647949,2.52585726593386,3.1575757380098,2.85603349131259,2.8102205965392,2.71159623031995,3.70354565934998,2.70961531793094,2.7430990265656,3.3598224563892,4.5051034380208,3.43176192486646,2.09523747140273,3.10762387631114,3.00328209259353,3.82855373733255,3.11867206724844,3.81003710031313,3.81380875765736,3.34943013019519,3.39858977968012,3.13715258928913
4.18417312283685,6.2187711760691,3.97114530283595,3.5871761454741,5.60425913583991,4.38873198758772,4.58482271885194,4.66862353374931,4.31963736810374,5.82629933778579,4.83531497922509,5.01317066395396,5.58998420513606,4.65024792674121,4.27112602899243,5.30411400599497,3.02026836362723,4.95176522856863,4.64623080390223,4.48861826494169,4.68285219533874,5.74260211996449,4.46710665837613,4.44692721131762,4.26454416908844,4.89203022829958,4.76308933749874,4.8267668397222,5.67745807555283,4.97133628092037,4.19627643813304,5.88739671784787,5.42845389548982,6.10327360683441,6.33297178786677,4.75889688003074,5.33184664900554,5.0900645946377,5.37376485342623,5.59640336538192,5.03621757900376,6.02493751292215,4.46883870542468,3.9589539761929,5.91404270245634,4.54871653434821,4.61281606983306,5.37738523467588,5.48140598518831,4.96285838972734,5.26446160741589,3.77125921613874,6.08100116312417,5.04556272042662,4.9312340316553,4.87050304847923,5.08648529380855,3.47317965056281,5.04840244579867,4.38067698554856,4.86190663557263,6.29892691356941,4.95273155717586,4.94165791650387,5.06709735564546,5.10691869255834,4.13167646956977,5.25603604894771,5.14457536911665,4.46738024142689,5.84709795764627,5.15026817979451,5.06239991844822,5.61167470524159,3.57026034230785,5.3155181841733,4.98241127338057,4.83976012589122,4.79557181588893,3.91129385643146,5.25996820869435,5.12924445878488,4.1313184087694,5.19410177739047,5.66325073069975,4.756299710652,5.62554007186608,4.69907310236064,6.23503657378194,5.06723537951354,5.28190736766694,4.76778803476344,4.9097687356684,4.03051834163972,5.58891616106752,5.8653675020819,5.07726030465851,4.25206274686592,5.27544910348113,5.59072775280912,5.48800135108196,4.63358058981204,4.86919378276939,4.74386806652896,4.90906919915924,4.71542257599267,5.94839695252432,4.34022868672803,4.26892518666962,5.94295688501108,5.67895462795144,5.75462634599275,3.37029890172611,4.84984714264269,6.68380159823132,4.77227817504938,3.22599028796359,4.42985984288274,4.7837290578262,3.54839829591989,4.82144963330616,5.96937152491279,5.43032326359787,6.37002161345209,5.26403551905955,4.80013950445063,5.48657888587928,3.78032205610968,4.65491486951189,5.03708745668073,4.24740112823061,5.17770595659973,6.05360591760152,4.23706248487989,4.01925078820436,3.83176518253975,4.61115562436105,4.80325603754752,4.97710459053972,4.87123096680054,6.00277250278686,4.03171563526972,4.44277062701645,4.69863770949021,5.23764486518339,5.74475446174992,4.41180158066298,4.80547995008845,5.56047462467108,4.05591388822189,5.43524880054414,4.90795229326919,4.54096359827646,4.26100432702537,5.99919194493485,4.65806954649772,3.71715378477528,4.39548257766143,4.83500499911969,5.72030059519409,4.99125861438361,5.73845053828035,6.40798612752427,4.62161735475171,6.69478744846558,5.04527786142186,5.64408873875733,3.7569605811551,5.27226792805186,6.05798144511569
4.11733769581871,3.57311773247683,3.43890029914523,3.46972977843085,4.35553228945171,3.40037413528222,4.28163982428599,3.86186086982028,3.18838599520408,3.34004535562654,3.67600662262444,4.17032700171787,4.19983607577136,3.26377789803227,3.20951011255777,3.36465161222338,1.89673115481704,3.24208093335999,2.67174816930677,2.97537897806322,4.05844026210947,2.60230190784659,3.22464570968003,3.40702549033717,4.03461479300093,3.08622265105344,4.18630590635117,4.25530178610185,3.44118088654707,4.42506464422391,3.3010873682424,3.0842620502012,3.62569756934604,3.49909308994066,3.0871469040473,3.01867730379353,3.41627627303096,4.08156067254501,3.7208303987614,2.68661288829996,3.22500163176676,3.62697933243209,3.18598603401659,3.23353498891305,3.69410390755208,2.44745308020259,2.31985522536349,3.4328080022845,3.64009933959766,3.64008620486688,3.09194675923864,2.86853685773741,4.42218233545903,3.51263889599409,3.07809493235685,3.49985830934331,3.4897252494835,2.97228209832172,3.88160327044236,3.34548903676697,2.33486195155666,4.19588974114573,3.67909030107252,2.66946553321137,3.68518589892045,2.60290909492557,3.28053652055579,3.70065036237608,3.55403236946807,3.69465102210405,3.44054230091535,4.16792111201281,2.65508829503103,3.23338846607149,3.79103115650123,4.26980496358799,3.57303301510381,3.0263013013739,2.14942133196506,3.20770481239016,3.18361947658129,3.50690546522056,2.6004712100096,4.12487960770994,2.35918364808173,3.06420252166716,3.01149331577819,3.17658635622336,2.87053579774155,3.05159481555527,3.68973740274214,3.72409995208262,3.34096650681778,2.89035669608749,3.72922853092108,3.35205466836599,3.08648600941728,2.8838216973661,4.09732345932973,3.56712317230595,3.21328195187284,3.19089731710014,2.83131176507604,3.2984312086722,3.39792827062179,3.73587268128182,3.33995109926032,3.05798312358985,2.43304338754985,3.55073744098461,2.58116000487825,3.06259810791815,3.00108992611945,4.08917702864814,4.30836935212052,2.53718326847496,2.61203325862782,3.05194803671928,3.45385833895979,2.74615467144006,3.99543928243961,3.94275122393752,3.87397496347918,4.40320168741543,3.19218271789297,2.75593020853304,3.33344998276562,3.29176404571407,2.42504385161052,3.62378085182931,4.14339665221843,3.48479195725857,4.91966170545121,3.17148212916204,2.94428369241179,3.09216768177914,3.18037550335422,3.73750740304665,3.91018252479261,2.80439773469687,3.51111708345831,3.24718103696282,3.70183183655333,3.35501582884356,3.36230877471533,2.893904906897,3.54948746905281,3.88021559694283,3.92511558070922,2.37804491659605,3.14808757778867,3.86868550968022,3.57549670935742,4.01488256434907,3.07517222185018,2.22848776497966,2.9623819697096,2.66708806213998,3.94745452709589,2.97874947670885,3.8990862416749,3.88767246546067,3.96419773376281,3.38723239163676,3.95008395993148,3.43930794078898,3.5693044417191,3.03379193140115,3.19399922433734,3.62629865157253
2.26953632552671,3.22700990520866,3.4663006273347,3.08079264559894,2.72754697052337,2.89507945190817,2.49120162437451,1.97511805695162,2.9502911029535,2.06846495634784,3.02150707445398,2.34599479990252,1.88342310424805,2.59769142973847,4.2002214570039,2.78938996032538,3.34994663477198,2.82147183517562,2.12337581899584,3.08924062243338,2.7223882432047,2.51630449585951,1.22630008708613,2.81673389410996,3.38780904267926,3.65230080239186,2.71106421051752,2.48801949321162,2.27242164045078,2.60610238518938,3.0454900652559,2.79350800175078,2.14196690121528,2.32894050883816,2.08297616137168,2.92244910406316,2.01782625857678,1.81968404496883,2.29811808856073,1.89070215112319,2.42788322458729,2.3946419345467,2.69805465120135,2.62598775463686,3.5125760964543,2.85527015579638,4.06615046379862,3.03685404535352,2.62852434746957,3.11474161858844,2.48766471405253,2.91359715419862,2.48661287770044,2.77499918157049,2.08487987530852,2.93901098860608,2.21822551144522,3.05544456225672,3.34083808023057,1.74516197052533,3.03087565111941,1.67639391046057,2.57018305039828,2.99250374228861,2.64018192305596,2.4062154122216,3.11591038419591,2.9379131575745,2.72304146618087,2.87391899633815,1.9243654638829,2.92146402974998,2.72660771667355,1.60197804563828,3.23855316779504,2.48460635221678,2.01215977154433,2.60075917202558,2.32486365049901,2.92243368439047,2.38055618418566,2.01924776878689,2.63806924947092,1.79633593296107,2.22932222224721,2.99709773027105,2.59393487269907,2.62755789420657,2.99899073907756,2.22814271364864,3.37033166238288,2.76123833580439,2.79731531576627,3.48544898765792,2.69764884679287,2.76049836093679,2.90952397013496,1.95432758587537,2.73485360660957,2.5900857974601,1.91753484880068,2.80356717583946,2.30776091474833,2.45690263851438,3.66082784803757,3.05366137731446,2.27878917901431,3.25959842954117,2.30468405180098,2.43406418137478,2.65529365295972,1.97436025378758,3.43023305962749,2.97869996128093,3.34927650948965,2.92769028277455,2.70235332477393,2.680774120794,2.91238025463383,3.74413567324618,2.41434940133044,2.679890088591,2.64645904439917,2.84386118074099,2.96299696870433,2.9883323027528,3.40824500271373,3.30296737677659,2.4145897873302,2.42051797971124,2.38626267312087,2.30004190849364,2.98658164953321,3.75240671837006,2.89302191191041,2.79912886504435,2.61084196663572,2.59983239217906,2.0744441043343,3.1473735499001,1.98100627543954,2.20001461109126,3.16046803128795,2.76345198831427,2.89499431175592,2.57717861353596,2.59733757583884,3.09404680619455,2.43309894419119,2.72738149067137,2.87822592348058,3.4376621626785,3.16308245918444,2.07875656262676,1.84172676706769,3.79413976804956,2.615806366938,2.99093983770482,2.2004805117282,2.17338740038007,2.4462699581294,2.86322995501216,2.15749355818782,3.37146123071471,1.79791856808363,2.6372878082056,2.98583871004494,3.68998607223213,3.10175462805443,2.30497558575833
0.861611822658637,1.3146512808515,0.721796962302188,1.71628824025238,1.36406894072757,0.727448184271497,1.37843969261899,1.29272975929686,0.234204107198057,1.46033660959029,0.971481959151482,2.0242853650107,0.832843908960645,0.62025761743927,2.11156079236317,1.31177703840813,0.751748029260582,1.12279607580904,1.19554457377614,1.21539933989623,1.13871663721072,0.884907340717979,1.15277518317909,0.723738400386648,1.03190826408545,1.05194177037184,1.47522431067394,1.34069891343557,0.931568991158937,2.08615373684801,1.02331843142408,1.40899069536493,1.38312573427035,2.04891127463619,1.12629140506169,1.4042973843333,1.57224357470561,1.15586640014153,1.21303942450088,1.70445786805052,1.24417805004611,1.07594081287889,0.64801091442923,0.558199884940195,1.01529046176182,1.1408613193402,1.7619870688186,2.19436693818047,1.18894686983833,2.71645146872883,1.41153084024555,1.17224782175893,1.77571447171238,1.4249510071871,1.15182803082531,2.47024982115882,0.900396659814237,1.06430779048839,0.936886759644982,0.418420041160769,0.841022683656438,0.866180386009532,0.603073648915641,0.849779799655912,1.45957122342824,0.98916156614467,0.61415761623691,1.03754807115467,1.25297366567403,0.573142429512104,1.52768180992984,1.599837198769,1.03896605716751,2.07462563348194,0.633047064847641,0.67169633591648,1.33715965867487,0.948250217423028,1.10488951552279,0.638128674306621,1.49952271506176,1.002708404034,1.56047346313808,1.38443759520207,1.04685462615366,0.898406259349216,1.72190427798422,1.83716008317739,2.01932895184254,1.40936240461522,1.61111875500095,1.69999874493595,1.12613326912601,0.719752717587685,1.01229499182745,2.26284316202523,1.34892517523726,1.17610995394056,1.26481443621569,1.34250748235991,2.00219118508992,1.27181618886515,1.23541133249288,1.4459115195446,1.25687310479128,1.00341172308202,1.48539821099745,1.29792780494122,1.29715066661332,1.92553269892077,1.88829085206538,0.973883730687113,0.524912760428377,0.85294544937062,2.71497594124429,1.46550860617041,0.954328348233154,1.85283849110208,1.87117109821154,1.66562915228565,1.1391277602941,1.15381310754245,1.98344708513298,1.67344609666932,1.49424828368292,1.25116599357526,1.60274324504343,0.981306464113302,0.618847864685234,1.47103505016491,1.84217151657024,1.35554375741745,2.04443382598887,1.27776988308776,1.13086841072718,1.20569466724786,0.823154183838009,1.28295851889512,1.25071903567103,1.22486596645995,2.07574649121065,1.69826788582808,0.994876035765831,-0.0235789449686146,1.50684601765812,1.17966900087791,1.47739964535445,1.76933458776264,1.47724591207545,1.72283471221528,1.0296738726669,0.991021507685133,1.10799019787713,1.29434970316339,1.79046868844694,0.661642571617935,0.685568281106594,0.246328301385714,0.841305323716427,1.33621372233317,1.179626489482,1.66947210854888,2.33983519890691,1.17225319706199,1.39913753705683,1.62610872509063,1.91882693717977,1.55746715355344,1.62594972694345,1.38928685362389
3.64621417734549,4.00317825175042,4.36634827415374,5.05175340613558,3.63892920045466,3.81485607713184,4.46827968128112,4.05107251536662,3.34924928530965,3.23544379782369,4.43863487527119,4.92959076039454,4.13703773115219,3.42255474624436,3.41312144895603,3.80492281972354,3.10757132469114,4.30706210637589,3.59923442679874,3.80774124963709,3.71649267460942,2.77530616017161,3.86606105412968,4.00912790605803,4.43342590809216,4.48965817315988,3.86965881019206,4.49936904476594,4.58557917361346,4.43497453023124,3.62482578782024,4.09654566600212,3.87813413374937,3.66172537242839,4.14282532753614,3.76871424957643,4.32410381415546,3.62646106152609,4.14444253001744,3.86780861391438,3.25964827493359,4.56004146879819,3.92646239808801,4.54521567967767,4.48629642010959,3.13615017904514,4.28249584468967,5.2521725781566,3.95779378737223,4.6501634016078,3.79008817409676,4.03489539956783,4.47795487933524,3.64963732227633,4.2354376545277,4.18998488915382,4.01686894227344,4.23793305701799,4.58011977929236,3.80615355034872,3.72392956420553,3.34933700737824,3.60896373500294,3.80503021628164,3.30603597733367,4.61761373479262,3.3882771877068,4.02264569587921,4.05456738801214,4.08048009558641,2.61132361902122,3.63746907507445,4.39815285466022,4.06880727020461,4.05954125972438,4.11024870680925,3.7760373277506,3.77530240800549,3.78702594589268,3.80305918822497,4.21462221783111,4.5857103410149,5.07137552193916,3.90655856295575,4.10215412450964,3.27160449455576,3.42781493783193,4.16757892187736,4.35052584267829,3.98880283891975,4.11228847424416,3.4907841608707,4.25975920144284,3.83148109615846,3.57433666917602,5.07347119940192,4.92772241574576,4.20671772193137,3.63859792269474,4.42478213399211,4.71057820722749,3.98754469759336,3.96773799182259,2.77017376785067,3.2269431832657,4.88538137453461,3.97941568954045,3.94437095980319,3.99373708149139,4.28684191344688,3.44655065851887,2.57849223424873,4.01901300501865,3.65184779115119,5.0076066796827,3.70971190128062,3.67373124832229,4.15043744788899,4.35988956899219,3.89433108387531,4.28616372308797,4.19679872607748,4.0666651625294,4.21154818283764,4.20161812767563,4.04595889268901,4.16782725944971,4.47644995022294,4.6421114872157,4.25710858261588,4.53404800261245,4.44123391998671,3.86314312366889,3.77107620553086,3.52192451857241,3.92244354453566,4.2866822603474,4.59121478894154,3.78846596853776,3.7713353940611,4.51065583448151,2.61923588333976,5.15121204119712,4.18550926344461,3.97975782846647,4.26622292524426,3.85005775046273,3.50271952885663,4.7376688520984,3.50083881806871,4.13844964756714,3.41642224587503,4.6078752551087,3.68360733182599,3.9276670931279,2.84559589690945,4.12816481812346,2.06441619244357,4.01018098105861,3.13704735785391,3.69603317880748,3.58625552634178,3.80909839848206,4.37932819648298,3.94066883154174,4.16802523463341,4.01480702238362,3.85829003574935,4.65472614971076,3.60522821181906
0.749928423701941,2.10145936441933,2.42639177165327,1.28174615021265,2.46382918982539,1.90225902370482,1.21560805764842,1.87693020992382,1.96532162140207,2.13203690904312,1.64232035768094,1.14030983866667,2.53929107397042,2.63907242868792,2.07347552463401,2.08072935778973,2.09936766217155,1.84516337718125,0.93039552575524,2.36874526483653,2.0815144196744,2.50767627106455,1.76371496037677,2.16277160840971,2.63863771886948,1.15927770461399,2.09975393527554,1.74552242289506,1.83676767492888,1.19824495046414,2.05577139075114,1.35235116606528,1.72705541504764,1.88856302100517,1.56103913998254,2.16877492164899,1.82291578363212,1.09977158102148,2.15049273815774,1.55100728062505,1.63166714593125,2.43331414343175,1.65766968175492,2.19991462690211,1.50352935975051,1.96534999913766,2.08037602840496,1.08596077085436,1.87688277504559,1.50726083598258,1.98774440916763,1.72350861318649,1.98019425827358,1.79479142136725,2.31640045270641,1.57026329581611,1.75387487734269,2.25750332207184,1.48197836194306,1.06543073923864,1.9312660772013,1.53211632549339,2.66538921013549,1.96779126408413,1.52844094762729,1.74598169942838,2.06755264643228,2.33305614203762,2.25260166189761,1.8850744891601,2.54672599048176,1.6820385293141,2.80869766529825,1.69035609045501,2.39000569531272,1.67913249502393,1.40920190856098,2.89093835570444,1.65083478153322,2.17230960306731,1.6276111359592,1.84946945428868,2.36702594340814,1.90159893480093,2.41599688059617,2.3758058044696,1.59761091034752,2.04606150992652,1.94773850073689,2.30454561606092,2.12277603308007,1.70622001603328,1.66244404989309,2.23834305069861,1.73421078855684,1.85577990474408,2.54465199985693,1.78671614192007,3.05513195058415,1.86540722764288,2.09120370927787,1.75010394397902,1.60473390699545,1.8101510320354,2.04396113480274,1.81428480710581,1.69259343409316,2.36503915683716,2.04219300116687,1.5586499666999,2.94762903005192,2.92989355056217,2.00269889394708,2.03941811079569,2.36567346622933,2.46665900538066,1.8890272306203,2.30742558007623,1.46582873700908,2.12478920298968,2.01014855751582,1.67362611962949,0.932281858310893,1.96178393197483,2.32213485908412,2.25496113478566,2.66935442502216,1.93299780237946,3.17925012344237,2.42881316843782,1.05247290142075,2.27059061402985,2.16267711921983,1.25232340481773,2.45316786716435,1.85177837484246,1.90914514028981,1.76270584424826,1.8439973991401,2.02762615016906,1.3268188605361,2.33332391979759,1.59960642641406,1.3250341945893,1.96137582621609,1.73197646055831,1.1634327098827,1.74264770166464,1.78509414600648,2.00342205711725,2.03282102371883,1.34858098894448,1.78961145845957,1.77301909815726,2.20439323284571,2.00085142638982,1.6443951617765,2.53061011730892,1.33421891605313,1.94828980606261,1.90886475117484,1.80904381151924,2.07232400589287,1.29441683887979,1.68069391145746,1.83033094430428,2.00058796949929,2.4819003139366,2.05375795811876,1.97818436040442
1.04742689190357,2.36672182934124,1.66337747686004,2.49136424117173,1.03393911243194,1.32694325544553,1.20916115734288,1.60534563283064,1.5812096357141,1.55088044075167,1.75665048764837,1.98209677599365,1.40045912895609,1.73197757345575,0.966375518081198,1.93811860346765,1.3362751846252,3.99945494397272,2.10991122513336,1.95672551848836,2.74999447613425,1.75619013610477,1.68272873298757,1.65920408946837,1.29577275918367,1.14613169334705,1.43381753214476,1.65936089279508,1.53706548612929,2.4559764276283,1.35734969016738,2.0913372683659,1.97637210382366,1.89477273965538,2.18478206110734,1.40473896358433,1.00406788086051,2.47097307718602,2.2616239727796,3.05820374271503,1.29979901728483,3.11262862570599,1.70518758642375,0.939518618316165,1.54897930497139,1.34181816442521,2.2202394465461,2.8633463933004,1.68673759212763,2.32192441744934,1.39331356168613,2.12036741344498,2.20213261111942,1.80439099449812,1.00643293541321,2.06882071259374,1.10182168082682,1.03350776890248,1.93096599995945,0.943820497146945,1.84689142506249,1.68800095122038,0.400908833862533,1.7855062693082,1.92423077999865,1.91436351464485,1.60831266792778,1.51598597531265,1.85359978260484,1.01428819455771,1.41529635525448,0.527102585718642,2.12416374242465,0.97664731604454,1.21729771838664,1.34246738043608,1.59310943052817,1.53316060453056,1.813714461266,1.52854488982041,1.98161643296979,2.22523285322936,1.99487684193297,1.83083783106449,0.964039701196895,1.10610475805756,1.95480363618273,1.58759248709966,1.93971735588763,1.46905745509182,1.29222373402745,2.42086344955664,1.46015138690255,1.61275843385028,3.39967510917602,3.1119359805481,1.82963639849947,1.38920776387156,1.4218294637137,2.2193553966925,1.57820697703085,1.44914620485235,1.39040367850186,2.02468321670896,2.20619881467801,1.29991262088788,1.9030709128219,1.01524710414303,2.33324373660578,2.01326943826762,1.61329901128264,0.567338431133382,2.46243585388567,0.656293399051348,1.9603403656302,2.4458695408281,2.07857503033106,2.21016791689117,2.2511354525145,1.71096194344439,1.75341289019724,1.80646588717999,1.90556835259763,1.85860739232605,1.11507854438061,2.45415873909456,2.07260564115424,1.24583027517877,1.85475740481585,1.90393863167736,1.73123039778393,1.78953356763366,1.73851187803401,1.90749729457215,1.15008935747578,1.51332442789435,1.83151696286432,1.27225468330768,0.963669113178279,2.1061596146904,2.87618449766204,1.88847830291612,2.28566030838865,1.267684016882,1.80997293178695,1.83178700055743,0.535099166676802,1.96086764140155,2.10999001444142,1.464697330142,1.78196353273967,2.18151770808423,2.00163403237972,2.00802514295129,1.66107301262933,0.55268557514456,1.55912023293464,0.978442711304556,1.32736656698014,1.31564280494546,0.851212555168961,1.88730612046816,1.83242057169058,2.1091971782547,1.54573938813725,1.93795157248597,1.18893415469025,2.58354119796319,3.57443300514286,1.62298691946978
7.07608121130024,6.80878654017997,7.04222491708183,7.58884510735454,6.66191549898271,6.65328357388479,7.18523866158508,6.4099153565688,7.24397851094817,7.15723069078977,7.27417568138366,7.79242589834194,6.41041044633306,6.84548514234616,6.72072883420167,6.46634495303526,6.15292296772655,7.52885451556459,6.50012836204212,6.58540548190637,6.56581414634955,7.48687345069832,6.71946121817976,7.11559965508128,6.65193191652835,6.13589164769417,7.14304695382525,7.37191582370599,7.1238536584462,6.77727526526986,7.27773205457256,7.1457324240669,7.4179463429967,7.28193585576599,7.42440686792178,6.32127201894184,7.05421286995316,6.79843494913111,7.51446802313771,7.98737583685796,8.40872661061151,6.8227809398636,6.95532648176108,6.68571303410479,7.13253648608711,6.93787772181455,6.5837612125846,6.43234917589443,6.88333319281792,7.35557703618774,6.40342751784457,6.97416689171229,6.56513565327041,6.80942645147568,7.90356115419899,7.14282078353387,6.47554827022113,6.81716750984255,6.23081280976985,6.70995381497074,6.18136264381339,7.321494656858,7.42622595751969,6.94709937286654,6.97445158917908,6.82010818953216,6.89735727069525,6.59623969138744,6.91617890655303,6.86013247362555,6.32586108521338,6.68834803518755,7.69921236553082,7.03885583881661,6.71462792711548,7.35367685204547,7.30238364571382,6.80174536363704,6.60903574542605,7.91338080517801,6.84457221114553,6.65058482210298,7.1628358012222,6.55150047342611,7.00925749817076,6.0422646971761,7.10362982332437,6.98498721446639,7.52910739440152,6.85904511509079,6.843290036815,7.00045630643535,6.42893580024282,6.69278083906522,6.50196775677569,6.67489791267391,7.2780210326057,6.91551750463218,6.56842349937902,7.67156245952957,6.99222687070935,6.4385358260137,6.7387658475658,7.22670946637062,7.23047978946197,6.38030483693877,6.72537305698389,6.89775742066482,7.59547732794165,7.09872825913473,6.57830697543789,6.75217547068844,6.93465414219401,6.47999339532216,6.98828369071048,6.46851257446942,7.17594524869944,7.23895881785714,6.16665705002382,7.04677138686911,6.85512161164015,7.92248809241028,7.46942649544539,7.12368705917299,6.75121789881494,7.33229447365484,6.36487037399807,7.5057543117139,6.8232762248005,7.3330862996857,8.58723038279002,7.10039992746718,6.22691644488866,6.90140037193716,6.51321730947241,7.28892234941719,7.04630651692025,7.41213188681031,6.63878907688909,7.02306897629581,7.56841710834612,6.09504632677046,8.09814206312431,7.23640351115778,7.0156761169398,7.49053593716607,7.04920624938297,7.09064251104814,7.02439715507816,6.2506044141823,6.88874479853661,6.76117527107245,8.47564143085635,6.61821380902467,6.89271071393627,5.79860911378761,7.38097734738048,6.81605927878199,7.69197188709416,6.40409582872614,6.85314036941304,7.2410700012353,7.12075810875534,6.42107312447468,6.42460005977192,7.09195536812863,6.76685243509611,7.07565703985884,8.10069762254931,6.7254614736783
-0.958093718301615,-0.25417933277288,0.115598427512515,-0.196297811525532,0.647527798519584,0.0206030667079942,-0.788876105912377,-0.0323028187248419,-0.785272424140145,0.942552454058701,-0.122756395674166,-1.0474751881684,0.0800374100066087,-0.379453570619255,-0.0558616957602943,0.0460565806493768,0.0379761924818036,-1.0724635005192,-0.486089998217662,-0.529910168329768,0.415088405849901,-0.918274853643703,-0.432783069409281,-0.396659271475256,0.600992570755027,-0.611395847692081,-0.908166364577591,-0.562521900720731,0.101922630420509,-0.201988568819821,-0.591078707511883,0.0367458511084387,-0.134969003403372,-0.690431675463367,0.0911497679857497,0.389245584876259,0.00127681635293725,-1.31160145902653,0.0185662933490693,-1.21593948198043,-1.23450834964371,-1.40160874582161,-0.174585812997249,0.275221056428407,-0.0958194179405486,-0.631293448217757,0.597139118119432,-0.880081311291475,-0.304157563546863,-0.144151241782149,-0.278589895739193,0.11151258024205,-0.256624827662309,0.139869281578481,-0.0939992912755229,-0.381474384487986,-0.54667370380691,0.150994909890096,-0.111322717304666,0.053528976519952,-0.520952965901058,-0.233862188022402,0.220451686690693,-0.291397693345473,-0.0939412057399132,0.350540632540191,-0.362840059756354,-0.167136304132949,-0.00950140266586114,-0.312880314786323,0.425940580723449,-0.257856694050363,0.0836441391811532,-0.290127119296702,0.147002395062876,-0.746030820490593,-0.681620962034002,0.329205551650095,-0.194703237069844,-1.19226420642863,-0.925253355019268,-0.081538997334917,0.0607200257460197,-0.725959834104257,0.165093919950208,0.255933557388912,-0.0886720245006547,-0.805137151647755,-0.0838128901470623,-0.0274745870660022,0.443229995096867,-0.404261323584485,-0.00883165246579093,-0.397176456838435,-0.0921873565447349,-0.818000637114217,0.0769752647673274,-0.346349035687687,0.555927986980638,-0.516691906248344,0.212667103814183,-0.323509643444558,-0.47087044053822,-0.4572435703035,0.0563824797693314,-0.453081880486278,-0.537935325230116,0.284554609331996,-0.784932321355599,-1.20821363553178,0.501421644816263,-0.8088374232288,0.49569160509459,0.289609338933681,-0.0585192662149656,-0.0584837380438466,0.329029942575289,-0.254229067136521,-0.878234800536399,0.0472102009286443,0.0581151380298178,-0.220516583592612,-0.756249898953887,-0.624458943537911,0.759406671912981,-0.085541044519881,0.0683838119890751,-0.340882793194079,0.167291493404206,-0.189088659730269,-1.29128243883963,-0.599096328232929,0.118673511867558,-0.813010975255906,0.70708558845543,-1.12687472169051,-0.333841951040419,-0.466722208432141,-0.51774668005145,-0.499912617913168,-0.840841013025462,-0.36673735431118,-1.29295996406825,-0.579705691820363,-0.963891854558978,-0.505309222451058,-0.793380231715092,0.290903461130717,-0.650444089978529,0.669732258700258,0.00944973738031835,-1.29141406977999,-0.200719772944209,-0.576520320735515,0.082637223052809,0.630603026125596,-1.12550238175476,0.0203491703540328,0.654637323216255,-0.481915501759081,-0.641919146569183,-0.776519550684786,0.419970883930445,0.173150769598923,-0.405272439966358,-1.11427111908883,-0.281615893903418,-0.260102027118904,-0.479486840159675,-1.75960799377671
3.05056580682715,5.38806673998336,4.64532850504093,4.64075157549763,5.2688864363099,4.69744218513479,4.74847524921395,3.46337440228523,4.63410975487776,5.49253359613882,4.13993472946237,4.71997757899827,3.69908509307558,4.8156589012768,5.11368984647656,5.09519523665455,4.52565007262805,4.28721120633279,3.69257011339065,4.16231135782532,4.45845270753422,4.5606822838077,4.65006312778973,3.9806308696924,4.31875708614935,5.56728860246162,4.62388285080529,4.55919248099743,4.59742520742134,5.24266975803252,4.43736425899635,5.63177263657213,5.09920320875818,4.10369230531992,5.14292904966203,4.79350627597889,5.40500057725919,5.02433010867284,4.77872358799856,4.56371508282432,3.94772264703148,4.80184119045572,4.92446663264279,4.794111935969,4.24011197230208,5.16963748285635,5.31117196815131,4.94046765845871,5.11013692250073,5.77075687517895,4.7137627152062,4.31175769285662,4.67447916031921,3.65716709623911,2.96747758217062,4.62753055296218,4.38026295492774,4.37655706557565,4.31088342931494,4.53589061863124,3.2222106074642,4.56043161869571,2.3504618243983,4.16854321922066,4.55108970432215,3.82826914942329,4.32580421720871,4.22967877870629,4.0846529711553,3.44272355174611,3.53828042796563,3.33851563849379,2.95353380226401,3.43554968470218,3.92132749281652,4.12761185247865,4.70040729351021,4.54714925681639,5.11078159973877,3.76515931175874,5.0624431060082,4.04345679845284,4.42261090890399,4.54912347078076,2.37797882024621,4.13536857588474,4.27705980880063,4.98192353310638,5.19839250804088,4.14328889547992,3.91391328185551,4.71760291323617,3.8522063688022,5.48849839387841,5.10622626584578,5.15532147836957,4.65281199662131,5.2867498984906,4.34482133274765,4.05853882873,3.28616638546901,4.1587900431959,4.58405888371799,4.90458117214104,4.6162396534627,5.28275617702801,5.14587641521482,4.24786697159117,4.45026790313693,4.67731289485814,3.91982749146464,2.89613141010412,3.93817809580885,5.00151660680737,5.30193071170922,4.10625613664038,4.85807507098172,4.91773727730618,4.01208376394939,4.10282660079131,3.73356583865551,3.18475695157491,5.19940892251199,5.24322686148323,4.58769939152043,4.46623074486043,5.37516764130077,3.78053922797708,3.5994206340865,4.33708247991624,5.87688161422337,6.55299486228461,3.3731332083659,4.89445236913518,3.9286571366984,3.77303045356484,4.37580529420406,4.93439024875742,3.49593886322322,3.85255166200547,4.8676936103854,4.8041665339999,3.67315886575485,4.00598745084832,4.17162810812601,4.90320939276546,4.35537820748243,4.61501458618075,4.46440211783458,4.66505421383833,4.44670631942673,3.81453761446416,4.64050955723729,5.24237446739554,3.63615038076605,3.61035501070186,4.02077168857147,3.11761323467192,3.71303731635109,3.82269460640083,4.32647077395173,4.8408994286601,5.02248296079578,4.2826513598093,4.48509888491801,4.51679559797902,4.94757763157097,4.35617753583388,4.89352521217923,4.38221269315927
5.13607772734967,5.32579068732573,5.51177501294999,5.23024121406159,4.67928538769283,5.46143945250565,6.82594950739434,5.06007765078658,4.81990658685882,5.6658774621167,5.46144500223785,6.12357153528288,4.7446673908114,4.5960050424862,5.14790640497873,5.51654605877225,4.84817785878818,5.63107107760947,5.7026482970785,4.75057008339293,5.17412519971428,4.57269047769101,5.21353721576214,5.50656942271877,3.67719091156073,5.17429654056631,5.28501612302515,4.7417068615086,5.38025188412669,5.50714592481138,4.80567067280144,5.71255554875436,4.12246610276178,5.91911118203154,4.88105808796742,4.55764048176547,5.87596584685818,4.41498223225439,5.03280674132013,4.63378209990206,4.80797602687765,5.22945168686637,5.0075650273698,4.66708563395964,5.29739578447495,5.82075113465493,4.91244345828022,5.30612923740734,5.22823577798515,6.53295232531214,6.38831287565929,5.80652509968449,5.5585784741203,6.51690517539093,5.28462190320339,5.18362655640494,5.36515434035096,5.24285215574419,5.32557657071446,5.47918445284732,4.32509865809689,5.39074769702998,5.34307833819943,4.61702270756146,5.72678049528272,4.78123005800295,4.91929847243958,4.6604003793935,5.19269676006546,5.07672320057629,5.77588276382529,5.12115997533132,4.29561039824091,5.02030121880538,5.35183693363952,5.18016036875933,5.73846871655403,5.5081091042669,4.79826441865637,4.18808606550598,5.60466648845741,5.23248110865014,4.71978558904438,5.73480464633682,5.06077289082185,4.83033114304208,4.46391967102989,4.93645828999809,4.71059948011576,5.00607249075425,5.6274315337966,5.21333154504588,5.06664911364906,5.52609735020878,5.41745537745623,5.11436380406379,4.34383597093802,6.10082837077677,4.91226183012149,5.24298670539662,5.90168052170236,4.35746670372743,5.32788003270556,5.13963818243711,5.11700199724904,5.51600007321944,5.0658318067694,4.28036539911427,5.25381848765743,5.41429130285244,4.36993572209889,4.77123444946148,4.47738205396031,5.05461135667683,5.53081672639268,5.4198086712412,5.04184756697137,5.86507174816621,4.47704423814376,4.65675820494994,5.75252966157963,6.19064280683049,6.01817005911171,5.59840969284114,4.85836455518712,4.75404152506962,5.20582803454643,5.04240137270273,3.78856242785424,4.88641287899234,6.04743694030125,6.51090188362484,4.47037632233967,5.53308429402058,5.35683466599094,5.35518596684376,5.31202166512098,5.60735357514291,5.18064578954596,4.21342518724911,5.51492761303626,5.12529784920619,5.89973032229876,5.14942348362788,5.43827944674807,5.14428133395923,5.93927693926254,4.92056125073816,5.4148902269679,4.43639543451633,4.8145213682024,5.28704258905445,5.14201533774932,5.06360684899416,5.12982425872469,4.72719273572344,5.16547537778387,5.50536433832999,5.4577728456124,4.3177189056639,4.37002556199629,5.30518397001254,4.54325761359347,4.74992278642482,5.61562429693366,4.56227758184658,5.33644051031651,4.78990097601494,5.16954366517004,5.1111285414306
-2.78982356896554,-2.0490548215299,-1.64940848975188,-2.4181625546851,-1.40301868161071,-1.71886625518999,-2.24388214819293,-2.45515111802094,-2.52496882594312,-2.52367155575086,-2.10033007437295,-2.39032037575043,-2.13880228966369,-2.88894400232499,-2.41974704543039,-2.08779255109507,-1.45110530496845,-1.47964288332187,-2.9317922480051,-1.90705230484245,-2.60462117289014,-2.1876657256384,-2.83960049912589,-2.98279852437741,-2.49932054396874,-2.08193279050011,-2.72967451081556,-3.17771962822548,-2.03118316391037,-2.65580279973363,-1.70429053287335,-2.28735871815173,-1.61683602323431,-2.19333287627266,-2.65239884501443,-2.16888890785815,-2.00940324048308,-2.03820366480893,-2.70102753731226,-3.28787827114253,-1.76542565797269,-2.29301444941558,-2.09756959531789,-1.93290718438461,-2.75664970529416,-2.34278511800967,-2.05490880076945,-2.09670725466148,-2.39758703560985,-1.98135689688155,-2.57288975080612,-1.8468299635684,-2.45453250236529,-3.10646432925281,-1.3279982593536,-2.62838260724974,-2.3295558269506,-2.39731484592427,-2.06899716700643,-3.487872535044,-1.74645001851189,-3.00809345261357,-1.27291227229314,-2.11055449228649,-1.87869634101524,-2.67573127714045,-2.6100145474608,-1.92246314492607,-1.12830290103132,-2.812999177321,-1.75535510539386,-2.53125247591682,-2.87239566990551,-1.70141087725025,-1.81813755261256,-2.39242442000813,-3.23847073707214,-3.44404185087674,-2.23019630088276,-1.71460229405525,-2.66341819676738,-2.1518982134295,-2.89941601793909,-2.19622866294592,-1.03405116620497,-1.74889427924026,-2.4466816037818,-2.53849453275981,-2.57034641146379,-1.98885345919135,-2.11007114882946,-2.79260516245057,-2.52988110308158,-2.40607052889169,-2.71899699008263,-2.77573510617228,-1.91455988017735,-3.96619030690398,-1.62235479158416,-1.21134516010095,-2.06799614404918,-2.06998879372068,-2.70751309821683,-2.46710714685982,-1.07923904532377,-2.39728350496808,-2.43704623959982,-2.20863540752062,-1.88344927548695,-2.8249243002622,-2.07015038195502,-2.10950939145764,-2.09085081946253,-1.65000585343481,-1.81456369417948,-2.17596409793976,-1.94928162134178,-2.95448997183941,-3.37138471947866,-1.51417781447191,-2.49120083118229,-2.81040029121576,-2.82139894678356,-4.14147434321605,-1.80344266659039,-1.87164642885176,-1.8470503562456,-1.57565573652254,-1.76863391646388,-2.17802997504689,-3.10080836091209,-3.86476459708459,-3.37408464865549,-1.67667099679902,-1.97903579721312,-1.88726206876581,-1.54170675199985,-2.47139790208894,-2.99998628160199,-2.00624671907467,-3.19022265910739,-2.66351936779442,-2.26589572096843,-2.54120978146879,-2.56759552347356,-2.703193438125,-3.14106974850443,-1.65107123464534,-2.28423325297235,-3.36197929481952,-2.38511467762029,-1.91434336019432,-2.97654750802876,-2.58842100417625,-2.34599624870497,-1.46053690234145,-2.50434858252154,-1.87620504468978,-2.51347192934543,-2.42212123423497,-2.46004607828768,-1.63457068496894,-2.24298619205202,-1.9449831471735,-2.91023948154179,-2.06601896609238,-1.67379002203113,-1.50832113534434,-1.85788159496615,-2.21259248768176
1.57336048162355,2.48537547785054,2.23531985322093,3.09289932779341,1.92023962818166,2.73145131301096,1.81214800444461,2.59706349516293,2.82055716353518,2.32289885262294,1.28748404723992,2.91425996390994,1.55468922786233,2.24040801297203,2.48648345028239,2.03453412799376,2.22886598517955,3.14275771285673,2.4812101358294,1.74050296172138,1.13740749728477,3.00376976240172,2.6924285266556,2.76314266783237,1.07041578164421,2.46894744169596,2.36244493474915,1.98702637944801,2.58212134391542,3.48239150176242,1.48956369854476,2.25159232929949,2.34433356119519,3.49713627664076,3.32058961748249,2.80507335167112,2.22867020337459,2.59607616629195,2.49318768856293,2.13423928608686,2.00546107794733,2.76612082110462,2.15147182841183,1.43118452740522,2.55413266008526,2.61852070537621,2.6744395753273,2.38855618928362,2.9013933418098,4.360279880265,2.72377765234472,3.06258829389998,4.07528804934325,1.78073116983668,2.82617123433893,1.99460826548869,1.35424283018706,1.58178989023785,2.17450093262014,2.81947071831365,1.10553920270071,0.807341886287396,2.1302772594886,1.39307958954347,2.17129273854774,2.33184482829856,2.43137980819651,2.83967021976515,1.83720494717194,1.88262089424212,2.69857957457411,1.94162345544732,2.51420837259494,2.32760600002229,1.99841576215424,2.22936999987743,1.01848090189925,1.75675105918476,1.8612943534803,2.02963392342654,2.69323043479122,2.29596834916727,1.40653961459354,3.45607322957571,2.58851680757332,1.51777691547058,1.39481557558141,2.23483054211192,2.36276280776069,1.37100325765143,1.02315128317951,2.37540689742399,1.60609343964306,1.61463567377811,2.72465689109167,2.26301114702383,1.74700059397045,2.05252970577538,1.6732155937825,2.54425048190751,1.86160723212756,1.75295106200694,2.18413921496324,1.85637989381034,2.79436947878696,2.29452010246523,2.73684117797825,2.48068584368635,2.17067614734198,1.79191541483085,0.729782622441328,2.04629258500016,2.45100373771028,2.18037018815454,2.61379596729587,1.10287055442838,2.59403417451512,2.38525685617541,2.46438812765864,1.92849408204751,2.02253546359159,1.69061399411476,2.80741636668737,5.04120857794856,2.94193938585027,2.39362949476209,2.36511772413414,1.70865283687756,1.4264147037161,1.4366725436237,2.4907374258966,3.24419290397747,1.60946200353718,2.60976175539079,1.50350452230765,1.47080803567542,1.38023144582433,2.41712953442957,2.28182982550451,1.4221654616419,2.97370945751329,1.70440247477122,1.88470382605584,0.261909199782349,2.04215980554111,1.71019846825557,2.54975506073441,2.97039127015478,2.26976720278493,1.94852240264591,1.63753365187659,2.18736141018704,1.81467490100476,2.72325028074983,2.20837689190183,1.29918158038198,1.39999849394219,1.91421323097037,3.1146383821769,1.27916760114049,3.15055178453753,2.5950584333214,2.59127310024013,1.85200634834368,2.85223025137159,3.73643530677837,1.53072191107803,1.87868090114827,2.49462595172348,3.02330066721455
1.72339086628401,1.87669108384949,1.80218187552064,2.66900240888235,1.8942787862642,1.88382166376947,3.14673707263642,1.56123203445036,1.20506015237411,2.48989736781968,2.00863329703048,3.11242730390202,1.78487524536479,1.89511903345081,2.13330464456284,2.67308337767057,1.55692865655883,3.55015900757925,2.96677619148611,1.84370464889308,1.36121464434065,1.97722038895356,3.2883329962292,2.05383183161804,1.44021031712474,2.00345742490101,2.13017738604884,2.68697286870347,2.43727480894552,2.2292752397005,2.36503579503964,1.69293345123396,2.41980981355973,2.47166609553991,1.71488508745221,2.63344949308903,2.47454060023541,1.642946795798,2.22238204330404,1.95717082625104,2.20722279142116,1.88172265536772,1.40816834368622,2.14969357065329,1.10343076199755,2.17324626743191,2.11237196283413,1.75994431134105,2.33051407903877,3.22302575166274,1.71645292473449,2.76629517603178,3.72095881786208,2.23185126798336,2.12152631843489,2.31424568610752,2.17581542349442,2.12550140830435,3.01746264337087,2.67197443381875,1.2693613214965,1.56163052007301,1.94298724730015,1.21348018162113,2.17764627413233,1.85333028122609,2.35195844567292,2.43897193255563,2.3727617328934,2.43814643621842,1.92670247437637,2.4916508168134,3.0839776037451,1.97687132248751,2.35703633729279,1.94524446347366,1.85456049973821,1.99091999215623,1.47973338646452,2.36428422319524,1.75445510413708,1.95868075343302,1.41134499446295,2.63974827107448,2.43211449748361,1.49065141708641,1.32105153864736,2.24789378251089,1.62536177917818,1.99939834365518,2.35745931851879,2.24648565030577,1.61091105961456,1.81953313391894,2.40756297881939,2.88664569918392,2.04175983621384,2.9226601936531,2.09460090536814,2.10742408817511,2.23837874147561,2.1933747265494,2.00555859572088,2.10172180032764,2.6106047255187,2.3004171030015,2.48654857378879,2.3887505259752,2.15624914173418,1.52633105793863,1.68837604567513,1.43980168183431,1.35566803678581,1.74724105840327,2.27946672283473,2.18256621425559,2.01564938664941,2.2169228435132,1.96581359281298,1.52284028779814,2.47816335032125,2.30336386316695,2.70257397407714,2.51776674901035,1.79330771170817,2.00025603135894,1.91208893615269,1.90498210487528,1.96754243824738,2.97158687907036,2.4996565089465,2.60558053213634,2.42573614218769,2.10460518913567,1.87203884519511,2.23131013569714,1.87676636066145,2.79368364414695,1.83519171110504,1.99209731171414,2.75139066646283,1.84686686822164,1.95188893362772,2.19775093594318,2.17916903718564,1.12127786692827,2.37612958246266,2.65876570553174,2.15104680851193,1.12358308111173,2.05516726270521,2.39231658985478,1.95134476951327,2.05094089708437,2.64842687924144,1.72947902650069,1.46764200769757,2.67890236021464,2.31462350077649,1.49433336258009,2.41101707097768,2.66534689072248,2.35854766538685,1.90775520970059,2.04219531003891,3.22092245607774,1.73865414106241,1.8080210025117,2.29271641463381,1.78864556647538
-2.92504406150873,-2.49450453830543,-2.47051220925069,-3.01813635693843,-2.21385548701376,-1.5801697179675,-2.72124482931851,-2.71418266873833,-2.43313043881088,-2.1752196799248,-1.654226183149,-3.41843433451706,-2.0830266681584,-2.99740369861004,-2.84905634956574,-3.61237561469769,-3.10475908560823,-4.1813132875094,-3.34626388664752,-2.72683532246163,-1.95672531599309,-2.74400924909474,-2.90845951793734,-2.85183928539396,-1.96294091610648,-2.05874876573594,-2.8801276539562,-3.41627737808019,-3.27913595163257,-3.64207840523116,-3.00878464215454,-2.8351457178019,-2.81768472186458,-2.55387876871048,-2.29661424922625,-2.50510880304827,-2.78652264690036,-2.84699694527023,-3.09851980908292,-3.18852060280357,-3.20425742612158,-2.99704493748993,-2.37353383356012,-2.21373681192219,-2.51020682451023,-3.06860574077485,-2.86740013825003,-3.11067979085987,-3.08198073800064,-3.51941022762517,-2.89945893535597,-3.33943176211854,-4.19864712874098,-2.20664221796518,-2.34186720907305,-3.38688361295067,-3.10790223664372,-2.70296136405954,-3.14079406147877,-3.5576100484946,-3.3881983638441,-2.7483818511539,-2.37084742108283,-1.93243079002512,-2.72667699958212,-3.41460346496265,-3.32309913588236,-2.99295782909341,-2.97251880689393,-3.27822513761618,-3.21857154424688,-2.61786280036238,-2.47843418675168,-3.47769427340975,-2.16327200984785,-3.0610730996248,-2.33760566677316,-2.10408065403195,-3.47327209278561,-3.04752821681505,-2.48438135680773,-2.83485023912281,-2.44542974736356,-2.92896428694262,-3.3219909232054,-2.76929578205242,-2.95111434105177,-3.27677814473376,-2.34117110872572,-2.38343439996378,-2.77604357493749,-3.22709801144808,-2.87108299007165,-2.37547678566338,-2.87896482382698,-2.43299594700025,-2.12225414989618,-2.66686990782133,-2.05389850486341,-2.66646012220049,-2.95972394934313,-3.316515372845,-3.71116046767482,-3.01499246269522,-2.98538022545408,-3.08119124431097,-2.77144386367701,-2.42228779454228,-2.67088531772559,-2.93504260326387,-2.15735316536907,-4.02712282764206,-2.69027547437696,-2.90454514546793,-2.23264409930733,-3.12959211547018,-2.39549307956772,-3.06337755360587,-3.3792720042298,-2.25716695343336,-2.36830658333331,-2.37749729862235,-3.71777361461658,-4.1239522088378,-2.73349701371572,-2.43596246358535,-2.46509991685163,-2.10179126441376,-2.80769317554297,-2.49042189100857,-2.32358880619334,-3.43613481891895,-2.47881125932837,-3.582948531012,-2.26204735933286,-3.20957883511276,-2.72194479229095,-3.18957398050557,-3.6600869372701,-2.66813317144809,-3.59306298609165,-2.92945992475873,-2.96373071665271,-2.88223076934668,-3.23602682872485,-3.20115347860392,-3.22388039420146,-2.54177445882027,-3.41126477138614,-1.98421665111831,-2.78237747997786,-2.74362347383448,-2.06933111894021,-2.64655910571526,-3.08818845529172,-2.59842156115147,-2.70268785905646,-1.82930807444404,-2.86626438604324,-3.02623026179554,-3.23403802915605,-2.97495867349215,-1.91336932231604,-2.45278273156872,-3.09734478074847,-3.96209066959209,-3.10042029416476,-2.8590325909287,-2.7800430802492,-3.87348449453708
-2.27863307445475,-0.203077235846754,-0.538063746704515,-0.828504058539691,-0.835738312871942,-0.362136434212408,-0.960662506928325,-1.09915033674599,-0.972643326162982,-1.0222143588034,-0.417107174800639,-0.865082993329125,-1.09331839214886,-0.891849713754441,-0.337385808538251,-0.342796874780209,-0.876647879992435,-0.594944546631946,-1.45358065635663,-0.761550648699959,-1.73506011482008,0.0474441108702943,-0.796541822143928,-0.394442963880536,-1.07857280832143,-0.84765582698939,-1.12578296972213,-1.06690589618179,-0.701564468696025,-0.215905101129107,-1.17773192782508,-1.00404837772244,-0.709365743478931,-1.24611995645391,-0.393368159937332,-0.525072129496821,-1.27537843268292,-1.13050773207936,-0.895613435543164,-0.499335637855087,-1.49010477027147,-0.161850070137931,-0.926835407781982,-1.18848728374478,-0.937249334227196,-0.709698347594449,-0.518511048546302,-0.68759775645215,-0.737714542485685,-0.000140948454451895,-0.346531076717195,-1.70135431425509,-0.465163645654998,-0.930462540490056,0.139013180304262,-0.87208601878407,-2.02247059084234,-1.0870099653511,-0.867736153919637,-1.51063905699352,-1.53668444796931,-1.07248177289756,-1.4951541314515,-1.17406775690725,-1.08133907078744,-1.37323675824505,-1.42343866724819,-0.889359138165962,-0.94482715949806,-1.54580452097664,-0.389064195116383,-1.23284573222716,-1.57565041264609,-1.25491295971307,-1.20378948205887,-1.26081185063177,-0.968412418558736,-1.21984704064329,-1.32868694789313,-0.686255112748531,-0.487316875821028,-0.470666871355913,-0.607017893303037,-1.1470828375468,-1.8644145603604,-0.897749496711689,-0.669479259026309,-1.02902254789046,-0.573528571321139,-1.74308446237243,-1.4463833763529,0.0640595122194755,-0.929582452476343,-1.03717093552462,-0.254667483617872,-0.751296229507654,-0.576922729250112,-1.94472238774512,-1.28866126255652,-0.918971289700283,-1.36620632667576,-0.842704491437049,-0.777265602502853,-1.06465146970229,-0.480062341702002,-1.62714118305651,-0.746360320778582,-2.10303491240706,-0.584752871440248,-0.650052365006921,-0.912258749697357,-1.7626556882849,-0.869339516686391,-0.59555578778396,-0.174979054166956,-1.04718519977476,-0.884485142443004,-0.52359730043391,-0.859144880968987,-1.39400264909705,-1.22524569393819,-1.41952846515958,-0.385408795704914,-0.457391731025523,-0.00561872241727757,-0.595237319622452,0.178356223192459,-1.2145689012348,-0.70146192879949,-1.52792163481639,-1.42260547637543,-1.09512320674699,-0.779132905106858,-0.743518799807403,-1.58304785914878,-1.44141690218279,-1.32465497622724,-1.80188978109761,-0.917629033746168,-1.44592945606914,-0.196245094143923,-1.70505575613908,-0.6856294261821,-1.64775139803616,-1.29584600082358,-1.29026846487596,-1.32093777188611,0.134890866550774,-0.876043512604139,-0.215875961478672,-1.30496547313173,-0.776378112599057,-1.3490489060685,-1.08617934981142,-0.547986009236203,-1.4205652969933,-1.1019156071022,-1.75570794299694,-0.36416766921142,-0.886968688467961,-1.16682171260553,-0.220052885233234,-0.513136949357422,-1.60332874277063,-1.05250050599919,-0.243257513208199,-0.958759563064117,-1.31854734534685,-0.341933435595965,-0.121491657258242
3.85244005438241,4.31164523936186,4.48221544358111,3.73491841826327,4.03238787520488,3.62871612221021,4.35124421932465,4.42147920180977,3.82126547380259,4.92097087543919,4.36536657618047,3.37179323957649,3.11930068958618,3.73865054615806,4.46404420072415,4.42115639710029,3.97683617352782,3.99215964550912,4.11205729002387,4.36103701914386,3.68358537676428,4.44275603300181,4.53630622647397,4.51357123285357,3.75246168285711,4.5753326451189,3.86331106366046,4.26165043153147,4.07090038719148,4.44115107209455,4.30649044831935,5.1087136707207,4.2949766790635,3.38039022948909,3.55640873911154,4.29648475107476,4.35575085434856,3.99814888020809,3.83307233166015,4.21863640569078,4.61126839439223,4.30350653282043,3.33663770273254,4.10582248041492,4.4371814930884,4.28905442936138,3.96848474887824,5.06953005499582,4.73148268173305,4.3432998836205,3.78520476897968,3.37077902176482,4.77026935833658,4.22260970111202,5.30791972549198,4.1453639276607,3.74349980488272,3.62972024563206,4.54112657714209,3.93305898443777,4.78280568072994,3.7024474033317,3.74712345592435,3.4223369272982,3.84448788451913,3.83741913752069,3.58949018670273,4.69562007482205,4.24892320921255,3.85901688480042,3.48330246422671,3.44641712424414,4.40936871732295,3.97890731665219,4.32198565802813,4.08187386514583,3.68897838216765,2.70163557934369,4.78701534268877,5.17621365760932,5.00564883585327,4.00783446603278,3.81231001690637,4.05050892241918,3.55396294365109,2.86333411519573,3.1776623024077,4.24882098616541,3.88544728269886,4.76187788020224,3.87008628721099,4.06445297289007,3.98798085765655,4.12669713323638,4.29469423161012,3.98856286536095,3.90617613569957,3.08988890671433,3.31293436266745,4.02227703613981,3.9651426782751,5.71906540617988,4.42944575351613,3.86298960166305,5.29675385971385,3.89038457230164,3.93197681061222,3.4857268651731,4.14825610514256,4.15966837828794,4.22092611466712,4.65347196992966,3.66302763651153,3.17439209427226,4.84124146733555,4.60617326609469,4.5977797205653,4.23297483398618,4.23893623600539,4.22523657305048,4.20799361976553,4.43095967644973,4.71592070257974,4.55243422154216,3.63704445413816,4.04192149702476,3.51764977431145,4.04555814094315,4.05570143786243,4.20417450842084,4.50605583937628,3.98871155323225,3.86642256502155,3.988909946568,4.68784610510751,4.16608645050001,4.70174102105015,3.15262757682529,3.67854249125823,4.06465797941261,4.23182812492409,4.44619518649607,4.06451879677956,3.58464028215954,4.13011886862134,3.94971478898127,4.23415753224494,4.18026466374433,3.6025646813218,3.46670093004727,4.5372005121552,4.26868156887757,3.74225587079238,4.36266316042296,4.90132910298672,3.86331746953028,3.5907649837564,4.212645646172,4.30343679037175,3.65844674603227,3.82831248089869,4.24052333567955,4.29315873292276,3.32339775855754,3.5564770550988,4.68446604245233,4.68839092272104,3.41842581027336,4.91623566861949,4.4269341189067
-4.20576394852566,-3.86793475631044,-2.9370443870155,-4.33814979850337,-3.27265064970917,-3.34377817697305,-5.22806977745204,-3.42343199251214,-3.91430302856157,-3.54592286884765,-4.25028311098631,-4.16643863361765,-3.08093689500544,-3.7007647813583,-4.00179470453587,-3.9072079187579,-3.91248933338943,-3.62950675597483,-4.38994021760956,-4.26311710540754,-2.78154263940257,-3.95851966385703,-3.8543009083412,-4.14268604327799,-3.08065595217037,-4.51041641727948,-3.73439314519203,-4.5423620762856,-4.47297687627686,-4.87101722076035,-4.49624648447893,-3.56263236558421,-4.34557892466368,-3.56149748136819,-4.04930473374713,-3.66378458131434,-4.2157955736795,-3.87493240589569,-3.8707939089501,-4.10892822575732,-4.01274349165267,-3.74325490862673,-3.18334354557178,-3.91614417283607,-3.46678473331546,-3.60346775942015,-2.93612958482153,-4.48850164790314,-3.62511326974687,-3.56896805340959,-4.17356638927536,-3.99258699847726,-3.82408850218835,-2.48689070151491,-3.27466474220895,-3.84751788228479,-4.03246223135274,-4.51851220945642,-4.81914525553364,-4.44745381958588,-4.43554134683125,-4.29188485334172,-3.88427785102429,-2.96369833454524,-3.28415892352197,-3.16594142018535,-4.24717271560919,-4.38389389476011,-3.65877449215213,-4.3217848091362,-3.40235477523416,-3.83010435981364,-3.06676876748486,-4.37866143142325,-3.72385663802596,-4.08896273510031,-3.89716390289259,-3.59652185031138,-3.84821468641409,-3.77887251231476,-4.15146603017523,-3.45709446616702,-3.62432089827996,-3.99083372041048,-3.70153559666056,-3.0409029901671,-4.30949322777814,-4.31304185302776,-4.00665970651931,-3.2497673872256,-3.54028697584338,-4.40692865290029,-3.8285707757524,-2.96949057097982,-3.74482297228431,-4.05212550920322,-3.72848470155385,-3.31826394541243,-3.1651774074069,-3.39033429702333,-3.89552779684774,-4.11521098978958,-4.08268107817884,-3.65812079281434,-4.55577102115785,-3.41011389242438,-3.86376481053873,-3.3190688205242,-4.43581182210704,-4.8400876340591,-2.6147760982874,-4.98733539767511,-4.5584905528215,-3.21181233229933,-3.88562185492483,-3.92721610887475,-3.61499970650509,-3.90825449287673,-4.18739226566326,-3.77391954525609,-3.87563303398156,-3.82280509989546,-4.22256010508766,-3.98712087057509,-3.88327485792421,-3.95273596979257,-2.63625450409193,-4.13879717863093,-3.71308160423333,-4.30378762136226,-4.80537614013572,-3.97417686171097,-3.22248532260528,-3.76776751823584,-3.37612426171657,-4.09009529898085,-4.33450020527328,-4.55840744420735,-4.21271632895299,-3.81367264383628,-4.51325580956176,-4.29879062250175,-4.62441812486088,-3.86115144831229,-4.66595871685341,-3.92179765795486,-4.37093209682885,-4.06206310923329,-3.97217987069381,-4.13782986125818,-3.50452310131285,-3.80345424297281,-3.67986927191203,-3.40214973196627,-3.99739106388204,-4.30962075315617,-4.32230812824719,-2.69234593707853,-4.12813556322862,-3.40758803925055,-3.57610755984919,-4.56006831318032,-3.3574839604363,-3.61173344933058,-3.83004468037304,-3.87890240070238,-3.91204436845195,-3.54643511599337,-3.42428034663915,-5.073946444552
-0.143603288395665,1.60864916841552,1.42549807027528,1.1128285822642,1.9387556299653,1.01631574930925,0.333148045397469,2.39995067085648,0.834887111997991,1.44276931851425,1.32380451596747,1.67320319244202,0.0764873714686674,1.1788251635306,1.27401125061714,2.21924683203915,1.17142733175333,1.2201960834901,0.783681298825115,1.47513888353533,0.545917114691914,0.929288000309726,0.725356556570145,0.73143410605504,0.726497225830348,1.51046976952029,0.827301614333227,0.253960364047312,0.452120380294819,2.45762666198273,1.19048526042211,1.81968595899235,1.6892609595721,0.626728275319422,1.9641780708002,1.08238117531154,0.641547637811282,1.9913250759901,1.07987687146942,1.108135518094,0.545317389240334,1.65375847051945,0.818777596667847,1.18792331980631,1.04768417949288,1.20444827096902,1.53694102776817,1.92316311607794,1.77654053575792,1.8150535969438,1.50085295912997,1.38552027802932,0.95052155252401,1.00512077663735,1.17223020080654,1.21600773082392,1.03821335344839,0.954942603395198,1.22493877401606,0.864007515285755,0.73863162654633,1.67718922563022,0.244159073945286,0.629170677843262,1.16833891159977,0.0479868670039425,0.798500368558527,1.32596064698728,0.256934959656164,1.23287584261097,1.49800004914437,0.498273775040199,0.350302804259261,1.10028823112908,0.815376369559342,2.14580361004188,1.17600730824045,1.92366403828653,1.60861607168301,0.778531274947514,1.50548578451401,2.28018588585092,1.25189925607752,-0.235117458586326,1.20812286646778,0.850651191446866,1.3678074177185,-0.171777642733986,1.32259394123858,0.540755910601186,0.516309316140144,1.77387608870342,1.43663527503411,1.27064430281762,1.16150453010587,1.42618794210294,0.683628213128373,0.974314138195692,1.09635318066535,0.997348743133634,1.82492855829761,0.0140516558370032,1.07395802020823,0.705458952960119,3.18552018355543,0.74226862671273,1.65856733661254,0.654337949375503,2.07560053140557,2.08089663856447,0.837963396833958,0.394396138218701,1.01251955060297,1.14913613660295,1.62693893325421,0.840413456651517,1.37895813429019,1.41488046625965,0.909070646359198,0.947478762078125,0.971973698637333,0.486204106079433,0.912089697827162,0.721754950656057,1.61832197941792,1.00016537444238,0.340147126954046,0.575717994923865,0.736948254605034,0.886445386269166,0.90319735208393,0.0933729798584555,1.04111962106893,1.3590598883945,0.503077699859078,0.809334298973368,1.10189358706369,1.96742800856012,0.878480748570252,0.423032060869656,1.58668858834546,0.294169153410541,1.08322612138946,0.0281080489213541,1.5785615120067,1.41863799635962,0.201314753623427,1.8265969185044,1.08749108694254,1.65190274899354,0.500650968450805,1.12289414356557,0.0586730456505382,1.20298812907687,1.07005068221356,1.19308329957945,0.845278439119059,-0.0129157245342302,2.09643055012353,1.19740920932153,0.763160281725163,1.83835269349914,1.84084444213379,-0.351647972519152,1.78351217228295,1.28208241887606,1.64953018117216,1.11569881902923,2.06353082072083,1.79682429737428
6.08077030270578,6.51316016452282,6.04812728974384,6.45478848954186,6.02620877835513,4.52768239531979,5.84664246340247,6.75051225750973,5.39833191998951,6.41873270570922,5.86280839799972,6.14765301590015,4.40567423161953,5.60388925505076,5.87816941437363,6.18201603987283,6.72372463060758,6.56865697101834,6.6238886853947,5.66687476056952,6.18167001836729,5.73447473915069,5.90164407123606,6.78685886072006,5.14814978703103,6.22168571461501,6.51297907336898,5.72966166458507,5.10953629408374,6.38867370342609,5.51796101649267,7.5286393483127,5.99239459845884,6.03258795852417,5.2233965039166,6.12734957273235,6.08432728395185,6.26489278508905,5.71318126637832,6.66089493197838,6.39011585855005,6.0470823016603,5.50154299907726,6.81189701063195,5.43332229098138,5.54782391337642,5.91099033285374,5.10710246727972,6.18953928839021,6.72110110748711,6.14499125462895,6.2784853843212,6.51736554548259,6.78621936768135,6.57396478392006,6.37426146814085,6.25133303522402,5.51749950053957,6.54744418174323,6.37855251353848,5.72877712416213,6.49354259097463,5.59367581612881,5.81778044711955,5.80542902831616,5.37981759641835,5.58029665658401,6.26538930583509,6.05368069734371,5.52845823281018,5.47529022932699,4.84263124366049,6.0510577723564,6.34239787723822,6.60442171635198,6.2937514471047,6.35326818721803,6.17162378996109,5.89585050426403,5.43718721505887,6.85022566350444,5.83587918057198,6.25789659343574,6.18715124044552,4.78158244749781,5.98033565843843,6.45337137288008,5.57049882508438,6.0268542271746,5.83451048069626,5.84767066867188,6.32583803419748,6.09255154403999,6.43562450860296,6.49566526291973,5.38666896384368,5.15073110092794,6.59957365183241,5.60569490170603,6.46509855118462,6.72772535848632,5.43780871555595,5.64375137277744,6.31193524552342,6.71482325245107,6.24737332135774,6.26378425079792,6.16054346343866,6.44139735003494,6.12543422810814,6.82764563548283,6.23633858885821,5.92554858938335,5.705603773511,6.28158230261054,5.64715061580172,6.35044431561022,5.84114443151465,5.96200239391781,5.58871118280398,6.18519111324224,5.56391066487963,6.21327854813428,6.86237280636559,5.72907148687677,5.92779032017377,5.15279839793572,6.32478590456826,6.10963499004426,6.19422493158733,5.74783286626185,5.27551742216265,5.55198098930409,6.91963222437349,6.23482921893989,6.32158185256915,6.24350197815058,5.63731569174113,5.67390930636921,6.67599319668166,6.25052218059904,5.79238315316449,6.3457274966054,6.00813299144445,6.33064020230832,5.33088283214798,5.67966454774897,5.60991583525711,6.56758059963271,5.50359358967838,6.0188831991886,5.30912264247933,5.37790444067758,5.60147688244792,6.76463079520013,5.52078089550634,5.85164955676155,5.5216803727224,5.77728720536481,5.99756444108127,5.89432854822797,6.07455187654616,5.89627356314619,5.56064407105605,6.31298916097351,7.25306904422652,5.73995055614507,5.81701223283278,5.66487612572307,5.1357198957061
-6.9678103384856,-5.88001215212566,-5.77547563881681,-5.9375695450501,-5.49956695511972,-5.94291516257381,-7.18624940823771,-6.85441425395829,-5.62210733980007,-6.23148084580172,-6.75755200842371,-7.72373910348346,-5.7432364856594,-6.53120991966054,-5.95883439381797,-6.44245387282067,-5.98749495508384,-6.19228870179296,-7.48790846779331,-6.6656688323443,-5.48618393568827,-5.55254437081055,-6.85829270681609,-7.27141021349369,-6.51447205545057,-5.96727948401487,-5.79427917846802,-6.47770857214512,-5.88366015453487,-6.75979946830726,-6.96929626726819,-5.77059493678855,-6.73716082323276,-5.73147095966344,-6.02172604747407,-6.60530438849669,-6.66960907414423,-6.2081079300837,-6.27881140231241,-7.77967501388855,-6.65793979566527,-6.48465261800209,-5.87540108079702,-6.35259434765633,-5.84975893706254,-6.77596084304177,-5.99342961394814,-6.6755412750593,-6.84609632957276,-6.51261087590881,-7.13882070642448,-6.63250759360137,-6.68569872172262,-5.56728690459884,-7.07505980055341,-6.52133861302571,-6.60586154295675,-5.80452116195653,-7.79953786340344,-6.84582123415555,-6.07897947694181,-7.00346801321171,-5.46032158391139,-6.35326762682706,-5.88296389944772,-5.33326434224173,-6.75302092603939,-6.80897347146092,-5.78245706945968,-5.94228742825079,-6.08960387275394,-6.20281429163348,-5.8172763471167,-6.50881803727173,-6.10751394561198,-6.83942675120233,-6.41796467484468,-5.05659127449068,-6.10400303389337,-6.92330295104832,-6.52993998034279,-6.37740532971844,-6.2239548036555,-6.80857766235219,-5.47114837393874,-5.96423665374541,-5.73880431088892,-6.48442223622834,-6.44330989487724,-5.90508336428639,-6.56992543163843,-6.9475999960747,-6.44522562545856,-5.83675843869439,-6.13392409175306,-6.48999527284181,-6.12535436591662,-7.23212319584446,-5.54844857235114,-6.69109236217336,-7.52256725143097,-6.13110462856181,-7.95049472711962,-6.73659630997557,-6.34828099757625,-6.92439825454063,-6.73112931841287,-6.16843435952053,-6.92908055917888,-7.58441831923705,-5.80128972930714,-7.1220037470989,-5.26246472598434,-6.61371589683986,-5.32128051514125,-6.61784447261681,-5.98785202014479,-6.65074477438389,-7.26680129020334,-6.11373255357444,-6.5803839001664,-5.66955494558361,-7.11019435788373,-7.31878198055532,-6.01503688867411,-5.85265865904489,-5.2724583960445,-6.08227874048655,-6.33648444803335,-6.19354353621073,-6.29983317276313,-6.52769551730728,-6.45670209636551,-6.55977267558079,-6.12792078472773,-6.1895985347445,-6.12446344022212,-7.53455166601138,-6.99927886928252,-7.0207763570958,-7.23280405838335,-5.76410814479929,-7.17533611011224,-6.75234621240619,-7.15285229050688,-6.31625915871799,-6.61584892119428,-6.69986384096456,-6.4528523170047,-6.10854318210429,-7.09980067113492,-5.94077176513136,-5.7850511652474,-5.58211535037821,-5.83542573049188,-6.23823725140242,-6.96376664402146,-5.83537484635342,-6.05848881117789,-6.49116445542505,-6.22698339987662,-7.23567773895015,-5.30363266682214,-6.77639321348178,-6.79617512603205,-7.13453204835313,-6.39044958520484,-5.84693557276109,-6.21142430320687,-6.37992619305468
3.12381815623209,3.41898938723117,2.96549367077672,1.34524476943718,3.16838231688329,2.71547361320291,1.97599973193575,3.5365568879236,3.14927326590678,2.79555743589871,3.58174395673799,2.57634638663805,2.06862214096531,1.99611778082827,3.75416569810699,3.12532911927465,2.59812617792027,3.12732086462027,2.08598416907861,3.15669829708328,2.51932910842813,2.3162638851847,2.3947006475015,2.99206060373818,2.18208825841868,2.98083832588165,2.72095562041703,3.19486430567347,2.50159318415805,2.91325707134922,2.07101623751486,3.3890262188416,3.33421336613072,2.59678325579304,3.62154386683351,2.1134150164114,2.19459796806485,3.39603748612069,3.2724459429981,2.87637265571001,1.92738184120295,2.08913041404685,2.34167347951875,2.45870553969186,1.64358900340611,2.59772810615085,2.66430766591216,4.15000877167988,3.55210566471678,4.12018581963452,2.76177926269065,3.11021060323373,2.64674700990605,2.49752581862695,2.92967309386726,2.38756951144555,2.76279294252048,2.62660145363083,2.52914393148968,3.11823037353081,1.98103345307536,2.83470599299763,2.36869461163745,2.27489188510726,3.80333435479266,2.20641322270918,2.35908475379339,3.90118948275584,2.49040130538243,2.2744040459014,3.18094395289455,3.0772586765342,2.45033004242739,3.2960579830783,1.16492358367872,2.54052691873085,2.57913617581574,3.04119645453158,2.43130571488853,2.6571896884794,2.4335602238392,3.35060529142989,3.13746999977116,2.35896441256338,2.99706273732983,1.87132720035061,2.07705176605078,1.58649938578012,2.93381965818802,2.10283105873309,1.69153674379838,4.02192848192773,2.23961211698601,2.22743789600548,2.11022975098434,2.1853943170711,3.0423528298119,2.35733756417489,2.55284287775607,2.44403265290494,2.05985672139489,2.45552433316074,1.94131323976815,2.4448322517359,4.01979025153462,1.91714140280981,3.29888045067665,2.74081597137046,3.29223545617528,3.44604315910586,2.33758768413961,2.82355849601517,3.34385357487947,3.21382203630144,3.00411765720383,1.82589226650291,2.83538747068298,3.08250435203679,2.92418833309487,1.92387753240543,2.23278144707795,2.88835722979998,2.33468998307394,2.30774187616176,2.6690979803807,2.67371231295463,3.31450778401192,2.21224672353967,2.3553740354984,2.56590995410337,2.91057903988989,3.1206467756078,3.65238045772649,2.92756141256472,1.15314657688956,1.88752760531154,3.72698741443796,3.40587922948326,2.34621479843453,1.73344606214751,3.38126281334197,3.40446664254979,2.38091529472393,3.14390896847523,3.37745034251865,2.49149024220655,2.02643703934402,3.51034550498826,2.71884224369166,3.10268951560624,2.06804932954156,2.13973390395778,1.85714123936779,1.70880458839137,2.74843114475309,2.79316621697619,2.69694374280052,2.25072431077312,2.0989773571415,3.01344597421364,3.31167574437459,2.86052471053519,3.17399774444119,2.44808675433532,2.49254134655465,2.50477854026729,3.04233763377568,2.510838861658,2.53319750440205,2.46232100591788
2.8506626115424,2.90616807008446,3.37346614493581,1.62293090588167,2.78063381251525,2.08303576667532,3.13727524870219,2.51917972340113,2.41538863634149,3.2335600952683,2.66174569763922,2.46984883602356,2.56884058168539,1.25505104507913,3.09818573725989,3.1913330715018,3.21429387412543,3.4347388713882,1.71501889972241,2.86686841967615,2.18639128803984,2.97724855715031,2.50671904063002,2.75572155743176,2.71651167204648,2.70388554909854,2.6422714955048,3.02312816197135,2.76752783196028,2.87796033498379,2.85284713779081,2.37488651646246,2.61155765677113,2.83310920850636,2.6931776778817,2.97724377710799,2.75110281250122,3.08230470354973,3.08109137106251,2.72823332670567,2.08706405330982,2.08746156888758,2.27829838705669,3.02735335137827,1.66399928094212,3.07211704992416,2.68788494595336,3.18877935829786,2.87051570313599,3.22769454346018,2.61635827140642,2.6831075151623,3.48896675888935,3.03239675365412,2.40633988124348,2.56363541401028,2.89032499987141,2.60901935236989,4.23215095631886,2.82347307987867,3.38211092632158,2.18848445308612,2.92393996253432,2.60280696756521,3.13999917423627,2.73112408561348,2.91182255200097,3.28912001483169,3.84393374749679,2.901411523072,3.3851670120172,2.77027986598786,2.77548943069932,3.13537468302216,1.86798210669808,2.71894610449634,2.7070974586477,3.26365065496778,2.3927240729376,2.87390662752544,3.07805525229974,2.40838288393041,2.99859213049902,3.48573238881691,2.55989331838348,2.33016171022294,2.3508562582694,2.48277209491375,2.42348092510316,2.37378202290464,2.67812179185778,3.33824874082701,2.59398041673593,3.38621703418143,3.21788484841975,1.12817220427891,2.5811014691497,2.79598025303708,2.49285228001295,2.94711371518981,3.27147514630049,2.83084997624937,1.80121485349071,2.86182189203974,3.28615592605913,3.14157762172558,2.80347632145084,3.12514899381875,2.54338888973142,2.80276061665218,2.48243188951004,2.66307863366044,2.27603659119747,2.962093341853,2.29942797626357,3.15886081169495,2.95014735315259,2.8750572005726,2.99938053488207,2.30453283999657,2.75523463925336,3.02343107201586,2.93721060801699,2.87374163889529,3.16562498845189,2.18896304121087,3.61932574710913,2.25968630343924,2.42054608326132,3.01058711943149,2.17288331403627,2.69339344522441,2.97409308770828,2.40297303120337,2.53659933125592,3.60772724552379,3.01995052611879,2.61477551740657,2.83910276905076,3.22188986368761,1.97282700429426,3.53973454461906,2.92413356951595,2.47100920434131,2.44658186941307,2.75663667519725,2.62710425792776,2.15441112005603,2.62147244459729,2.36752262605476,3.26389615181626,2.35678872483048,2.94111698307929,2.36730687236832,3.54454962387704,2.381880821934,2.04020527235073,2.59019260695012,3.57437025420189,2.3933510411965,3.1291249261799,1.84764931061512,2.56389023224985,2.81275028994884,2.48263078528356,3.51508324326483,3.41880275056915,2.39830318582694,1.93018064446737,1.777800022119
-8.01957258427128,-7.37711531520045,-7.73361946703045,-8.27139316767371,-7.11727179231459,-7.71501195994366,-7.86086736786433,-7.13870576094608,-7.66791169589397,-6.16273935705336,-7.83460806140402,-8.38466232021437,-7.60288053353068,-7.48572092453662,-7.43084215557535,-8.15788353992454,-7.88310486909528,-8.00006402167056,-8.08036473588398,-6.87059689838457,-6.61944997211049,-7.61610031518068,-7.32325672356494,-7.73534766007899,-7.44298140807181,-7.36003620332888,-7.32503424503878,-8.59416121683752,-8.06985505045511,-8.62177189723982,-7.77894256624647,-7.33118956967266,-7.37973852093345,-7.50091202441578,-7.25262811664926,-7.65881103454664,-7.45425544590886,-8.26885942925645,-7.73385815779459,-8.28295786861361,-8.181701508718,-7.2181453194677,-7.41220643189766,-7.19436669018239,-7.56211900979666,-8.159594833615,-7.09314859594692,-8.47324009385299,-7.51560961357931,-6.7818824832452,-8.16671291043544,-7.46865189012891,-8.44088608569994,-7.93124918306174,-6.88750480843687,-7.47686058878374,-8.02109231021401,-7.9993985664746,-8.57316165449422,-8.33698256511603,-7.70985095087593,-8.20443364449875,-7.91778064726506,-6.84950927444472,-7.82559528019673,-7.22920137130655,-7.92305828241984,-8.3302335949197,-7.79137234955158,-7.90474593013879,-8.13914274360495,-8.14069417069359,-7.10038003958753,-8.03938357486991,-7.67935235427638,-7.39361635060708,-8.07951545234958,-7.30138429682822,-7.97363203669918,-8.14581243790682,-7.70773097092044,-7.17413517987818,-6.35368597365719,-8.24708325569007,-7.01214277831178,-7.58914637298898,-7.87076250076713,-8.0196128803457,-8.2589364725396,-7.18630570818006,-7.50142241070633,-7.98698810969293,-7.99910847475187,-6.7743596264937,-8.13055363628734,-7.50500506973932,-7.55952236584258,-7.77635710562125,-7.65501260278784,-7.0577657981028,-7.84476801257362,-7.78724483561055,-8.06781296213655,-7.63988118793519,-7.50197962853612,-7.78907634564956,-7.33238997155317,-7.109116511715,-7.79812292104029,-8.62615267803096,-6.72517023849522,-8.32651637351444,-7.69594129866937,-8.24605773901196,-7.21551233722199,-7.43481369576538,-7.1971094079794,-7.81344965069727,-8.5331460009931,-7.34187271774461,-7.99624586385283,-7.2297655531988,-8.44064782424939,-7.98784486865493,-7.46575460124938,-7.52239080870308,-8.52699721594411,-6.85684277891206,-7.84872135186617,-8.0102402421704,-7.35453024464257,-8.28199715557068,-7.71433621272037,-8.13140174039516,-7.03737861046527,-7.51169258714576,-6.85054032273641,-8.06871447775787,-8.60769701367945,-7.85335203638698,-8.41763153674979,-6.87482472702074,-8.14885669187458,-8.46274683196935,-7.44980040991623,-8.4968301570683,-7.93067085499087,-8.51153054373964,-8.34101893408352,-7.16903748731833,-7.50976319711265,-7.86336788056227,-8.0537337349853,-7.06188021205717,-8.03097840945765,-8.53583022247537,-7.81600537966742,-7.8500415980827,-8.18741183352677,-7.52009114947825,-7.28347962226043,-8.23891225784231,-7.48442716480716,-7.77389058074113,-8.50390600640072,-8.27675591382314,-8.23465332766425,-6.79078803233398,-7.28474145649621,-8.72090299342269
-0.256698563610145,-0.588498076715568,-0.0351805114841801,-0.986750526786803,-1.14527502906551,-0.844676073047171,-0.348152227066586,-0.675680737804956,-1.29828304046858,-0.52184456230188,0.725517131699478,0.0607349822767104,-1.03404765686782,-0.800792956124205,-0.330377085318381,-1.31046421328955,-1.40016861549617,-1.42265520974904,-0.774751490362676,-0.92740500680179,-0.983023349193783,-0.893622167372651,-0.621140692933501,-0.749754032659819,-1.36332779948273,-0.689810654445282,-0.72127109660182,-1.28631550158906,-1.63044248246492,-0.365213890918109,-1.4902841655284,-0.448077159488027,0.0878910369284412,-1.10837213705792,0.267421352593131,-0.973183036533229,-1.07247978913318,0.050789363620388,-0.932934361980992,-1.54846923725852,-1.62063479174815,-2.00818622131078,-0.960151424569316,-0.623886968396313,-1.17949145045907,-1.20447213990804,-2.01627190932492,-0.322389545640038,-0.103618004623705,0.558777882466803,-0.358858365771417,-0.848081862332774,-1.02013968758565,-0.245199512830479,-0.932051936721148,-0.791663688970767,-0.765519091859867,-0.23501639991372,-0.664278015711279,-1.26285067743425,-0.7001614274848,-1.0455922549074,-0.590838459676611,-0.830917386722109,-2.16473485805759,-0.68645819333092,-0.985679163250166,-0.730413367170412,-0.501018430779888,-1.21201198887598,-0.85414933432741,-1.0578481400941,-2.0978683545526,-0.2656217991428,-1.16124561045977,-0.877593321747799,-0.742685640600759,-1.30317764998808,0.182501190979078,-0.19243495574909,-0.433015901598218,0.737278967635163,-0.486276446845939,-0.90046261861503,-0.190264067384624,-1.23325072110524,0.412006458863632,-1.09707606156854,-1.10912967120637,-2.2647257296654,-1.27027809277781,0.531599302464473,-0.876052541309825,-1.96708957674154,-0.806257439880283,-1.47117960550273,-0.161058888728011,-0.816112319059926,-0.660707270782779,-0.370408512982031,-1.55290743408463,-1.23278586695108,-1.33932233514429,-0.278823763349322,-0.739944901286068,-1.27732324907859,-0.123937258133696,-1.79069854879935,-0.163356163171228,-0.273027234322004,-0.979847140891787,-2.27008554785573,-0.931786454010915,0.198945894640539,0.271384077051232,-1.49853614272699,-0.590837144424575,-0.391836928881751,-1.2871090375158,-1.53681409461057,-0.295801090925502,-0.858965418480617,-1.05165959203591,-0.999031910964707,-1.23835583961712,-1.27845320629013,-0.433431382920966,-0.927634270089005,-0.94348587077386,-1.28460067986949,-0.894121781295058,-0.985184341571793,-0.559935032473164,-0.967255295794333,-0.42340185935007,-0.401273898690262,-0.0755628486435721,-0.767037893055056,-1.3023507029686,-1.49088225239396,-0.611079441676669,-2.80858440713691,-0.993887503132409,-0.852916930080465,-0.331597307618008,-1.94914727879517,-0.514596282509463,-0.171577478878141,-0.0477593587683161,-0.725293978507431,-0.492690865858984,-2.1306625785673,-1.60992540091621,-1.65970836390162,-1.07886216726013,-1.07843874168555,-1.17025971385908,-1.37758206004481,-0.620410360853517,-0.894751113338517,-1.13517564222788,0.31394478515573,-0.564622897327919,-1.1069787639279,-0.823832424526848,-0.183354215255225,-1.326866042201,-0.292028239384613,-0.750248768567826,-0.353392818575058
1.33054138164968,0.816669527026655,1.72053981350633,0.420483267022896,0.818903540413772,1.29369582971918,1.14951712569259,1.42957041765208,0.412816407870807,1.38632298029738,1.51764523722454,1.0264079510463,0.8279659740293,0.909889043252148,2.31668345234244,1.00668349058708,1.37428318623537,1.58484839969978,1.19637698166958,0.893125545761911,1.44228981959545,0.889501332220533,1.42134956886132,1.62422095312433,1.39603879980081,0.970576655562887,1.28760421390673,1.43225229452087,0.893390602945447,1.54410001234589,0.817235959894229,1.74367979004537,0.773461975204377,0.720967495116847,1.22323521041643,1.48142385954615,1.13935459780236,2.33902800539696,1.75886966633565,1.02753052051466,1.48554313011748,1.40148695770531,0.812084419594644,2.65218695829389,1.29787994930944,1.27485829472587,0.398328636967239,1.69967319874309,2.00101791095763,1.43330742275725,1.76560237451283,1.10171912496994,1.66379508334517,1.85728628060847,0.544295141507515,1.15973092285041,1.6824807270564,1.49390855887721,1.37909796248676,1.10271463733019,1.54477789548087,0.65904175844397,0.939113174142562,1.486608691219,0.432999686143844,1.14489442259405,0.953676821837886,1.31460919853302,1.72171497653985,0.769118659817715,1.46135817304819,1.36340632705494,1.09504601053701,1.16262090079753,1.05727206262281,0.862904319835267,1.10527839656684,1.33011280299975,1.57919643107641,0.798927885523643,1.96770927477436,1.53471687422179,1.17005932259243,0.919027358555976,1.610795017346,1.28189905427754,1.46888473225598,1.78665555489925,1.45264703256106,1.14516293846034,1.69259617610119,1.40976865630617,1.31335676003532,1.42123623123644,0.865545544928924,0.443909557271915,1.56444154381634,1.5279583876482,1.23589950866861,0.895145885576584,1.50339822621753,1.51276067642391,0.626646967665776,0.966563155318945,0.787942352855467,1.38957313024597,1.34720501227507,1.10029045824007,1.33908811289895,1.66617968059289,0.6305852218069,1.10224029248238,1.74903227793958,1.21954776776455,1.94915574362372,1.5306946281128,1.92002100511505,0.984292467300949,1.22053714524155,1.39102937470757,1.90474268977404,1.58278953767505,1.94311497680883,1.30863766133691,1.49243755561468,1.16400043714942,1.18043595954772,0.441975436783766,1.32115652591825,1.49628011390976,0.998841743075557,0.47188474015462,1.25489592148369,1.10884009207365,1.42530001836567,1.92821967164491,2.09741398671754,1.99016150820184,0.382726872270751,1.77914173012695,1.64228421638643,0.0881020536587291,1.10673994233732,1.73324350812613,0.900635817538373,0.8180093730407,1.96632599098331,1.17333489237475,1.9478950726696,1.53489187675987,1.63854113442719,1.53152387601171,1.07824088100226,0.639242068185893,1.04746413957859,1.22020196404432,1.09493516395409,1.25596083460122,0.9905708869413,1.12016937788138,1.03483100751473,1.31701728159268,1.46949958179107,1.25578636311126,1.5482165134394,1.74030426495654,2.00106952931061,1.13607909966842,1.18089597687591,1.46719143852273
-9.00588867867,-6.77589301381844,-8.1678257881137,-7.91286727958866,-7.37157623304637,-7.49780065002131,-8.55343455227786,-7.75119661948518,-8.16754840642684,-7.85232485469173,-7.68727375609175,-8.42232586120917,-7.926936800624,-8.15339733005776,-8.98733867215055,-8.79690559589821,-7.8782401105308,-8.06376098635752,-7.52927701237636,-8.17141597408257,-7.86688995172338,-8.14403624871652,-8.45292619833891,-8.98376322168056,-7.66940038219079,-8.50504861793847,-8.52526390653724,-8.45675639106716,-8.47183884901939,-8.09315052061971,-8.10902471877737,-7.77606051519975,-8.37510699986798,-7.06107908151953,-7.70299415574375,-8.01797417736771,-8.43345531405409,-8.52122812889406,-8.43389259444088,-8.50159511457409,-8.04282306116967,-7.30413971160776,-7.70646584085535,-8.48308893057056,-7.75460020716396,-7.6209137197706,-7.36800325926467,-7.6981754562927,-8.43974375032306,-7.70686213433617,-8.65099318593906,-7.85216206280246,-8.80080708338637,-7.66883785002462,-7.54884125299138,-8.18008901754706,-8.21739510373128,-7.8252791242601,-8.39044171458122,-8.41907863462109,-7.49798352328166,-8.85442883842816,-7.89257601894554,-8.40210997064077,-7.15808163281359,-8.17019499233126,-7.57680779782428,-8.30549534313466,-8.71646397287997,-8.57638137526458,-7.92670920750639,-8.41316025772067,-7.72293078941586,-8.13535683669622,-7.44025526470477,-8.04995669020786,-8.26714202096086,-7.13854743219576,-8.19400304112152,-8.46389284504858,-8.96431349983485,-9.17925656022721,-7.80676539414208,-7.66984483041852,-7.70537115828902,-8.35343471140046,-8.90495674514436,-8.34578070944224,-7.30062264920678,-7.00824152065809,-7.96823736416032,-9.1959440234311,-8.49833150183468,-7.78862581437442,-7.5838097825301,-8.11618326404458,-8.71581233178783,-7.97315978851581,-7.9793749026073,-7.52916989965884,-8.07495374410333,-8.28785782832835,-8.96250915277724,-7.64106017779205,-8.06710685390249,-8.37145199527813,-7.89747678295318,-7.71307081527394,-8.20042846447767,-8.91440306035176,-7.44385967926917,-7.50159127834527,-8.51203973809816,-8.04647744094035,-8.48617043766111,-9.06175221911233,-7.94267782178874,-7.66890352422057,-8.79956474079642,-7.56682123681743,-8.07152208413813,-7.04965107197267,-8.57465002242239,-8.22309746573968,-7.72821935480019,-7.85037577183425,-8.00327630686838,-7.58943630500162,-8.14376783573869,-8.6650895629205,-8.22040140317738,-8.62345716324238,-7.349101773753,-8.57633610888227,-8.10720636756928,-8.49972130125555,-8.01269337035905,-8.19034921824489,-8.39473094569631,-8.55793009520202,-8.37998385366458,-7.53415644464788,-8.46553020975613,-7.73863558326468,-8.78024854000077,-7.92454148370467,-8.55992541991817,-8.02244943625839,-8.8259281824929,-8.32206071280034,-8.35440318427842,-8.90631771113503,-7.47110100139274,-7.6813956479301,-7.53999952660397,-8.15770725517297,-8.30590947741165,-7.41294587135945,-8.42169978303778,-8.459547880757,-8.00799224322585,-8.35909386734185,-8.40132582904707,-7.91291845978077,-9.15570168001396,-8.44752661841257,-8.20384176581721,-8.00999837285766,-7.81181736452493,-8.67543291591409
-2.54068486149034,-0.554636773703412,-1.30024006657046,-1.47309856646989,-1.11544517009603,-2.52346110003342,-1.27966741025712,-1.84763328762835,-1.05435296245128,-1.90630575122683,-1.62600439078216,-1.6749341203295,-1.91707371946171,-2.03285649497796,-1.83418149920459,-1.63070293114434,-1.71948996627719,-0.496587234570074,-2.13809437914735,-1.47618624457994,-1.25857524946203,-2.51298538186244,-2.38813179165932,-1.75846052651435,-1.86604950651126,-1.36992845821781,-2.47077836534412,-2.24378209460842,-1.93028865957487,-1.3255921184367,-1.78016402566978,-0.435559664461967,-2.22676106075418,-2.28850185138489,-0.938463436282401,-2.89921806606363,-1.07717836594159,-1.36080876326451,-1.81343601570014,-2.06096161185505,-2.19471744716658,-3.18616474504069,-1.91353164130778,-2.10461536040327,-1.96092998084873,-2.14673509124667,-1.77299543807088,-1.74116041425648,-1.0714558213986,-0.45060254941855,-2.26608908456273,-1.83624320167273,-2.17439724306979,-1.93929978627685,0.312856143501629,-1.21508455246158,-1.9359724334828,-0.782273631759414,-2.00127634629127,-2.33407218535748,-1.43533924990678,-1.93411949932401,-1.74460492591788,-2.57502385211648,-1.28962067939299,-3.11718731175587,-1.92911948573879,-2.10340930237133,-1.52361734959869,-2.75448945238264,-2.18173629147309,-1.62082988920885,-2.37849109271643,-2.02522758244467,-1.80992767916624,-2.14354126754469,-1.61476996111219,-1.46007071211063,-1.00388660514461,-2.35139989742039,-1.92045116161549,-1.11678338727513,-1.07035257016088,-2.7472778366132,-1.49440250770161,-1.7398445516887,-1.7582718023147,-3.30841797186746,-2.25335114261916,-2.12052221521433,-2.93906270476331,-1.10276745904332,-1.43736787640954,-2.3406226877257,-2.22794499625789,-2.31924713502513,-1.2936210228361,-1.29104371893718,-1.99295430499171,-2.02690149180634,-2.58786203568361,-0.371736350995672,-1.84079261233116,-2.59148583096129,-0.503384965740907,-2.26710196741518,-2.19499883871523,-1.3017541178214,-0.886654296074975,-1.85692178666763,-1.68896266716245,-2.46674091610278,-0.981484000571807,-1.72138518167063,-1.01308347846565,-2.7082496904048,-1.75146893522049,-1.26261832328174,-2.54669156174583,-2.0919564492876,-2.35066061238021,-2.01893228320011,-2.6671492121071,-1.76108890055436,-2.84703559982176,-1.31773921453271,-1.7039844534643,-1.23978004021876,-2.8507057068729,-2.56282543995405,-0.935752488348099,-3.04815953293801,-2.32671978625015,-1.99899637567198,-1.92998192728945,-2.41203837983367,-1.27188434672073,-2.12906303788169,-1.79181825960976,-2.92467759241982,-2.38345189164674,-1.6008069124486,-1.54227438835147,-2.63407869665846,-2.16331119187871,-2.14700959815985,-2.00152408386149,-1.28736430194223,-2.02754495919802,-1.16104976713541,-1.75773599638266,-1.85837010586269,-2.24813467491265,-2.56469825668718,-1.77923012405537,-1.86710082752335,-2.37475695745954,-2.12778336735156,-2.25288776973474,-1.11613283332243,-1.64074642145991,-1.49482317232544,-2.01704375810836,-2.26197035013225,-1.46608204901686,-1.71006682847304,-1.10587785253778,-1.64573542067535,-1.09221241775157,-2.28931666359873
3.85053792159475,4.52281657793246,4.60099079772983,3.7832550479741,4.53726924912434,4.56924772104219,4.11064080909796,3.50589592508742,5.28746286795038,3.19554836680931,4.14402877770735,3.12728749346412,4.36172737376879,3.69830895726361,3.3975864976415,4.47170296480311,4.76422740748418,5.27668703267617,4.23474019793212,5.18250469656575,4.80495260506836,3.26768629759047,3.94741110357968,4.15457555415865,4.55155554241448,4.69821267115011,3.67904028846631,4.78400163952157,3.50467943430569,4.43368847363574,4.95136253469079,4.35340393737839,5.43803600152858,3.94244200354082,4.19829437771645,3.12334297922155,5.70536849301784,5.10501789873613,4.63083346212436,4.7557073756295,4.85808103224255,4.61007637023221,3.70457617246043,3.94365589731074,5.11011356602822,4.49687980206714,4.78135258754008,4.50332559862341,4.38857161769333,4.98910284411315,4.13630541769245,3.50819812940405,3.89200179122206,5.1404906512076,3.63042314494605,4.60113777251846,4.70613251883802,4.50009698486787,4.28170090546862,5.08895962233806,4.52529692074733,4.16367191532961,3.84447372722436,3.86015637246551,5.16388675171821,4.28723456851367,4.22602837676488,3.89286155660633,4.82253699981821,3.4128797557156,4.02169525158287,4.44227060966077,3.0547653691756,3.99817937476731,4.09048734641218,4.23444190893531,4.82747650657407,4.92108563214419,5.29259966973363,3.70637183338562,4.72211765054351,3.88252538481545,3.80910606101213,3.66810129390276,4.25331309304046,3.60361053837325,3.77201991980364,4.36550338140417,4.68231203570348,4.25015498249871,4.78213930021785,3.19247555751432,4.63805865008521,4.53809378554046,4.37748991141299,4.56818378733092,4.16851492259753,3.83055352145514,3.80167436397603,3.78857155632513,4.13244153044695,5.0814233288506,3.74955528793138,3.38559646959422,4.23438520461701,4.57422323154282,4.91078698958697,4.10293092562828,4.29587819161031,4.14198171175598,3.79611960984541,4.67594766782318,4.64596610762318,3.91690052541889,4.1606019171052,3.51922152438073,4.98154225565826,4.24491512879601,4.85625348936314,4.28121573383297,3.53720803086813,3.41902562667756,4.36627413788707,4.55911824131217,4.96608616331138,3.58427519015383,4.11111675745946,3.70624283004485,4.62925246377717,3.97136150812297,3.48537756641541,4.2884184332456,3.73702368173885,4.79723213241979,4.78655089222152,5.22344918309653,4.93302854413553,4.31254677352629,4.49973652386274,4.02375454360726,4.12688596542746,5.60376279434969,3.76219522105865,5.04237462946038,3.96531767150246,4.32664921830618,4.8519615558485,4.12898151532069,4.65991434377668,3.11238525278731,3.72210230450525,5.54392955336056,5.72857424442989,5.19841594125554,5.00404823606216,2.69825617404055,3.90161870008233,4.82336790832197,4.68020780265462,3.92181021141324,4.15581232747454,4.02696833176449,4.14720441990461,4.17176772251607,5.74755472455392,4.62178379338843,4.42720617867412,3.35056082089883,4.44480326257359,3.8956184395533
-9.74201397043341,-10.594518024625,-9.42900168182557,-9.3319398012986,-10.2787895206069,-10.0378640943442,-11.0798296715974,-10.2397123951752,-9.7115547012247,-9.82776023748503,-10.3340697159146,-11.1803575585331,-9.47966301604092,-10.2699193370662,-9.5191194641326,-10.6152188175457,-10.526805757785,-10.5481625304984,-10.4381616006123,-10.54541593929,-9.19799190763745,-10.0885267985754,-10.1550202893265,-11.2240298627626,-9.94774526949854,-10.0818182140992,-10.3916320833225,-10.6264052308954,-10.153700293552,-10.9175036163611,-10.9793367907536,-9.64596654072204,-9.54280853397667,-9.27500608673914,-10.347016008163,-10.4266196461234,-10.4196308123918,-10.2638337694781,-10.33564435109,-10.2250325957657,-9.88824054799713,-11.1221527821371,-9.45707377146787,-10.5150448060357,-9.71372319180253,-10.6922709599411,-9.7142709628266,-10.5083460445491,-10.6385888531421,-10.5211628838558,-10.7614595182102,-10.6872555415416,-10.7783934389141,-10.1304402861544,-11.1142890963328,-10.1333532551608,-9.97135837378905,-9.94616736041533,-11.0879981431827,-10.5199022904148,-10.0553721454018,-11.36425762842,-9.47888829340834,-9.86228187298753,-9.7015799305027,-10.5999073538888,-10.3206681640061,-10.0552092440918,-10.7773007229796,-10.8212585528621,-9.70900057992378,-10.07486083542,-9.5338211928122,-10.0968121886522,-10.5221229905586,-10.1517174189045,-10.947575342974,-9.6573126509994,-9.60641611922761,-10.2646117321498,-11.2093439909942,-10.3370189478438,-9.50583805452889,-10.6231747571169,-10.1189883071068,-9.96695472735456,-10.3950018935009,-10.0655950481433,-10.0722284765914,-9.9085894818612,-10.4886455897112,-10.5976399801198,-10.2576753427401,-9.65338936747951,-10.4172122150917,-10.4455314376913,-10.4768276971536,-10.2373100357324,-9.35724469128762,-10.2242463813473,-10.3455291151016,-10.9785556522641,-10.7592402808456,-9.95763719743738,-10.1909558241002,-10.430164009449,-9.67775657085042,-10.1542236425679,-10.7049046516979,-11.5374705593511,-10.0531843056358,-10.6320500114607,-8.99942355808812,-9.4918346061792,-9.97611271349377,-9.883040190817,-10.2068582869405,-9.96396236013143,-9.9883654919313,-9.64211355845626,-10.5601522533779,-10.464370215984,-10.6931976743016,-10.8895865061499,-10.4326251093976,-10.1216044581433,-10.7659493306554,-10.2647813068079,-9.84264406676104,-10.7418262143297,-10.2284044332212,-9.93686202174709,-8.60901340904591,-10.2403415924398,-9.85663326546086,-10.1622840812082,-10.3187600109572,-10.6823745178469,-9.82246821229536,-10.7230562052003,-10.770218462775,-10.3886886195465,-10.6893066931764,-9.76029390509663,-10.9367308935759,-10.5249103554717,-10.6006049915078,-10.106190895094,-10.1687444182264,-10.1458562584015,-9.45722755228483,-10.4216859812769,-9.55790433309306,-9.50002849048269,-10.6017979438926,-10.1182704873985,-10.1656848980536,-9.88439669698287,-10.4221696990552,-10.4411994303732,-9.93609588452018,-11.5587824929912,-9.07843498940221,-10.3717805468598,-10.0707897774564,-11.0711087866537,-9.09529604805466,-9.76240269951782,-10.2751063356368,-10.3873584724272
1.77733980725357,3.01325199849141,0.370066996482145,1.95472613455905,1.82901403430207,0.756161833624917,2.0820251050618,0.934247336057387,2.40205247983058,1.65076780064412,1.93424909304585,1.28735311135302,1.37877392002969,1.11974399638935,2.59685725705466,1.37512409160398,0.493187791501973,1.49494837141688,1.52700328263397,1.48012028033357,1.26416183630872,0.579117685490304,0.105118255976809,0.426818381389034,0.708257224300648,2.03260924573879,1.70369824069031,1.51923344041779,0.18468891445284,2.53067276871003,0.678892625919126,1.11727948919666,0.156596564950644,0.0494913468390374,2.68090271949678,0.699225683190805,0.201980771362064,2.22095118620618,1.9174370609968,0.702042575011317,0.966335708429392,0.915358166406621,0.818090627164492,1.41908189145329,1.10831981376197,1.21324519617967,2.165671687049,0.506198163976717,2.14475299744892,1.45312689783059,0.646580776111472,0.737319926738114,-0.275985273470347,0.891362840568796,1.38968678671793,0.935910917851456,0.631826636777317,1.53604924764753,0.549942929048513,0.848882294962231,0.685944901833855,1.41277790561634,0.0660350619149104,1.23454293091637,1.70882080519942,0.862744417742538,1.45886096700269,1.84975830932311,2.55914962345985,0.772813704278626,0.293906196632399,0.0160704775023064,2.00800827138683,1.4152097176381,1.26957130092051,1.22274311392592,1.62890211922902,1.02923413135031,-0.0889139999407351,0.710077034600024,1.68476075255304,1.55211175891268,2.37703822386422,-0.940783924867146,0.990285402634394,1.6848127878943,0.484039981217338,1.07691460052393,0.704651150334438,0.571763843366606,-0.43342798751145,2.40956488259318,1.09501613603129,1.1997542293666,0.69500293736895,1.21987226008139,2.10701051306478,0.569415373897163,0.916539122106383,2.20452895341359,0.334128249391594,1.83100240285364,1.73135667550422,-0.0788553836622945,2.18385912523096,0.0329886672885777,0.889627215675712,0.97806545416798,1.16463791981784,1.5142090791245,1.65578384026911,0.586535688141934,1.46482510928661,1.88788148989836,2.02968721856955,-0.0496530692607329,0.567401402563323,1.6022623425761,0.719264108937301,1.15826455818974,0.964866985748502,0.435317459253787,0.130022608477469,0.237340597340479,2.42908529078206,1.28345054146032,1.38594143961292,1.77650223570993,1.00205693023922,0.48484103836295,1.90611942198586,-0.00233016935122343,0.950516828882791,0.585131144985064,0.56300950927575,0.834120955064341,2.22765054898423,0.0281915611765564,0.763680188849742,-0.0789932454624667,1.94527525174416,1.29468173455303,0.776326868444627,1.78453816868227,1.68917693954977,1.29877678931407,0.61273388131252,2.0394975087541,1.64303174865961,1.39730336340128,0.860811159873051,0.434120089839532,0.908825023911738,1.04967325183122,0.644621875590852,1.41402350817516,0.521051464508682,-0.641524258253414,0.635286375173169,1.88708170817269,2.39214828250981,1.55435369033208,0.821229920475314,0.344512645523824,0.960704620182121,1.16209813181513,1.19483683812998,1.49315851618127,1.93014028525828,1.44446732305
4.23421348134644,3.57551211546434,4.4956290154242,3.39410622783039,4.50350578616663,4.80032830437014,3.5357943989906,3.83506275812916,3.38471161333742,4.31023314957013,3.80839053419508,2.76062713238356,4.21099665067716,3.41523604164608,4.11806975006497,4.71335166145422,3.92963229022207,4.38866456662036,3.95908221167125,3.72497290897287,4.75683347786099,3.35509239605393,4.65366635642344,3.98717440939102,4.41468501078123,4.4340227465557,4.14413245144641,3.77605232386502,3.47362478724368,3.12812939680474,3.64001722642152,4.01371544589799,3.62815080915194,5.57854413378586,4.06267024460432,3.7965675101428,4.19023648950198,4.20237772667252,4.00612360857646,3.49930033076825,5.67311050363943,4.35627879410052,3.53702064112236,3.95591504080945,4.64567807140347,4.35209380788347,4.11995439851108,3.77497458687549,3.94776044517483,4.16453830645789,4.56582661816092,3.03494846657943,4.04520716665043,3.44581772772454,4.46280972582899,4.42356437094357,4.23623020172052,3.11208554329938,4.36703390421155,3.72328647181794,4.44829733806515,3.81128415175085,4.36568301943859,4.25787239262688,4.25463062087491,4.60873261230538,3.58767344599793,4.57820046979281,4.14230581180856,5.01484117381984,4.17381327924866,4.74327957355041,5.19638690402619,4.40683097065772,4.17867193450488,3.65249255512245,3.41100130341397,3.54845170154678,4.37308310869386,3.31314706132823,3.77058215756901,4.27396550824291,3.99095504668251,2.91641422109872,4.62869858422934,4.87130223679763,3.72159247809639,4.50354500638001,4.42737708483971,3.61702493317215,4.22218174353311,4.73603808415327,3.89883257059634,4.38846525538234,4.91271075726156,3.43421512925489,3.61293757736106,5.40064211843795,4.15078906293171,3.80521721532679,4.23035511054092,3.9516667318214,3.02959738940767,3.24240857878124,3.91752868983571,4.80178563674271,3.83454525107094,4.03137339375813,4.0872587771571,3.81293681458233,4.68791822766208,3.31387000570546,3.98874097298147,3.95951834632521,3.75045830463426,3.73371669204691,4.77469691571171,4.03722185446331,4.00459732733269,4.32807308326015,3.74016692204267,4.08670532132272,3.99343784822981,4.24167366169607,4.01027428454457,4.13077076686445,4.52693834822473,3.6552501233226,3.37370720413817,3.21705095999772,3.43767672058739,4.00381961262086,3.90298609915558,3.98487518072494,4.78755834220735,4.7454705334917,3.84470281857659,4.20569998462883,4.72599612204221,3.64979865628895,3.68171735316409,4.27859957033688,3.37974350422506,3.24002897255973,3.38426262352643,3.40581605685701,3.78352488431551,3.28089871349888,4.42408029380877,3.87214723597048,3.62818837075769,4.77215237015754,3.78975036017844,4.09063845356742,4.39348319964885,3.53759272365262,3.43662782039508,4.03420938296657,3.9534361750095,4.60020999073069,3.67126715799994,3.43763514527427,4.29791944635513,3.91148564261724,4.4110131626543,3.30397876282429,3.75551468908189,3.84105588246595,4.19362387154315,3.94680022239904
-11.4991429783439,-12.2450667041859,-13.0092297345103,-12.2397745082034,-11.5775797087387,-11.4632939775109,-13.0052048491731,-13.0774240383199,-13.2696030582246,-11.3593370535062,-13.0060814209624,-13.7435014152148,-11.619564851997,-12.5548921541677,-12.6851066153241,-12.6025347744203,-11.4921900544108,-12.2450628656781,-12.4983977974129,-13.5288329950628,-11.0933737899976,-11.8127257739004,-13.0426800211692,-12.2241254325815,-11.6369204145306,-12.054708913801,-11.1921483332249,-13.0333222138394,-12.3305044179397,-12.6769092662437,-13.1506485886547,-12.5264547984626,-12.0368671390091,-12.4474453737294,-12.0901404148704,-12.7215677162143,-12.3841356098552,-12.773108966767,-12.2569119262141,-12.57335959017,-12.7420150502691,-12.086963958337,-10.9575116132804,-12.7091998344718,-11.8165416448366,-12.5325781596387,-11.1136041113087,-13.1101346952584,-12.5878220117442,-12.1708977762358,-13.3691992187658,-11.8804791269789,-12.7881893169261,-11.278189038485,-13.2164850861877,-13.0677163109254,-12.81934038483,-12.5081372312162,-13.1914121209568,-12.6120870610468,-13.2709356964035,-12.6083487602575,-12.4999408340028,-11.7169845304766,-11.5856485389909,-11.8489039164047,-12.9505229315437,-12.7474122169373,-12.4048965664065,-12.3549593286626,-12.209715407913,-12.7527489247816,-12.248809677821,-12.6177009935093,-12.1121534767508,-12.7934333224978,-11.6377350927154,-12.4029194552341,-12.6688620257287,-12.4748496157289,-12.7971267921498,-12.3698362877123,-11.9586494340118,-13.2192620637068,-12.1056114958326,-11.8383223160715,-12.8993259453462,-12.4197265843051,-13.2852123855805,-11.6662035452187,-12.4138025032072,-12.7692605612074,-12.6852328610211,-12.2060772090855,-12.6244082898567,-11.7456578825944,-12.7886516426204,-12.7318274521807,-11.8871490516204,-12.5903090539108,-13.3395384457086,-12.7965101291472,-12.3241152808512,-12.4936962959053,-12.1353088689945,-12.4543606324395,-12.1043314283376,-12.0859795836045,-12.2885748227407,-13.2223113165136,-10.8922518470091,-12.2471053679411,-12.381958902113,-12.7334924285721,-12.1671264911114,-12.7170167834192,-12.4323802543251,-12.639402909702,-13.4211805058117,-11.2562381501653,-12.9158737358898,-12.949917543963,-13.1676629211966,-13.5240290724624,-12.4604883209009,-12.1644443163071,-12.173167031161,-13.2911140643554,-12.8219140866038,-12.610697040396,-11.8259670888634,-12.6532477196652,-12.6909468922393,-11.4137611802118,-12.1364825632009,-12.5161185396872,-12.3678007625293,-12.8974530756865,-12.7856857243707,-13.1938593973647,-12.9605205282611,-11.9444551288531,-13.2309454826797,-13.2640152726741,-12.8908098181442,-12.071017591445,-12.6424267103979,-12.315631855581,-13.0181623088009,-12.6629384102376,-12.1216579834646,-12.6964149813959,-11.4193625826815,-11.8417813816361,-13.171114974789,-12.0213974688323,-12.2296110267757,-12.0562858583826,-11.5123259601115,-11.9533476527974,-12.2666853331769,-12.8538743729664,-12.6617863378386,-12.6497713629826,-13.2384382014595,-13.0617880118202,-12.0871419565746,-11.8640419701186,-11.4208586862443,-12.5100048903764
0.872490056774145,1.29891676598853,0.820336053345549,-0.557789572090808,1.40470658201258,0.464606209351843,-0.160778664781478,0.739689595816949,-0.235413994684623,-0.959147174104246,1.31772706372739,-0.543117510708869,0.280757293324156,0.00797773063529916,1.38462735907845,1.66928155428079,-0.84232289086382,0.480371440260305,1.10508631468675,0.0744047158428184,1.12184423811063,-0.386874807659433,-0.441262033737032,0.0146853168318051,0.520237992736308,1.80896735979366,0.601295699676453,-0.924051295947037,-0.129323912044248,1.1823660062846,-0.70830825307929,0.451560412399214,0.0676448457498868,-0.265424294154324,1.37815191854028,-0.0191666545907871,1.66652600256639,1.12811397627845,1.21713673088098,0.0650502071458989,0.136446189894039,-0.207798441092581,0.149967900421553,0.788658504349997,0.843082845938489,0.362920184919694,0.830425463628069,0.437965225788483,1.50980661036104,0.0183088914425559,1.27120163467523,0.660833377093831,1.33573103966052,1.37867508420702,0.860601259075252,0.938766554008625,0.345025463519805,0.327883764739099,2.0778697843196,-0.498361078780535,1.1941582088516,2.21719677624237,0.669580664296946,1.53819984202296,0.139595426234921,0.0230787892210157,2.36373822711902,0.560742097313412,1.88325871356207,0.963859747000277,0.141951657924617,1.1720705455292,0.0632493832685774,0.613985745690058,0.742055157369926,0.388307792629235,0.767929031479479,1.3814961837216,0.0167441139427927,0.905558034325915,1.69327426076036,0.732775432604213,1.9528456725408,-1.65169518999653,0.631071497289891,0.603821447714744,-0.0525050882096579,1.49395331869135,0.171424647243224,-1.36698813228727,-1.37852649686748,1.51792886681194,-0.129357818471507,0.285536986634219,0.404992121180374,-0.879098480372303,1.21467873677173,2.80747319106951,1.23676506356069,1.64705744987881,0.502516539927697,1.18584327625364,-0.26525844168244,0.442539989202343,0.55210821373207,-0.238269606888338,0.773610568338638,0.495612694129178,1.69410715783595,1.55139357326071,1.79655164198133,0.386000161934676,-1.14988125569801,0.798087738346569,-0.452415216985215,-0.0691884913717504,1.06658618750161,1.29025359452749,-0.127869476121164,0.759952846205273,-0.0863214069961254,0.22371835595569,0.571747780914829,-0.45147466363619,0.555633683771356,0.127571424025067,1.35002884923572,0.589387483828506,-1.28458004785946,-0.781386710357959,1.05548110827199,1.56113355407125,-1.11378183553538,0.467524515534831,0.156646318223626,-0.30907047771426,0.642800079816754,0.0603269489820051,-0.48099434668524,-0.148801005371516,-0.198504175996027,0.602806795509709,0.106785020608899,-0.34551153149684,0.618289400563386,0.359886520832886,0.122826677960002,0.812456263536548,0.523706329667823,1.0617983792407,1.10174741579177,1.11206131126105,0.10147893792994,0.223848927932355,0.451953810510038,0.194034193663688,-0.305482982907406,-0.0677080310550325,0.606664324510108,1.21396732010544,0.342184363445476,1.74223464750102,-0.185508700574399,0.534195480376581,0.264503508952796,-0.273783940493024,0.110606080351167,0.7442370846653,0.285713270607245,1.41447905099205
1.39515031218557,0.571269433931637,0.519217011003294,-0.148399716587095,1.10677306697828,1.32103782799175,0.973743970150469,0.639908517803358,0.531986902949302,0.564793808117955,0.694715191526612,-0.555626117184127,-0.129158344343151,-0.433863205236489,0.660696188338203,0.779707749175382,-0.0854655733511167,0.230348723301264,0.632274515747918,-0.359833229079515,0.728124633638031,-0.634865711826157,-0.264680194472286,0.267269946222698,0.868007677898475,1.49711419948577,0.433386438089901,-0.146817026531707,-0.124612894721188,0.0702848689786209,0.880620062094375,-0.236076198673983,0.223493901458194,0.115510306119042,0.522027205837206,0.442020008597457,1.24129865346456,0.14832435638059,0.594908805863815,0.581619174756161,0.520133671265357,0.0608412272379475,0.344172655480984,-0.0586513743239113,0.502787547788582,0.432396785720399,1.04628524692398,0.176405962792772,0.0885684374984096,0.84456912286933,0.365794782750686,0.308477614103497,1.76049928113757,0.980605393970196,0.305430901132441,0.2295117433973,-0.669798835052824,0.0229224350683122,0.217988223275024,0.142357163075178,0.891812107706401,0.341533079084032,-0.354306175223839,-0.253782627508597,0.685498055456596,0.974107779622726,0.197869731399688,-0.237230524044024,1.46685126995198,0.0832976131365525,0.64491187258109,0.688020564699352,-0.194305952620322,0.624380584469557,0.691256080745033,-0.275173108495423,0.0479729023091462,0.707143715827753,0.649087001818571,-0.59260469471983,0.0773354654629042,1.08154159415146,0.316977095413619,-0.131064060877585,0.627296414581785,0.543662978428974,0.256813464174977,-0.408701445294509,0.491237407985466,0.320215297624972,1.18728753312489,0.589306908185019,-0.0320010718555416,1.07659572909378,0.535401519131616,0.296116849941795,0.311340735519732,0.713805784087064,0.313247568761907,0.822781311880849,-0.368659480825614,0.379239137621926,-0.789964299768015,-0.10146501962321,0.403171402744484,0.297017247523319,0.195958418072374,0.354092718149847,0.1462927351877,-1.07547965126304,0.544309807917055,-0.0460390342016959,0.507465979635726,0.00541601515880025,-0.279190591995426,0.505211459505539,0.67689276194117,-0.259058524932598,0.261932515999936,0.229588837178061,0.153019508272258,0.235605908231498,0.434634582589416,0.181583320074058,0.659031249631015,0.120493441288587,-0.952773434760005,0.299922920478737,-0.315846769888856,-0.137352626143459,0.0654994115068718,0.89243795924559,-0.553758036320933,0.503912848924029,0.52361981693225,1.25064018818862,0.637266073200409,0.454064607122,0.346051013066451,0.611776509521319,-0.0747050055212569,0.574780386807263,-0.134543881163064,-0.201410162036668,0.20713407230043,0.192489504988829,0.349007243108944,0.34097988893993,0.405818690937697,0.60198972480716,-0.266070173113947,0.611418377405433,-0.0136823298704573,0.674359175068651,0.424410423484446,-0.443836462708818,0.625343307985656,0.444553043267741,0.521673239884863,0.33166838681309,-0.157859425034129,0.152733202632561,0.404975192938749,0.383148373860257,1.09401559423048,0.875018377992083,0.926642544579961,0.405529095315973,0.067052564559461,-0.435636753979585
-13.3108058233143,-13.1550046778174,-12.4503978722596,-12.7700049247922,-12.9953450107641,-12.500402408828,-13.0479478828778,-13.7487299062035,-12.6191448491313,-12.2346373597031,-12.872787407801,-14.215918895036,-12.7019314224879,-13.0781351266206,-13.2248184570939,-12.9385216177539,-13.2156656798013,-13.7770501818982,-13.3747995614847,-13.174770995251,-12.956569096541,-12.4799946925601,-13.6510389588448,-13.1537999834914,-12.709952626512,-11.9940689632819,-12.9471868806814,-11.8778121809335,-13.4472982443243,-13.5722085336682,-12.6583008991901,-13.0760158554208,-11.94926315732,-11.6333642040841,-12.6538487362321,-13.4683857758826,-14.0064020730252,-13.3184221823973,-11.9437538108256,-13.739659169291,-13.1133716185419,-12.3686215026639,-13.0070878659201,-12.6606008097121,-12.8888717251687,-13.1935895644612,-12.7487783699869,-13.1612922513225,-13.2869646978339,-12.9856877269332,-13.9789389370011,-12.7259861258764,-12.902697532834,-12.7752358658169,-13.3295419092328,-12.8744635685096,-12.3156505776705,-12.6459923726166,-14.9310502217545,-13.2091381986886,-13.0632866799146,-13.1964790550675,-13.4449265967761,-12.6331511372888,-12.5917058064333,-12.6700443686577,-12.4458518063368,-13.2939356341261,-14.2334748486881,-12.9707951895738,-13.6574673311619,-13.6213674734481,-13.174234060922,-13.4192031109614,-12.4220174944179,-13.1306262318083,-13.3857985716998,-11.9938576534651,-12.4845748872428,-13.5645055237985,-13.5028323530248,-13.4093807925258,-12.3793828013178,-13.480610940932,-12.4267607033275,-13.3135928385288,-14.1013615424879,-12.7535245541449,-13.2739447628414,-12.2951962303368,-13.0067811723356,-14.0126489416212,-13.1234183679638,-12.2971512937343,-13.2864689476314,-13.6017743348423,-13.6496282834762,-13.7161881125186,-12.8040790559667,-14.1940515858082,-12.9939172524865,-13.1257334209552,-13.2157317915706,-13.1569784072407,-13.0118112725541,-13.5250988385365,-13.3346344255806,-13.1054895460099,-13.8961080677667,-14.2967120161732,-12.3340793246255,-12.5346521849435,-13.6180954896675,-12.9656090684599,-11.7798808823611,-14.5791482585362,-13.0524403699203,-13.5538399074424,-13.607340924902,-12.7326821367484,-12.551243147451,-13.4480717965066,-13.9191384122026,-13.1741852424171,-13.2429854863828,-12.4705238816247,-13.6734003021088,-12.3653781821607,-12.9684290779814,-13.736451740628,-12.8712532402794,-14.3424915161505,-11.9943258632455,-12.7898981558964,-12.5886837393299,-13.0326054952383,-12.4604052032154,-14.0431452482218,-13.7836047568936,-13.3578923045492,-13.2257500632053,-13.118402585679,-13.0381303946121,-13.2551773732039,-12.8410412026903,-13.8337138043204,-13.89932504179,-13.6416020115735,-13.4484576710516,-13.7016640259922,-13.6165238108292,-13.4383285146223,-12.7486906116022,-11.4467549986958,-12.8695742673138,-13.4923649728065,-14.2170178380705,-13.0803681801372,-13.450285693397,-13.0516312747971,-12.9975879338019,-13.107050533,-12.5715977479576,-12.872357437816,-13.1232952196372,-13.3382747957626,-14.0845636651167,-12.9360493337795,-12.1621262147638,-13.2559210931852
-2.43940128509004,-2.14651538482414,-2.67665764122628,-4.20478401160015,-2.81191131193048,-3.79737820627514,-2.28652226780095,-3.28368514413373,-4.08036150713556,-4.01507064256052,-2.43828755266981,-4.29136952590267,-3.64278662398983,-3.98185922846904,-2.67094251333011,-3.09030547692791,-3.85955707708081,-2.83811886486764,-2.2028587931468,-2.91934433911467,-2.34115381040267,-3.31853686496156,-3.55288043846743,-3.46275697331175,-3.75619912841926,-2.92511663317682,-2.73051631973619,-4.67871791100546,-3.89785451149379,-2.36948894318843,-3.7956005905983,-2.30229797428951,-3.9141524994371,-4.27389006075734,-2.64338746986238,-4.2284431543386,-3.78533748329098,-2.50011888380074,-3.92513924023536,-4.12491637922814,-3.61683620399421,-3.66695453486823,-3.49706691701594,-2.32825680779549,-3.50182613504281,-3.52232395329392,-1.92193187958912,-3.27060212465331,-2.58390362482039,-3.34679719205244,-4.33113375518476,-3.4299236638285,-3.94288238061481,-3.5391176034151,-2.98405842602015,-2.96470733183412,-3.73318233032699,-3.08309074658936,-4.12058015669009,-3.82029877386497,-3.53840261800332,-2.84331958979881,-3.2531439171234,-2.21068511323165,-3.52982073828782,-3.4553174041582,-2.94532345546061,-3.82355309797033,-2.24208334700866,-2.78342312530234,-3.29257090161892,-3.54878325212152,-2.26683922069451,-3.63934342583928,-2.79144030932897,-2.77081444192922,-3.86579304351336,-2.79084166613448,-4.51481847506398,-2.63255726592958,-1.71183152821696,-1.75587344767772,-1.9784934122542,-4.85829354350537,-3.11688382112201,-3.09277232159975,-4.18323707814174,-3.47574201399227,-3.73648830747539,-4.08142297655199,-4.07049320531595,-1.50255533678782,-3.05446567414415,-3.62138529163517,-3.75889035395841,-4.48683114544937,-2.62229765886173,-2.7034229451311,-3.03741602752688,-2.21921367131983,-3.27633390969327,-2.99326967566409,-3.77570741584908,-3.64628650793332,-1.67143527770419,-2.05803211184514,-2.43599378730588,-2.68580506268716,-2.96720258360844,-2.97847728459798,-2.0272947107427,-3.68029168567257,-3.5075051801922,-2.3326166125395,-2.94985419623843,-4.46041823150697,-1.77249963786413,-2.18279891613331,-3.93257759627959,-2.32735813686485,-3.28883142325436,-2.66325688358208,-4.48497374273882,-3.4901612187583,-2.50682868187958,-4.46578779070701,-4.02037350775945,-3.07499657478825,-4.94375436790706,-4.36581676787529,-2.94388951934841,-3.67842992409764,-3.81266673447448,-3.34609529109657,-3.61050494859493,-3.83732006891012,-3.01547843696927,-4.17791477443834,-3.48323703927213,-4.05086653040005,-2.73395700500916,-3.521752605865,-3.55956383095636,-3.96440691986608,-4.00431159627895,-3.08396355656097,-2.70143625681365,-2.43576494618456,-2.96695668739073,-3.20894430831798,-3.07373525947955,-2.72476400764788,-4.00143329112423,-3.84622056459892,-2.64029559600982,-3.68723883821328,-3.98669162433226,-3.81368849760657,-3.8814683442946,-3.18587118589503,-2.36793317590625,-2.4489571891169,-3.85671865188853,-3.73233307097103,-2.59625530038078,-3.82774141478591,-3.31567617126992,-3.47906067643455,-1.88489514262328,-3.36018315104666
1.43297215686549,0.856450127993192,-0.142875566240245,1.21130661348364,1.18309856818349,1.83933464383713,0.0672466532736219,-0.0348840369316835,0.485873568153501,0.425626292048832,0.506054897546558,-0.742308748776296,0.891655652517882,0.118396637015876,1.81163740946003,0.372578800890438,0.588209249858579,1.49790077003659,0.667537378942645,0.62632721535706,2.17896308152187,0.79069815364528,0.93893103236788,-0.485231740095539,1.18340352355155,0.91351389536356,0.252779081314245,0.55636906681632,-0.598499016123621,0.802216489497034,0.372668988414325,0.990829744263944,0.89849735010061,0.635012964249709,1.85771914091751,-0.0397853112427623,0.00530734123346399,2.15174714943433,1.3835504307306,1.16096088639803,0.0887707970999506,0.00577567708952742,1.63315968542185,1.47805386348193,0.491405917907796,-0.718630014369354,1.05287265731615,0.00282248330646906,1.21019445793885,0.81667901851891,0.627786924982287,0.612229797405002,1.29606186110398,1.11003026472645,0.839711894774663,1.51369770762832,0.927184946472094,0.953545588381325,0.528525532252855,2.83853659784822,0.101910254119076,0.444281313645236,0.636297540904135,0.775513873525134,0.147628600185497,1.56926514139688,-0.925273292022359,1.24183376920444,0.531645037676361,0.0950683660642034,0.446920354210341,0.110256025936819,1.95760817164913,0.284407937727583,0.9095538455562,0.671371604098793,0.291376889852888,0.731297148443956,0.128308134338474,-0.126475868690916,0.0340538159391038,1.62807167889814,0.780961220898217,-0.585279216734171,0.146119551560029,1.68333742319949,-0.398401894290853,1.05174545281536,1.17775953389089,0.839642592460247,0.259550513864904,0.348070311655613,-0.506829680805663,0.520619816621683,1.06266659330406,1.15112194946274,0.24296840493856,0.818363720607749,1.47825410867749,0.310127840677778,0.0820573587600223,0.908274385905441,-0.22345509321532,-1.01682119208675,0.664871952182912,0.654364596752921,0.591422741957307,1.30245211026163,1.13920725100312,-0.127817264230064,1.28475606337647,1.31420147459029,0.680728332595742,2.13022016403012,2.56654260533665,0.494643930990673,1.16715503113321,1.74066477526802,0.845865562908292,2.00422044582623,-0.293446033253398,0.604560533127928,1.83865615690153,0.622643582513816,1.15731154750148,1.83866200763423,-0.303183929159002,1.41003991293853,-0.368145355466617,-0.160018492131632,0.909082931906388,0.0212528489335487,1.08511106940817,0.688527410701902,1.21684743222348,1.53758499084025,0.987382854708078,0.305387313311639,0.475712602404283,-0.206941814194565,0.529450157056772,1.81704267458772,-0.309081813724666,0.561136782943492,0.595001806625264,0.667485545100014,-0.420988563425299,1.32168521426468,1.9515108857568,0.592128923419575,0.190349698879278,1.86487447639478,1.28748926737529,1.31352797414612,1.01392247485577,-0.268298223870975,0.384101980520071,-0.730538746832499,-0.60185402359429,1.89974686011111,1.20831079524743,0.353950738378108,0.990212357263293,-0.378512140256756,0.490981378478252,-0.0445784400725899,1.25657537336167,0.937078776814056,1.28738978266167,0.807580058159811
-14.6130075238305,-13.275161922429,-12.6822461290151,-13.5688273536295,-13.6965671357238,-13.8605302397496,-13.757380125266,-12.6347196604375,-13.2477827574098,-12.783406505542,-13.8230440259304,-13.9395461008172,-13.4491513569812,-13.7638848318156,-13.5786711182804,-12.7406292235165,-13.5843784199924,-13.4206896998742,-14.2805509791114,-13.9800818703918,-13.8827618665036,-13.8102438637413,-13.8689079058974,-14.0234253882836,-13.2468483004249,-13.2803437841566,-13.9555524910434,-13.0547426209601,-12.7855141580924,-13.9577069802146,-13.688285497335,-13.3146718473169,-12.7930827833526,-12.7455015193051,-12.9548733566119,-13.402769206585,-12.468678761326,-13.3616911934058,-13.4181980437339,-13.6818858961609,-14.0864602954463,-13.0920800643114,-13.9544407861757,-15.1262119111693,-13.30106733837,-14.3402777587137,-12.1882096512844,-14.1272372820546,-14.4657064707473,-12.6216868551442,-12.9049425219032,-13.6406799982618,-14.1075849027886,-12.7011777030422,-14.1496824639729,-14.7231168223889,-13.2613111844768,-13.4290091185754,-14.3400067651179,-14.6798116997101,-13.118877135165,-14.0716011789701,-12.3826597835091,-14.3813759760386,-12.305400239167,-14.6102052494948,-13.5779953613179,-13.6114222793862,-14.6605788493155,-14.3858502537034,-13.0995512076428,-13.6239397916549,-14.9783466013045,-12.8531974349172,-13.6034036385058,-13.7775129676593,-13.1787257107419,-12.666334197548,-13.1651536549532,-15.0887938768601,-13.6424336558645,-14.5741781016226,-13.934921636458,-13.4582443575006,-12.9144937621673,-14.3720560743433,-11.2693085319136,-14.208727312661,-12.820274817068,-13.3378159388484,-13.2382463434048,-15.105496961706,-12.371552955033,-13.1808671511659,-13.0182896207654,-14.8943727841843,-13.8012858357427,-13.4798881901777,-13.7745042869983,-14.3545164388889,-13.7106045897245,-14.0944075627483,-14.6612278048206,-13.627200744433,-12.7028515644316,-13.1195484848845,-13.4895358741699,-14.5842350040097,-14.2304323639671,-14.1222017530325,-13.8414021078992,-14.0758656746797,-13.070264388468,-13.2508950218136,-13.6116605169193,-13.6920210695835,-13.6473772777534,-14.2791757933373,-14.0345942557238,-15.0077335274657,-13.6553267040952,-13.3709211904845,-13.7887456185462,-14.0193002212089,-13.5261903628966,-13.4396185818332,-12.6839744146938,-13.4769352607292,-13.0480344815309,-13.6426471601854,-14.468810068893,-12.4165932274165,-13.920619448146,-13.6502927812557,-14.0703910684387,-14.0601681022515,-13.5696017418384,-14.1331395125409,-14.3987881249733,-13.4638779893668,-14.0294324388319,-13.6900609398229,-14.0366527004944,-12.755149530099,-12.829213864972,-14.3803031683582,-14.6779795246041,-13.6351544782983,-13.5745497375078,-14.0647406970639,-14.1333427076657,-14.7599824983301,-13.1067214858351,-13.0702323511406,-14.1428526448253,-13.1042459033936,-13.111457250356,-12.9099847439139,-12.2577667050691,-14.8123506065122,-14.9655203571475,-14.3025949076052,-14.3736572471103,-13.2963548263374,-14.6002498677383,-13.1178071773845,-13.1950283051169,-13.4288005348227,-13.8184300611088,-13.3223808249663
0.539503993054428,-0.120069268713846,-2.62561089320179,-2.59115547997611,-2.36530646944321,-1.93116305107677,-1.45911027715445,-4.68990164833989,-3.77021363525796,-4.17693233519216,-1.42439166656749,-1.86106416131129,-2.48551369233125,-3.16815155727723,-1.19146229030282,-2.63835075435207,-3.44547464103585,-2.34194610091459,-2.4623318974473,-2.10649620407493,-2.32227229364895,-1.32768618461105,-2.92169183905984,-2.54626658468573,-4.58365077956266,-5.02081432383975,-1.06750816099708,-3.47915162825742,-3.25172261782639,-2.08883145329198,-3.15248601915161,-3.72337400475992,-5.44176052678287,-2.0586224054234,0.836899198369902,-0.82879026342497,-3.292236418459,-1.98402254353201,-1.55622100095868,-0.974015518269432,-1.578410205568,-0.814106571709741,-1.55390265771714,-1.48261970323261,-0.397313873766014,-2.61856896400284,-1.60589625023621,-4.27226115511176,-1.68386247524413,-0.623777651199984,-3.63385767296824,-0.958374627536029,-3.25032599942311,-3.05947302673235,-2.48178371982532,-1.39483082831068,-3.29327921383096,-3.21280919898099,-1.28417570627739,-2.53808622649817,-1.69481211336896,-1.36528033559233,-3.67852339821391,-0.604020327554696,-3.15644783823787,-2.06179306093269,-0.640342059916089,-2.01568113275979,0.326276641637282,2.16805011732367,-2.97947839850049,-2.53053853676,-1.56270676716602,-2.90822245698656,-3.06695854982255,-2.46607188748656,-2.33010007257654,-2.9047121276759,-3.25544329253216,-1.1737675078813,-1.87322807461949,-2.23879829448791,-0.610687515927936,-2.46641906434107,-1.833140730078,-2.64323409644011,-2.72411295043534,-1.66486959254942,-3.6347020576537,-3.92277331254491,-4.11242586146343,-0.485859404958833,-2.15960788689296,-0.459780709816793,-2.00363131715351,-1.68516111878201,-1.50267594733852,-2.66476156614599,-2.14550377043956,-0.769277687655096,-1.92176234405654,-1.61267824075257,-0.308203111712456,-1.5289816955864,-5.48034535698377,-3.70422760273509,-2.97142973916633,-0.731306205989139,-1.94068676493986,-2.57177144393513,-0.199308863496731,-0.829609840144983,-3.20315723946802,-2.37212442897065,-2.18999489121631,-3.06923972050436,-1.70995714746331,-3.11844317981806,-3.66147787136887,-2.29000410824842,-3.28421994916872,-3.68545650858458,-3.0888246321095,-3.13928469313061,-1.90027331029689,-3.79825795845643,-4.05486837845819,-1.48862616526483,-0.733082394055009,-3.01142396568436,-0.899642850058745,-1.78504744113065,-4.49372985488506,-2.29150803612155,-1.95819619004486,-3.38762819536354,-2.11891116632017,-5.28003042955151,-3.31333872247272,-4.65442797434088,-1.5400046331937,-0.72224340776431,-1.90439506844251,-3.30103953175502,-3.37240332828499,-1.91578479621036,-2.63434197362829,-2.71600789166513,-3.94815571444882,-1.24872290381743,-1.50102999734669,-3.24330134061715,-4.35512819713355,-1.1297213242002,-3.05742199627649,-1.92171862032273,-4.06058813412236,-2.20617776806053,-4.48215494517602,-0.271591348396331,-2.78847495920339,-2.61683191587,-0.7384391101016,-4.1706922963657,-3.38341643124601,0.250211903563732,-2.41739576320106,-2.09212213588211,-0.751351079248094,-1.42268822335124
0.869375528294984,-0.0729940710738717,-1.38748253390483,0.16244640358767,1.36593776458897,1.70584042159115,-0.641961110470018,0.0973153273285564,0.123784180498524,-0.109912514870062,0.115571489242428,-1.17533117563742,0.82486135821039,0.188057445102719,-0.312150415921413,-1.1321851071709,-0.393130938271526,0.931038154471678,1.36735350101884,-0.27187533391411,1.50764142795163,-0.143961232745506,-0.508518058329755,-0.651248411191192,1.26098685322983,0.451242920933466,-0.990958421830846,-0.55501712612597,-1.30042093585933,-0.0669253824123637,-0.880857207263165,-0.38998516401297,-0.582707315196726,0.669907287989677,-0.308164957865215,-0.0758508130530019,-0.322404013930649,0.473753281383881,-0.701428119080411,-0.315598196537055,-0.545313472879793,0.156371670775473,0.813470628734655,-0.210173274182318,0.636196213445425,0.268037614250542,0.588057873885822,0.889662055193644,0.668887053163785,0.532991076352824,-0.739134308175601,-1.32774691790591,-0.507691523394842,-0.266273916681683,-0.711422358704088,-0.58463738130285,-0.652073149950424,-0.451492585546268,-0.691179474341166,0.584716461107029,0.86864496941578,-2.07092390138922,-0.262093210999232,0.0180669038078561,0.30843008987145,0.50174057030104,-1.01916007023109,1.42351122281303,-0.157759479153445,-0.0490069799648344,0.511508534275221,0.545319924453933,-0.534590480467,-0.0810687396726842,0.727897548291551,0.286505070897119,0.42989237715448,1.20682188154603,-0.723291879217267,-0.672158917486026,-2.07373994695857,-0.43072176484655,0.226571941380268,-0.481120090465326,-0.0431127982889946,-0.061449028236453,-0.546469399706079,0.570745804589828,0.169550645520254,0.410614941161133,-0.142313323583804,-0.241014990585485,0.557234722460067,-0.179753425760951,-1.70223119124384,-0.169588151406574,-0.126677153063048,0.209466864255603,0.399031394545621,0.599466502925901,-0.394049070448803,-0.596247659939855,-1.10535141297872,-1.45505698120471,0.630798627633721,-0.542309356493028,0.778913940332153,-1.77655517402438,-0.375039078609465,0.290227526996935,0.468318732694078,0.267976782298936,1.03371180268115,0.515779030709171,0.546832603868499,-0.267695631542528,0.890273749960366,-0.604791902789243,-0.409684926078647,0.369678714824779,0.15012350721218,-0.312145610269459,-0.047200302010743,-0.442769860103686,1.280386098199,1.92247892196351,0.0504675696107534,0.278740643853209,-0.673863829150011,-0.489918661677985,-0.203077747740254,-0.158109583686063,0.0892972377389696,0.754809940684636,-1.08136979476891,0.552688427042254,0.0365895552508056,0.228268690399239,1.75735301400127,1.38592958302859,-0.844876612845961,0.630416006826134,-1.42464649643342,0.321873199787335,0.492858911590086,0.707018717247218,-0.387195711368787,0.191458381559939,1.91383583879279,-1.16219140216907,-0.726869217087325,1.44496810979377,-1.26351793781966,1.31086198424984,0.838431637365029,-0.462280342460119,-0.237264195863207,-0.505265884773641,0.0212608613203373,-1.09245617680951,0.175023054548674,-0.493041766958567,0.22809234691039,-0.743057243701878,-0.458749223222445,-2.10721854836635,0.332085993258778,0.800728513962058,-0.279842446819295,-1.49678686183955
-18.0203881278698,-17.3856135224881,-16.2209873255818,-17.8655480576505,-16.8754459747578,-17.3397079571753,-17.519879266961,-15.7825336386226,-16.9262613078599,-16.2870420324737,-17.0949159198546,-18.6232183623003,-16.8515255633365,-17.0170765621697,-17.1833355791424,-17.3266771938027,-18.203082048845,-17.1450558300806,-17.4240228969895,-17.2117841764192,-18.0693287422063,-18.5884415712932,-17.8156393561465,-17.2487733686676,-17.0668439227438,-16.6009603301085,-17.4669941829352,-16.7049924112046,-18.2965037982159,-17.4266027997557,-17.0565250596317,-16.8070967827817,-16.3330801678723,-16.6572802520384,-17.0104291973251,-16.8752323929409,-16.0372040406394,-17.2195635420128,-17.4519671978212,-18.8928340035542,-17.226502259799,-19.1036298209669,-17.4664211937527,-17.5926283667037,-18.0309391560791,-17.2307926908308,-16.7263076844605,-16.4407234110893,-17.6892727399408,-16.2857320576279,-18.7138356805022,-17.532162325608,-18.2816622945101,-16.391288726209,-17.4580230169256,-17.7432526213137,-16.2140637632939,-17.3525092404191,-17.4878850808016,-17.7665241726986,-17.2535655745292,-17.7149417020442,-16.8331672130961,-18.2465632664493,-16.9145668030997,-17.8330747327516,-18.2386779051257,-17.6847847686121,-18.1658798215377,-18.1211203319305,-17.5020885707062,-17.0678065982629,-19.252900540714,-16.9924719326945,-15.9296441649162,-17.3656454745156,-17.7052128711078,-16.1194127897518,-16.1753031135354,-17.6495910564534,-18.0701224148403,-17.7406205048094,-16.7706536490024,-17.5477526590857,-17.586764998388,-18.0428014596008,-17.2666383682988,-17.3923370639712,-16.2823321772147,-16.5394216585119,-16.9510118816995,-18.5117546777358,-17.0473508464247,-17.8641080373077,-18.0768499202976,-18.1867115855263,-17.9896360147933,-16.4029432076808,-17.1514784876292,-16.5440400091406,-17.3924959258975,-17.0335533307467,-18.988649434537,-18.756581915796,-15.7339349036856,-17.7291602997121,-17.6641201015541,-17.2789375606973,-17.7927238281908,-17.4555226035328,-16.8872938340384,-18.0418071598603,-16.6960018418069,-16.9197503396059,-17.1848236581508,-17.9419715859118,-17.5226629401302,-17.2805607036563,-17.7032163553572,-17.7852470456742,-17.8379323395171,-17.5200158511575,-17.0576356734715,-17.6454080268395,-17.1075682363005,-15.7638479649684,-18.6152691026983,-17.4854293832499,-17.8391535209759,-18.1603295046342,-17.8267739889616,-16.9966185397142,-17.0402240193264,-17.7835639589367,-17.2671341007458,-17.5902660751942,-17.0603618700707,-17.6086491609079,-17.0280379802172,-17.626636768888,-16.7350462656915,-17.7525469295419,-17.5648121111224,-16.8813039989827,-17.0872552507546,-16.8200041779739,-18.5284863159042,-17.0672035169662,-17.7236479388312,-17.1053625754062,-17.8764901491805,-17.2845451836393,-16.6731541315832,-16.7481260666593,-17.0998770600787,-17.277018837562,-17.2359703980334,-17.9685846836097,-17.3242065544287,-16.799753330383,-16.8909742358383,-17.5811304629054,-18.3798824850813,-16.4578975676601,-17.0273751149419,-17.5591867697629,-17.3850779932635,-16.9481169537554,-16.9152113948843,-18.5159835430082
-1.26301129534441,-1.19106560093301,-2.15853290756604,-1.37622125010781,-2.02823687134775,-1.86737915681908,0.0172642834300669,-1.46351445308967,-0.964547210313575,-0.909070605841403,-1.1984631842458,-1.7860575883921,-1.556211623957,-2.53963445285354,0.270596886742301,-1.47134991403483,-1.13442164941407,-1.3941161764198,-2.3945831022214,-1.65469675212937,-1.57306765113299,-0.0827287813026762,-1.83872296151159,-0.552128261560803,-1.84765879776119,-0.404001621026429,-2.06630747800538,-1.37254367311603,-0.380508788175415,-1.92269977887293,-1.18836717908931,-1.99562953444099,-1.79022511843425,-1.21813320013755,-0.829876091525524,-2.3375495133387,-1.94829803474159,-0.292595567855363,-0.126817195368728,-1.29900566039012,-1.88999386747757,-1.05037007234507,-2.15611451108577,-1.71765915089673,-0.974454235328243,-1.54467553079095,-0.842270316949343,-2.40309305096434,-1.63142843128219,-1.39427426688918,-0.104060709396909,-1.68509316026238,-0.57874772470324,-0.643074402287463,-1.8876576958319,-0.62560374055776,-0.23362126687472,-1.1055259707375,0.553941614519544,-0.826297375603701,-1.25835456283486,-1.10629717413065,0.2170018586123,-0.83274089186952,0.240224840125127,-1.09602267064344,0.194377980836466,-1.55031847671871,-1.77962108694475,-0.865590532729626,-1.73132350725514,-0.580448385167182,-0.580475752405057,-1.97693887946809,0.91526671723401,-0.816721720227779,-1.83773246314287,-1.65366177096792,-3.25558620271803,-0.203333330785086,-1.70744765268768,-1.26366389619482,-1.3403342186715,-0.324460641640201,-1.64779972478299,-2.39201605510992,-1.55215770992436,-0.704050431257231,-1.29139000701254,-2.49877031320949,-2.77677462486802,-1.53213603513781,-1.72426119330534,-0.512508585154142,-1.09193083600837,-1.40869317706197,-1.15235654528045,-2.02078412702435,-0.719294959255863,-2.74908496582488,0.0829379893332529,-1.77532699520271,-0.198839413345878,-0.12764968289281,-1.98914439731685,-2.47657154775615,-0.901700508311162,-3.48721481087561,-1.92410197442481,-0.24974821609164,1.12816874551592,-1.62120381964174,-1.45661054846485,-0.997254563166573,-1.78950912626475,-1.29295679905461,-1.05436484829417,-1.91138516663524,-2.94053628004053,-2.2587926983872,-0.646069730641281,-2.09638582979238,-0.524995563245617,-1.85671877904959,-0.750946034358572,-1.6529276415093,-3.14929616766453,-2.35796119396406,-0.664636826918236,-0.353835009886395,0.332482030016608,-1.98817218198887,-3.38975952159587,-1.27175727712143,-1.57565931267196,-2.92903752379853,-1.99214629453076,-1.62155142143705,-3.21107354765883,-1.21649508263601,-1.8104967058908,-1.12355137732033,-2.59138549602703,-1.82311998761674,-2.60447354357218,-2.21838775264201,-1.53367447837383,-1.20673750411144,-1.84360800426457,-3.18135287825775,-1.73091742129023,-2.02110918047437,-0.564616847902654,-0.467344725710287,-3.22820415837667,-0.10610896722061,-1.12858229925726,-1.07183454730844,-0.932832999954474,-0.774876287587839,0.0267966571521741,-1.13093826550302,0.572861034250125,-2.67292520184156,-0.292370529066234,-0.169630271159102,-2.6573797561747,-2.457333504518,-1.55566205927854,-2.88902610462293
-2.81596424987597,-3.90905387746054,-3.75440244370967,-4.03803197479516,-2.04147656144614,-1.23715410520181,-4.23413341557342,-4.4416647811405,-3.43654548347246,-3.81620245354324,-3.79205879527153,-5.51644843690417,-3.77390394958946,-4.04362433216905,-3.22509084692769,-5.11918979973931,-4.10205153384805,-2.85423434822753,-3.20344878515375,-4.09408993835535,-2.82913155812404,-4.2194061138075,-3.45871416114243,-5.0785550158386,-2.32922577168061,-1.87604424641025,-4.48581970055902,-4.18433594806239,-4.47849080498356,-3.97693423645086,-4.05908201362262,-3.84562180971377,-4.69754059702381,-2.77168222410226,-3.32442729901145,-4.03160309880415,-3.47698209378741,-2.94612159933351,-3.8359001308872,-3.87767798237732,-4.01825738947124,-3.01260094842026,-3.63177982988153,-3.70247017080867,-4.91031701923939,-3.54849781548319,-2.696566148289,-4.99407249880643,-4.02018976737532,-3.22327941569463,-4.12527149853071,-4.53697866653737,-5.50828930031343,-3.23978276848783,-4.42425183663477,-3.91211490120378,-2.89591484994541,-4.1317787082899,-4.58194130705538,-3.25205859581266,-3.51906489903005,-3.00441464899865,-4.40497221086974,-4.18660860432447,-4.52386463731186,-3.12339155548706,-4.75410832595112,-3.77130475736605,-3.98573974149455,-5.70079221116627,-3.47707651755932,-3.14645720114769,-3.90778845181867,-3.63977233339688,-3.80828952576629,-4.15389128177367,-3.38869611292709,-2.61372852939962,-4.55569974609303,-4.84805864222907,-3.71012240674354,-2.3352773716232,-3.19016947205882,-3.90923421765479,-3.56348627416447,-3.38411560900623,-3.55998044563642,-3.69502715750431,-3.60068382381359,-4.33020048807517,-3.74831000960763,-4.36608989735648,-3.97063230615096,-2.95705881755238,-3.50747476359527,-3.22603753172296,-4.48822591290068,-3.45440970769474,-3.95335207793766,-4.14679585470211,-5.43694758478059,-3.51462486551252,-5.05022039543279,-4.05669634404409,-3.5695063214674,-3.48656620464357,-2.85263619320972,-4.33496204395141,-3.4024827885226,-5.1977378023851,-3.09249782182774,-3.14175957161922,-3.08236450052036,-3.21692363557488,-3.70960399646128,-3.10887932370308,-3.34115879388338,-3.9170811170761,-3.98255657139388,-3.89495888528219,-4.29415139096882,-3.62943296742166,-3.87611171908021,-3.99698979054034,-3.92125842929239,-2.7913607065636,-3.7816651069969,-2.89060695302814,-4.88745430767157,-4.45948266416893,-4.43456764186174,-3.54312411512071,-3.87343252712796,-3.22546835274289,-3.70596222736685,-2.52723229616,-3.71586856985464,-4.04940042689477,-2.38604997000486,-3.23375623604385,-4.17141640135193,-2.44005760300424,-5.20504475239478,-2.74996376420312,-4.71070267441573,-4.5208124354584,-3.84260479441062,-3.93399280777858,-2.79597963075995,-3.08877957399174,-4.45217862098622,-3.21630976918466,-4.73615525717298,-3.05728610439837,-3.00815585516449,-4.39628284206603,-3.35952652237301,-2.91177469153102,-2.75821888601108,-3.52308072293535,-4.24441565310844,-3.63156867581502,-3.61143900861609,-3.91235816917939,-4.50523104785432,-3.79451664953916,-3.352331085542,-2.19577534082477,-3.62287182657101,-3.98673556597376
-17.2524528082159,-16.2737318474433,-15.4858310011575,-17.1575725809944,-16.7781810989638,-16.9804408824813,-17.3324285550354,-15.9421441960796,-17.3238524833478,-17.0448445219065,-16.647106591456,-16.0200482441588,-17.1097056518265,-16.3031616359323,-16.1432509938447,-16.585631560178,-17.0724590378244,-16.8970000402021,-16.0389671640437,-16.9341047098179,-15.9789769983875,-16.8366347995558,-15.9720203119324,-16.5415526438236,-16.7124657852423,-17.3840843568914,-15.3025738188243,-16.1569396624348,-17.896802957644,-16.9174002601902,-16.349662767018,-16.3706991317109,-14.9989995004559,-16.3919468324478,-15.9217026472183,-16.4034213409533,-15.0291557419058,-16.7225431192292,-15.8559568368593,-17.4851643506375,-16.273368808591,-16.6826752130034,-16.5512406705366,-16.9130784862702,-17.3329741730195,-16.867083496625,-17.281653761386,-17.4914278611688,-15.2047957517069,-16.1898155202829,-16.4322948166266,-15.9559849241529,-16.9539310622506,-16.3931902083077,-16.1466144915434,-16.8250987817273,-16.7563566232165,-16.2105100364181,-17.0049830450709,-16.4258585981191,-16.2485917499936,-16.3215820682541,-15.6874582801113,-16.4262463526835,-15.378939788808,-16.9429222447309,-17.2968743986132,-17.064940672312,-16.8524192531177,-16.5446968705674,-16.5849965255682,-16.6293656408354,-16.6132410518644,-16.6704672835196,-16.5581176486511,-16.6527505267274,-16.8789689921044,-17.4620682111955,-13.6809206939628,-16.4657680836622,-16.0564664171997,-16.8414323070599,-17.1416345501228,-17.5172083684487,-15.7491561612711,-16.0557278472509,-17.4681872938964,-16.5457774175027,-17.002016591944,-16.1568732336763,-16.3817727117643,-15.0257696640501,-17.0924231792536,-16.8386431910564,-16.1308319255538,-16.4129679470648,-16.0444309483172,-18.0749109249078,-16.1080500485138,-16.4678107665203,-16.0637180064808,-17.7868755257997,-17.3155105037768,-16.8437925651075,-16.1139155039717,-16.3873915748588,-16.8137637362803,-17.406285184204,-15.6744959310342,-17.2862968621844,-16.9310835354993,-16.0317137522898,-16.9599455664483,-16.9184197288647,-15.5136082957907,-18.1568949636445,-16.8395564967221,-16.4957745487896,-17.0516584291567,-16.1752973173638,-16.7621831503019,-15.8006380669674,-17.2949061682397,-16.7144910865452,-16.9731433884771,-16.4097347779943,-15.8422316973862,-16.7242767129395,-16.911003957026,-16.5538660770649,-16.8801935707694,-16.9284324498682,-15.5800173434166,-16.732928733234,-15.6573125150502,-16.518571221271,-15.8104787551167,-17.281821836799,-15.7362670013739,-17.6139834521144,-17.4045896406429,-16.7842705067663,-16.1668329954158,-17.7329664779254,-16.7033852599568,-16.2730867420021,-16.288266145839,-17.0037618982806,-16.4811299007053,-17.9078029080404,-16.2140382232515,-16.7177296038413,-15.9850321728412,-16.5812752101206,-16.595663576717,-17.1947675364081,-16.6072273566059,-16.9718516038698,-15.7921469847938,-16.825405277831,-17.113170302605,-16.4746664843582,-17.7848780072213,-17.7843308754865,-16.3142983615874,-16.7181906738234,-17.0905109201392,-16.7353571605324,-16.865002393468,-17.0907883115735
-2.83373813041361,-4.52075683283827,-4.56256138131117,-4.68129212299904,-3.12933269145659,-4.36610068766432,-3.25298930723986,-3.77006166221378,-2.80697044290908,-4.67828598318204,-4.16209067705407,-4.87732321328147,-4.15855349688989,-4.74510081687811,-3.35773865555829,-5.37372068362171,-4.58575503351434,-3.49423991805482,-4.09032241905292,-3.53103687319366,-4.44859219560865,-3.49879215808151,-4.92134632862533,-3.74479817006029,-4.26990439126272,-3.69638495692244,-3.76332503123471,-4.87494028193689,-4.78640059271843,-4.28951101376687,-3.25295878999317,-4.26590096306277,-4.65803442221095,-3.31132033898957,-2.8390863451822,-4.55325658624422,-5.23812192986087,-3.01835801770372,-3.53107719438132,-3.8261223634879,-3.53897038162029,-3.27849075539345,-5.17271408264075,-4.06508556291314,-3.92368091614957,-4.20851237539218,-3.45437587770544,-4.53104729559375,-4.37083544974734,-3.84879040520023,-4.26709614856989,-4.26347148464708,-3.23575293191902,-4.33673509847538,-4.21626848302165,-4.07844881552988,-3.25225984032878,-4.34349530879569,-3.64007845044099,-3.19456930862724,-3.21837588681775,-3.40499567325348,-3.74679266382855,-3.4371864382814,-4.05760762795904,-3.63188483022928,-3.0071093636448,-4.95445872151054,-3.73895720030087,-3.85245814884835,-2.71561957855684,-3.28528257024518,-4.57580515325239,-4.59463727576159,-3.18048153843337,-4.29176374242254,-3.77230780793135,-3.36368054741439,-4.70858075930238,-4.37413321615475,-5.25163723074377,-3.97120119574747,-3.70507010214384,-3.31547332134382,-3.85052978632397,-4.33330630923606,-3.82077912913449,-4.6237287632475,-4.35609467625579,-5.2160211888558,-4.85907919866163,-3.17968311637758,-5.09707812964405,-3.6225045850021,-3.51834563285666,-3.67463021101792,-3.62689967065493,-3.8204898690472,-2.844781072317,-3.75302609299337,-3.42536984934914,-3.55429595753741,-3.94719526179612,-1.90205773236787,-5.15735522678593,-3.67045152133777,-3.55445612790755,-4.2239331994709,-2.84418333772669,-3.00836231212373,-1.91758777001699,-2.0683937830258,-4.5041682410458,-4.14019722677581,-4.33169158688735,-4.58401671700657,-3.63596353303039,-3.94000096937087,-4.76181312085411,-4.72471164188849,-3.49483395358597,-3.59208549179943,-4.4079357211368,-4.57764180649235,-4.0089511063457,-3.79710180443304,-4.46666608942802,-4.89844273609112,-3.00056535536427,-2.47315020494794,-3.60699577751394,-4.27530680970962,-4.90416029029892,-2.82013723603977,-4.32389201648902,-4.43587680786398,-4.82902973590851,-4.01470176647304,-3.97221701788421,-4.47017544630965,-4.1610663134129,-4.16681592287241,-3.65765454402232,-3.46703289460667,-4.79662400579898,-5.13341928110037,-5.11306755911615,-4.41335217479146,-4.03029499537544,-3.8298154030785,-4.25133334872879,-5.35698780308245,-4.16419157796491,-1.84072095304034,-4.59935866825606,-3.50207205511572,-3.62796162767803,-4.14251579615529,-4.12420062601774,-4.07689018485909,-3.31606573470938,-2.93230153098483,-2.59776730107563,-4.72761917725145,-3.18088787386191,-3.63158848321557,-5.34747958074649,-3.12461121044771,-3.41021422953578,-4.83545327852368
-3.83762232982748,-3.75685582037208,-4.29042742681248,-4.3553201120213,-4.08921381943278,-3.33912590587775,-5.11542332710193,-4.855478207097,-4.91137642557466,-4.41534682607381,-4.37752169178533,-5.32788648503541,-4.20202889193856,-5.16576391279964,-4.52806113200202,-3.25022120664154,-5.3799300572978,-3.84818043696209,-4.12708815799894,-4.8861930636296,-3.30402177398305,-4.16677505449019,-4.2795680224493,-5.29438724091339,-4.00371743646987,-3.8971013154002,-4.78842606675764,-4.76747726893283,-4.90310505921076,-4.60224073806928,-5.8529145576115,-4.3419219219498,-4.31783131227283,-4.32536871618359,-4.04333350464559,-4.61743920268258,-3.46953969206623,-3.31062316085838,-4.50570602556846,-4.18986385464421,-4.89486711390107,-4.87722032433777,-3.5989773466936,-3.97630944555952,-3.94859021109932,-4.52307079416667,-3.62302027688379,-5.00226234570633,-4.56732270905011,-3.68323231508565,-3.31874210018861,-4.1758720154539,-4.44985193568444,-4.51088310594203,-4.76378913806721,-4.76024107327071,-4.63300685733474,-4.40788455545807,-5.14736543713266,-4.67811768820467,-5.35944592195797,-5.5848193444971,-4.50334365211126,-4.54621588872845,-4.11652188433253,-4.33264329324424,-4.75254055056587,-4.4262195510482,-4.19867559506988,-5.13672453647155,-5.36878338083423,-4.65742868796108,-3.99085918743986,-4.20755449588665,-4.84282836547699,-4.09605247920279,-4.71676298414044,-4.45228414207721,-4.55548104395081,-5.17712846836196,-3.97462654206071,-4.52136582950032,-3.75870164216753,-5.37868559181001,-4.51836381039658,-4.06840783839753,-5.19541547006466,-3.74674003921219,-4.08700038082325,-4.58604557472983,-4.52117822562186,-5.47566514282209,-4.65779429879864,-3.45451698145964,-4.28858400543536,-4.77498784979201,-4.53351199801558,-4.25666466792135,-4.85095050959947,-4.6285989685087,-4.94832228947032,-4.8590922689708,-4.56954625314759,-5.35156809913138,-3.25648238282715,-5.15402861738431,-3.99770324308608,-3.84827143893442,-4.71204633126362,-4.85296917511916,-3.26338213618706,-5.89745988702377,-4.40667631548606,-3.36878816132836,-3.92411823683629,-5.21219572610023,-3.82245578743912,-3.92887183401172,-4.33258024858485,-3.20777785262312,-5.35872925510375,-5.28797741169802,-3.68978256991707,-4.4984084422322,-3.66821906685625,-4.81975250629046,-3.99817079945001,-3.42846503838209,-6.1588993977885,-4.52602815877134,-4.07362810076665,-4.22473157946805,-4.40461507563331,-4.66274987363065,-3.82632142364553,-3.70426383186213,-4.0719278085227,-5.00744185010549,-4.98208357655296,-4.92977499859538,-4.14626492211747,-4.90522582075054,-5.59331226922204,-4.16278280137844,-4.10561827857384,-3.68588228605531,-3.79146647572921,-3.8737188188361,-4.15775465516677,-4.94796173946312,-4.4390610986333,-3.541001912588,-3.40279409914024,-4.57540663078754,-3.8348002080673,-5.26904788989107,-4.99553131106656,-4.63475206786601,-4.46233160080914,-3.94223877036531,-4.13291051663018,-4.59969341345716,-4.85224677834796,-5.02413321434697,-4.64578623099965,-4.76539107421605,-4.76735912612908,-4.18254692229588,-3.17896116295148,-4.04953363345705
-14.2729344773348,-13.0433995101169,-13.2435655891422,-13.9226305853599,-13.6260574736502,-14.2350170478471,-15.2429772894061,-13.8774344652104,-14.3213292260845,-14.1896136736202,-14.3912970447812,-14.4638405462543,-13.2645845348027,-13.5308520986795,-13.6802414578275,-13.4388064354139,-13.8681836258007,-14.3119533456485,-13.6561746960121,-13.4798196508003,-13.4734199179113,-14.2941499617827,-13.6955539176645,-14.6825173807809,-14.1733407984033,-14.4719380275385,-14.1945644278701,-14.1776119142437,-14.215912919898,-13.8549128743926,-14.8209586999314,-12.7838158034001,-12.1951450207722,-14.0995634515253,-13.9148101476581,-13.495668430886,-12.9510258373573,-14.2640292414942,-13.9598243424797,-15.1541690549459,-13.3718658838285,-14.1254117479031,-13.3644801495345,-13.5963325503183,-13.7208112789194,-14.6362786231524,-14.0860099442277,-13.5886433511485,-14.4558193598705,-13.969215313791,-14.269557232973,-13.0178683039926,-13.3461821205372,-13.6644838791412,-13.7475405271733,-14.2592609014269,-14.6026664833534,-13.55239219864,-14.6836778960869,-13.6971366329965,-14.5422394747431,-14.5854842139244,-13.7624901306295,-13.7982452392857,-14.2433382915594,-14.4757033737991,-13.8723016918613,-14.7046253328918,-13.9603706314245,-13.5288967464564,-13.5478604600859,-14.4682601321776,-13.6288396241906,-14.1494697291532,-13.6810708152891,-12.4509375987615,-13.9760962844132,-13.629169804251,-13.3632742936449,-14.4784398186289,-13.126931418674,-13.9247802436986,-13.1342113431804,-15.0580972234854,-14.5651836163084,-14.0863369545379,-13.8479458939023,-13.8603320920266,-14.3147056533754,-13.7919046524414,-12.948134355414,-13.0026080328352,-13.6169057761664,-14.7157776997302,-13.6356001930039,-14.4526640963416,-13.0560152533549,-13.366985102248,-15.1714876482496,-14.1539113677373,-14.4929411506738,-12.9312824688146,-14.5489714407241,-16.1256805151389,-13.3658203300576,-14.1204425220865,-14.1015567997616,-13.5705881933802,-13.5201886727567,-13.6283006952026,-13.831789787907,-13.3260336894058,-14.6853282685576,-13.7517451789951,-13.6520532014039,-14.3727509372738,-14.5973366708208,-13.6639141854158,-14.2783313751132,-13.6353653383342,-14.0330517737244,-13.6555086941743,-13.6924316225559,-14.2972200722456,-14.7749847379343,-14.3382064819675,-13.2918144989182,-13.3851118911204,-15.163379928982,-15.8274775802998,-14.1576396598507,-13.9226333539207,-13.0797505149742,-13.5150751304644,-13.5436642079464,-13.4783995620054,-12.3128990851235,-14.3236257807802,-13.505068513877,-15.6498372245267,-13.8827243533016,-14.344924453571,-13.3773705391768,-14.1663582862238,-13.7508177377997,-13.0813600198785,-12.6297804462206,-14.0405946653658,-14.410130080917,-12.4777731222228,-14.0144092654873,-12.0136116612691,-13.1817268169276,-15.1080909270522,-13.8334961510299,-14.5645180689181,-14.4620275747191,-14.3601334408906,-13.3054149282635,-14.5820908739894,-13.8860698900432,-13.3704856843254,-15.0831642668607,-13.8004741627859,-14.6825681172635,-13.9839444749852,-14.321486422294,-14.3832178812017,-14.7553822935782,-13.9462270213045
-5.08722059620081,-6.58455190978632,-5.82859245086895,-6.31552872848296,-5.80435157977074,-4.55631606276923,-4.65169891723396,-5.03385122376845,-5.45394461276015,-5.45038684127895,-5.71610314539836,-6.67203749140169,-5.24739973756728,-6.69773835151701,-4.18957975800021,-4.27718679124862,-7.26468026539529,-5.56309360142319,-5.76600264281735,-5.42935037451464,-5.97062945405595,-4.95686957516887,-3.89100408812101,-6.40796959512716,-6.04979338804772,-5.44997616527791,-4.89001749209302,-3.3284151835074,-4.90559589684706,-7.39096603711125,-5.09683073603741,-5.98365432346161,-7.23182116976442,-4.97771153873897,-5.18736901861939,-4.97842110024854,-5.72339520710829,-5.52752817277878,-6.35043683614152,-5.42347562667683,-6.63672767023724,-4.33693851808361,-4.82536775488268,-5.86935102421006,-5.52393220263303,-5.33840633573711,-5.1823955076032,-5.56862886044011,-6.4836652198542,-4.99305218926516,-6.48688393953848,-5.98235153610477,-5.79723249228303,-4.3065606536794,-6.39650134596098,-5.35912215014874,-3.99199135240881,-5.65344707118715,-4.65188435449018,-5.01070861757967,-5.83411825883546,-6.58048338560064,-5.79203562410372,-6.44717077147823,-5.44342452703195,-5.70246815111334,-6.25696037530179,-5.6446110561612,-6.28942427296236,-6.11374807919553,-5.30768442855037,-3.90891574790373,-5.37029635138233,-4.17624378584228,-6.54105528540107,-5.45994991546719,-3.95731147986018,-3.69689360824992,-7.30560907496735,-4.48227851505789,-7.13020110112681,-5.30533811365518,-4.63183323787692,-5.36839514322049,-4.8287202080683,-4.88185637413875,-4.79694819346664,-5.24486566635219,-5.09148496013344,-5.36675230346751,-4.84836448527402,-5.97313135919368,-6.18160350172399,-4.02782197606333,-4.60963110463765,-5.24678941153566,-7.07651827075071,-2.65107463101834,-5.16481822392583,-6.65354791907413,-5.98718287199059,-5.37532224743981,-5.37309622813153,-4.15226359118449,-6.12384298460344,-4.94676148851684,-6.64647225158695,-6.18193684538518,-5.84067118206075,-5.40936328679806,-4.4548790357069,-5.4680645171848,-3.84744853572129,-6.59011595830247,-5.3844300904771,-5.68048286778069,-5.18061771532303,-5.18941733921598,-5.59277123499132,-7.18960230477018,-6.91507903985967,-6.11105436125896,-4.68099148040561,-5.69199745856459,-4.49659689429816,-5.67672029535576,-5.56829393109042,-5.94241729010375,-4.33894965069079,-5.07491227626908,-4.61118483825906,-5.59007236900412,-6.59683291551285,-5.86627414056613,-6.01087022604355,-5.20518863334635,-5.13178390664266,-5.51742238064513,-6.19624026587086,-5.09254511174549,-6.26260520639228,-3.71413455828055,-3.96511815249807,-4.67385720437799,-7.53836389454328,-7.19858856671351,-4.99273438618543,-5.31444546937015,-6.53992696991512,-6.09900427442701,-5.37748116466526,-6.80308159825527,-4.24525416957259,-4.69455055183426,-5.79318903202791,-5.52233311350489,-4.66222781677146,-4.08360561148696,-4.48206554834543,-4.42544077281501,-5.20934371916769,-4.48892406011243,-6.16624527401243,-6.71778122320137,-4.76298356756678,-6.50176929980237,-5.55861036171663,-5.59650726217276,-4.74743154913643,-7.08291880344445
-6.95533698228918,-7.0615890464079,-7.59506730823203,-8.1513415024538,-8.35134616651595,-7.9153094312426,-7.60616975280507,-8.38684642960226,-7.40742502481688,-8.47582311263674,-7.58610017168426,-9.15996387847105,-7.45043289516985,-7.14398927587579,-8.79921573470543,-9.33910519207989,-7.12243642330837,-6.97515881380434,-8.46523853533005,-7.17430357681777,-7.09765893790623,-7.80630161550753,-9.37077071056184,-7.70311258774852,-7.033726310903,-7.07630107264931,-7.80070888376728,-9.3308096474892,-8.31212589997178,-7.6825381170529,-8.54443188838053,-8.56623558899514,-7.96644380168556,-7.62690237551807,-7.68012395968394,-9.38280897371019,-7.31905339155015,-6.94139563176638,-6.54141676681104,-7.11068627489771,-8.28865131180627,-7.94036341002524,-7.61907139012007,-7.31494778031167,-7.01010293936563,-7.40109065471072,-7.32700750382803,-8.45100090893554,-7.11683243244696,-8.07556527579839,-5.68333939972159,-8.06494856200925,-7.41718997814421,-7.93200821989084,-7.82221446349315,-6.92739719479944,-7.6593279975364,-7.72973428227213,-8.04343770901998,-5.87320774963416,-7.34037665511299,-7.48876673501908,-7.4913109603969,-7.53938719478906,-8.29576179412196,-7.20515324121572,-7.88908615251194,-6.93175083560905,-7.61970239193587,-7.88066410197194,-7.89635117231668,-8.26820080039507,-7.6120379210787,-7.65842361234447,-6.84780068572099,-7.71546492714702,-8.45084129607957,-8.38245731528803,-8.37868619489049,-8.45638316397759,-7.14765131559029,-8.38634394032015,-7.50615383187486,-8.23031418254799,-8.46956988396434,-7.92939887729422,-7.93978595878249,-7.97842761399666,-8.35176463998465,-8.87066905921423,-7.61447457293358,-8.13437374328637,-7.81918708298249,-8.32084948101151,-8.9615111929287,-8.37441929478846,-6.67600412403457,-8.22318126587819,-8.22876522449029,-7.26951600190933,-7.8820777217836,-7.54489349485253,-8.29444090954286,-9.22820043432015,-7.96527849135303,-8.96974539827109,-7.69423815425657,-8.03566117731359,-7.5781423153114,-7.63994860588835,-6.30324206938887,-7.04821947672814,-8.12321701679053,-6.79546554281042,-7.13347107514962,-9.16305473423307,-7.19378216207534,-8.17496726139711,-7.84101796384703,-6.78067416974562,-7.14304934257123,-8.88551982042206,-9.20590000607853,-8.49653694896657,-8.22048202796476,-7.41807160824965,-8.88181598325274,-7.14950647072525,-9.18658974127361,-8.85396617512742,-7.75993192442269,-7.974407256717,-7.80384782073337,-7.6803847098469,-7.68046071070962,-7.62818163377912,-7.28404613061591,-8.84592247002745,-9.32627146136824,-8.03273529248527,-7.32556902425405,-8.22499100478399,-9.97156803835527,-7.9279025322964,-7.99302437030674,-6.70682820799825,-8.91252146558356,-7.18031302127918,-6.14787580299912,-7.49729101247527,-8.11476111125429,-6.19700631462626,-8.66651202421541,-8.07705760546128,-7.68522168506093,-8.1023988658092,-9.63446932542103,-8.84773069770505,-8.64205670949231,-8.22095142821753,-7.60717227169585,-9.3036463347239,-6.65080232336708,-8.41007032555668,-9.42785271166459,-8.31094203741632,-7.43382256638503,-7.17345708919415,-7.36848651000712,-7.84117061446696
-14.7873188375934,-14.4234347035857,-14.6946318999794,-14.8002674742369,-15.5197761474198,-14.7650516425183,-13.9463899636704,-13.9989305995125,-13.9574150532093,-14.8768032670844,-14.3273382025037,-13.9446622569411,-14.906279366413,-14.0291017010494,-15.040288981124,-15.4170964813659,-13.7170198279934,-14.0253558781582,-14.7771252599292,-15.3670419724737,-12.988367328599,-15.282547964039,-14.7507000228998,-14.395097134151,-14.2844795298753,-14.9799084140748,-14.6506612823967,-14.5481268495107,-14.1103413680306,-14.4830959570791,-14.9426570017083,-14.2481028163986,-13.9212329263047,-15.0739399903859,-14.6715121309594,-12.3309878028908,-14.3248921471261,-14.2903644778743,-15.0332293553316,-13.8641591554042,-14.6654471934877,-15.6953635329833,-14.5815828434659,-14.6603082348158,-14.9333127497983,-14.2720590828618,-15.1051691476421,-14.6686691381292,-14.2066762850085,-14.651874456199,-15.132082406376,-14.8625175130867,-13.9379642985169,-15.0051302708879,-13.6747288391355,-13.7801646608056,-14.9546120184068,-14.3006806993135,-14.29238948719,-12.9347005515624,-13.8826329276137,-14.7165752632032,-14.9621472866805,-15.5473136100542,-14.8276588857571,-15.3710390686433,-14.9882094025245,-14.0931038885639,-13.8576806347097,-14.4349090396131,-13.7567399664969,-15.0086426895115,-14.8439976843668,-15.1930891009216,-14.5295997732307,-14.2272050536815,-16.2881349699214,-15.3176040153975,-13.9540990774219,-14.5916509559949,-13.5092426851439,-14.4895095934188,-14.4574395694873,-15.1824109270128,-15.3876897509606,-15.1697944281545,-14.5574579780205,-13.8824198130125,-15.0529243214621,-13.9885692071609,-14.3688873167826,-14.4502939413711,-14.3147853300956,-16.0952506419138,-15.0411130842464,-15.2151186732372,-13.5188001304017,-14.7491626582421,-14.8317745793474,-14.2122247517819,-14.246416967335,-14.9127745823589,-15.5465642805488,-14.4574732574962,-13.7030547566523,-14.5573764128749,-14.7648014832723,-14.6027240445527,-13.9665894159751,-14.0814745413162,-14.4890466413283,-14.1826040100477,-15.3498516739654,-15.223314086821,-15.3190690958727,-16.2784287924891,-14.972827020934,-14.3580841911693,-13.881622839463,-15.5084469778032,-14.2161185998375,-14.0281575418079,-15.5416552649319,-14.4346114301094,-15.6899459185565,-14.8922372222145,-16.4018169655208,-14.9826432885458,-15.5758959961345,-16.0664379530856,-14.7287054275859,-14.5887757350475,-14.6113049925761,-13.713099414475,-14.470715492928,-14.6682860265894,-14.1434451352128,-14.366508592081,-15.0970423616194,-14.5075877346718,-14.6918989578443,-13.9063248164872,-13.5740919372001,-13.6713743926468,-13.2974074578991,-14.5148021258658,-14.2851570347556,-13.6241360233091,-13.9794366365715,-13.9025443486227,-14.3980199340715,-14.656694695305,-14.5229959714284,-15.7379292258567,-15.0045912614753,-14.7525575571852,-15.1019440333216,-14.7204241275925,-13.8501671882806,-15.6906801537974,-15.4895161356124,-14.5505727845548,-14.4031450320367,-14.505630709676,-14.6565273916032,-14.3500065021959,-14.0361969748716,-15.2419535146433,-15.1127298754058,-14.0169962273357
-7.8202137840666,-8.14906674669769,-9.34300853868485,-9.08489952515357,-6.99057127564564,-9.58796424821853,-8.01223695256598,-7.83282693864477,-8.84044247715648,-8.7569703341797,-10.8652556339599,-10.1345932536947,-9.01223703864951,-10.2894158597699,-5.73249923112729,-8.97374296828735,-9.58236541638025,-8.80182908861689,-9.10292373463018,-8.98315990133382,-9.74286599774887,-8.61568514695215,-9.36872951861197,-9.65275853108352,-9.07655669160299,-7.47407621767907,-9.21669378469194,-7.83707671854867,-8.34889729149192,-9.38661605564818,-8.24575765598251,-8.92262198646453,-9.67433274030902,-7.12811717198722,-8.85030611839552,-9.17596295188851,-8.96999295432694,-8.98373312883253,-8.42981171017509,-9.42577264497733,-9.75867904966403,-6.96485081008862,-9.19397313531097,-10.0288729922973,-9.39277192499307,-9.51716114868465,-8.8310177922514,-9.64589858384459,-10.9896304489358,-7.75632561045084,-9.49516121358514,-10.0022003017797,-9.15091083530229,-8.40969898071435,-10.7662012200028,-9.61650642426947,-7.70035398253913,-9.08753017409857,-8.05787655194889,-8.33249804947261,-8.47767830727125,-8.72633634557563,-7.88748327763681,-9.31220507876094,-8.15509059441785,-8.57150320122487,-8.8167311916218,-9.5871708689436,-9.51282004875206,-11.0767507916991,-8.76569457020166,-9.67497562314433,-9.01213862587721,-9.51072995994437,-9.25517220028759,-8.24525495701431,-8.83608253814885,-7.86560072089753,-9.39828848527588,-8.81161174261004,-10.4472378191306,-9.0965117989359,-8.32844038907586,-7.95443086916359,-8.83433953786909,-7.33833887132972,-8.80857201009706,-8.68027939006395,-8.82485145852308,-9.75229092048933,-8.93156881946004,-9.39842206282992,-9.77367249800088,-7.97737692958639,-8.04846655073854,-8.11731124314247,-9.8392423996152,-8.74915906606977,-7.07066919728111,-10.369365944843,-9.69007780214468,-8.70394317725504,-8.52863694631537,-10.3872374078527,-9.0990122079606,-8.72889303177259,-8.50424873839881,-9.48913893911523,-9.28588987216799,-8.40915048695071,-8.23055327353007,-8.93667008989152,-8.6883637494834,-9.45606492916413,-9.63280809084377,-8.57302624541522,-8.72475042730518,-8.65920073390197,-9.85880812889087,-9.27912027753512,-9.09645818943391,-9.68007095780232,-7.85705166127956,-8.68213393265009,-9.84629509222145,-8.77446882629172,-9.62302227271829,-9.41694954208211,-9.11191808868937,-8.89866115280689,-8.4470887424482,-8.90922304568613,-10.2797303212413,-8.61992861155596,-8.38589257962601,-8.93800806792357,-9.30283407117326,-8.86372744132873,-8.49505050921655,-7.88201827149117,-9.47447112889778,-7.9185271171496,-10.9100093528934,-7.76362133573413,-10.050416619042,-8.60468782995341,-8.70845384354992,-8.77222692870359,-8.98838530671501,-8.88450833462373,-9.82693378025694,-9.48197940182414,-8.79555443840265,-8.53137554360165,-9.44349270618076,-8.75450588753591,-7.93676246388583,-8.28851762355811,-9.42556303259386,-8.54087989980186,-8.85116318336975,-6.7693562626221,-9.02597602210946,-8.87931930554177,-8.75549930882433,-9.4529539335208,-8.81508778270402,-8.35977165740489,-7.34310986840762,-9.88082561199095
-8.88616200987293,-8.98153870632896,-8.90639044000972,-10.1312463129665,-7.08939755250097,-8.95042733118924,-8.32974884228803,-9.01740383193029,-7.69427535700574,-8.51690001665043,-7.50946281331223,-9.13509495746622,-8.65263752515439,-9.28744529703765,-8.42313655643369,-7.93935806332787,-7.07463860958843,-7.8079421341287,-10.6983124274432,-8.24331684479354,-8.13629380224696,-9.23026695473355,-9.62565569029253,-8.71323983758148,-8.78648234411245,-8.4626280719151,-6.18752268412939,-10.0748954294114,-9.88906883781179,-8.27535829300306,-9.900373973718,-10.3588817153877,-9.78322704727034,-7.43640454682571,-7.49556580144219,-9.88415933622374,-9.39855542403764,-5.82952770665888,-8.75612972003857,-8.09802906409963,-8.94328035503799,-8.94639063680851,-8.15145167690017,-7.75352004186539,-9.2889887258881,-9.19750295256013,-8.11758853404219,-8.95326778561118,-7.23106157913979,-9.12278026038691,-7.07017046968554,-7.64874680675384,-7.41832874892481,-7.67948046641074,-8.23610774906747,-7.55819681568114,-8.43289621436044,-7.55115649017314,-9.92662441635329,-7.71505052474551,-8.08262539458009,-8.48693502384253,-8.15701068934427,-7.82254379416877,-7.78410920071924,-8.40203314069753,-8.01768070121198,-8.42121321389884,-8.14429990505862,-8.83276306656296,-9.43400570016772,-9.38954992797753,-8.95439689997018,-10.7513788083592,-7.90482243700571,-9.61143772013713,-8.70851610155258,-9.04219660618778,-8.63025226433282,-9.50046420432232,-9.64618280721371,-8.70604725794167,-8.38603301756342,-10.2389883273745,-9.87623435211571,-7.65150821759196,-7.77805079271999,-8.75451155511112,-8.73371327350215,-10.0553452665574,-10.1459303744046,-9.36822721772928,-11.5076116727579,-8.26447875151338,-9.01451714651922,-9.52921325665034,-5.72434918340455,-7.98518258708665,-9.66613871505157,-9.78073973142243,-7.90426927100897,-8.36373371682737,-9.23456247496676,-6.61044061019341,-9.18896142884932,-9.24965980978383,-8.20827532878426,-7.76115868867777,-9.78776441838035,-10.2086518991625,-6.87607344039458,-8.39910324398772,-8.13216615265745,-6.78192856721544,-6.55183275144412,-9.12949434872161,-8.85062996993897,-7.28152283479695,-8.9412495030809,-9.19118176335203,-8.54999198856625,-8.59892913188204,-9.27195080564804,-9.71295416589995,-7.22436884636176,-9.24572938517773,-9.95291024538076,-8.93565005314164,-9.50151754861897,-8.5534330046814,-8.73754809311807,-9.1979321087876,-10.71264094789,-8.04108381243697,-9.8278112899206,-8.63492975337283,-9.01467752260888,-9.19084333031454,-9.60666290991682,-9.3356701293985,-9.03862013837677,-9.22334815709269,-9.36464410800867,-9.18728251677667,-9.29353481846122,-7.6039253183847,-9.85685973846775,-8.36603647174533,-9.24761534112672,-7.81358259118668,-9.02689897025176,-8.22836352273793,-7.77461977573057,-6.24001782615917,-8.92723784122037,-9.05388747667698,-9.74989781433843,-9.41713558906022,-9.15722624829345,-7.70619931206985,-7.59911342716704,-9.51752097802704,-8.56925217503428,-11.3938316640354,-8.68428369273455,-8.50303598243207,-9.22716274319794,-9.25394914325096,-7.52079427841189,-9.14768683557779
-13.7214080619939,-12.1475358141606,-13.2206868588252,-12.7398990222997,-13.5809532571663,-13.7189081200827,-13.2163361200286,-13.106802408956,-13.1165498761044,-13.5932986989993,-12.5222094451364,-12.5060429634767,-13.4340369117603,-12.2415397545819,-14.0075338408043,-12.8065912412013,-12.5101464095691,-12.8172564571544,-13.6014266293945,-12.7813101237368,-12.3117110841689,-14.1764123980142,-14.0702126961213,-13.5614432121646,-13.0208733479913,-13.1201163681343,-14.3907844218083,-14.3904374646809,-14.362306313864,-11.6116815076689,-13.5765795350246,-14.1298060883738,-12.1323159795509,-11.6915260727042,-11.4608758324103,-13.0812301289943,-12.6596838127847,-11.9360765016981,-13.0740261059899,-13.4381569805111,-13.1042394262125,-13.9952081746039,-12.1266681294136,-12.0265345172112,-12.3679814738217,-13.5458664431806,-13.0424956998205,-12.2349858510836,-12.4652401343938,-13.9363971891821,-13.9969308339332,-12.435593510049,-13.0140059727124,-12.797632036507,-12.0795468739841,-13.3819080067713,-14.5494530485022,-13.577307746377,-14.0563415672186,-13.1987020718496,-13.0720675280078,-13.4611878453699,-13.8137725195474,-13.0288750326454,-12.7384165537656,-13.4381056701661,-13.2995309620316,-13.0669848962282,-12.655433329307,-12.3999517351385,-12.8909359163159,-14.4756860004405,-12.5704608596005,-14.3649991480857,-11.8742443723116,-12.8192805069937,-13.0880978398193,-15.0279223983475,-11.0859546012416,-14.0646928020506,-11.891080114971,-13.564168956601,-13.5606026379508,-14.6915273181148,-13.6463082203941,-13.9300708096769,-13.2688695501807,-12.7709432436834,-13.2756911027964,-13.0227197532417,-13.0638475755629,-11.4806885317579,-14.1232670884913,-13.4185146646137,-13.1955682103375,-12.9890657662201,-11.7236834156658,-12.9788784952675,-14.8846920878243,-14.4293337196665,-11.0101934360727,-12.9040655892376,-13.3063329826857,-14.1429637566021,-11.9303362399114,-12.7255669442248,-13.2040201168453,-12.8348303018942,-13.6406794933599,-13.6116696659345,-13.5594205958464,-12.8206773588429,-14.0834630491481,-12.8092745732656,-13.2974836103972,-13.7494241698898,-14.2644867235373,-13.2033376725089,-12.0708024533833,-11.8074676297271,-13.0846636132965,-12.7973000326824,-14.2187300692145,-12.6309385064667,-13.0645440553951,-13.6003757229509,-12.9121831559359,-13.7521061538979,-13.8106248244263,-14.0390637801731,-14.3755058196359,-13.4042954978853,-13.9139647123672,-12.959689725533,-13.0070309813909,-12.4159409919265,-12.7207739194273,-12.8271198144109,-13.3151399783532,-13.5498516695149,-13.6842441278675,-14.5164249553204,-12.8702452996384,-12.6633114889857,-12.5159747128213,-11.1688761073657,-12.7740608461198,-12.7032978710885,-13.0492549048095,-11.813171614199,-12.7024448254936,-12.7147538882703,-13.1769830450865,-13.592149132993,-13.5313555775251,-13.2715363124903,-12.1639155967651,-13.8508261471534,-13.6655581464337,-12.9058641921568,-14.2350761484788,-13.5133121789767,-13.7181804257829,-13.2917910140759,-13.5811354029185,-13.2410352584805,-13.0278672649551,-14.7672414160053,-13.5664694114278,-12.2489750353804
-8.00422413291777,-7.63346160144781,-9.09822578819275,-6.16441499843651,-6.94758178568213,-7.62611937886882,-8.15793547513803,-8.10467120881938,-8.94589605709712,-8.63137179116631,-8.90675095732436,-10.1328588934907,-7.46597272193938,-9.10347115155666,-8.98403227058261,-11.4307128897208,-8.24173032478695,-7.15934382817647,-7.14550990324798,-9.05337562484365,-6.55857860120899,-7.34978137439545,-7.45832951698983,-9.00146867918343,-6.46506217631732,-4.15559335815649,-9.68289387886044,-6.87265680903363,-7.19482242778772,-7.72440800370258,-10.1787657097205,-7.77209328889993,-9.45732478584965,-8.51825980734721,-8.66115771897396,-7.71150455094198,-9.16373409327461,-7.19066241695575,-5.52458321590725,-7.06094428812156,-6.09551434695189,-8.00514953088991,-8.29104014344664,-7.40730428362167,-6.95976771887942,-6.66742354505432,-5.57099541918221,-8.08201247826291,-8.76426116702963,-8.9049698711945,-7.55209135226008,-12.075033154876,-9.16928447740168,-5.92557595933474,-10.31784354784,-8.24550914411746,-6.24559891750736,-8.02021667022016,-6.46552281767208,-5.70380005125916,-11.1365273767401,-8.85854045555592,-6.12791604902939,-9.18554548716629,-8.52529484880073,-5.83808347489314,-7.88546200160369,-7.26325751848858,-8.42174045294547,-8.11573962055864,-6.85237778137722,-6.75652360771464,-8.32947251817409,-8.56794464384682,-8.02382134778908,-6.71933475657214,-7.6751003856456,-6.32878109964937,-7.8330769088895,-8.14591721328925,-7.09174440376732,-8.55499001605762,-7.47427810005209,-7.03399758833429,-6.02394194280621,-8.27007344578733,-8.46505844685612,-7.13046640886365,-7.94090637669726,-7.91141605174437,-7.62311523771974,-8.71709013131281,-5.46639686988952,-6.6537235722705,-5.80696049847714,-8.5551092721484,-10.7296203278782,-9.62815591953125,-5.46333612830994,-6.18056406962767,-9.85969488266233,-9.97947335824995,-4.02023990258732,-10.2748637095163,-7.38785042865142,-7.32446365776531,-6.95284301132212,-7.01422739628298,-7.62336251062675,-7.37646919446663,-7.45249090108427,-7.64196610943461,-5.48999154388137,-11.5265670846713,-9.01290266390912,-8.70483841589589,-6.79683146146486,-11.3515467209206,-6.65701998210174,-8.43105990564622,-9.0952701432031,-8.91343284770388,-7.65321298934894,-7.70456015316385,-7.06772303719052,-8.14826692626578,-8.5451755177595,-7.0735651513696,-7.05679921579793,-7.8482854318771,-6.92448438385248,-5.99491174291714,-7.35546103598583,-5.96580607283519,-5.88601264383807,-6.98191879609749,-7.22476971342822,-7.97859243553848,-8.95559091613681,-7.42142868729921,-7.24344646096403,-6.18627337631571,-8.90150259253597,-6.50529609122202,-9.46049424580722,-7.50069318791713,-7.44913979787081,-7.82305568325897,-7.07946482661946,-8.82525337464545,-7.03351186051589,-8.07860705824507,-9.28826926453732,-8.83175173954143,-8.87746381258999,-9.71842136685393,-7.62979293591096,-7.89949058146353,-8.88133513988089,-10.0035278201611,-7.73475097684493,-7.90443281393389,-6.46690264565611,-8.88939798666616,-7.72445073961157,-8.69196450142834,-7.2602140047718,-5.12414424384839,-4.98022025139042,-7.73596660030473
-12.1915397018961,-12.4025354239299,-11.6949215357301,-13.5430762063051,-11.9492601239849,-12.6761067393644,-11.4818908306838,-12.1881656674175,-12.4264151299861,-11.7057045548224,-11.8514384566068,-12.6144283222704,-12.3374143985544,-12.5530001991886,-12.7595254074125,-11.7257588702301,-11.9524485874247,-11.6823545404813,-13.0410037064706,-10.6088018079236,-11.6106288756968,-12.6620627925914,-13.1144550464368,-12.0446455108648,-12.3668756053896,-13.3021720282068,-11.0780145983859,-13.5326397297057,-12.3607431350651,-12.1293271650656,-13.5342361307299,-14.8975445264942,-12.2949009473036,-11.3341324675166,-10.9993560150003,-13.4666260756163,-12.8697106628047,-11.0516993610641,-12.125249358018,-12.6950086652973,-13.983546149645,-11.208221752945,-11.7128076832104,-11.3055200216878,-11.7248012206962,-12.317294366172,-13.246348622308,-12.7607202577463,-11.373717836115,-13.3526018048397,-11.3302449352153,-11.6547105190646,-11.8362378334475,-12.6265379854307,-11.0295646409262,-12.0055492459798,-11.9869767521568,-12.4424522382777,-13.9412307663984,-11.558705506012,-11.9190859613121,-13.7744439413895,-13.3733838574187,-11.52952000003,-11.9747090237973,-12.0841007330561,-12.6187169499566,-11.3911913123029,-11.6439495910387,-13.2423580232472,-12.7266865380547,-12.3401380991838,-12.8893963802077,-12.7230335917013,-12.5332876369658,-12.2597542464298,-11.9445005551034,-13.9179607040458,-12.4016312140794,-11.3774899442293,-12.1873650000672,-12.4733959983186,-12.0394744140713,-13.1877299438869,-13.7034705638368,-11.0396202769756,-11.7760293793841,-12.9882770029627,-12.5794131787702,-13.6179645962998,-14.4462350428176,-12.4996526804332,-14.596369994662,-12.1252903971062,-12.6923428149407,-12.1200590319956,-10.4200336889535,-9.30234777987862,-13.9134729598833,-13.3329061800087,-11.3139862929737,-11.4776499813916,-13.229236965828,-10.270704579699,-12.5089850345354,-11.7135998353724,-12.094227530521,-12.7305536395105,-12.065333208723,-13.4606836263915,-10.3669970887878,-12.2476654590984,-13.1778762161409,-10.3458758844601,-11.2432870420283,-13.4812265111209,-12.2902371931035,-10.5842582753843,-13.4338103328646,-12.099708368758,-12.6838417523879,-13.4781908369047,-13.3659423985639,-13.1576730179831,-12.2224654389118,-12.9457910017405,-11.3792682515187,-12.5450802933941,-14.2305868343992,-12.4968740097122,-12.6861923178204,-13.120698000912,-13.0353632310282,-13.420677291713,-13.0819406647256,-12.6731361662378,-12.5833934162826,-12.5594932062825,-13.3328401337497,-12.1618800603671,-12.3752042909414,-13.4100856808142,-12.3280459710409,-12.6207436386719,-12.2583453420761,-11.6278368619612,-13.474984363211,-12.0649699202804,-12.9782350708717,-11.0153990798701,-12.935816225623,-12.1387783227617,-12.3203693611849,-11.4480355604421,-12.2536474228541,-11.4307455888912,-14.4704339927824,-12.9177236835002,-13.1347506901031,-12.0903794994308,-10.8376682012385,-12.6218905035006,-11.7735188363554,-14.0821309455408,-12.5638326517945,-13.0203235418466,-14.1158258053611,-13.3474146668275,-11.4766863861717,-12.6270859176154
-12.6957653180009,-13.5556542169832,-14.2342174736798,-14.1765562109746,-14.6937343187415,-13.3406545916132,-12.3350254209931,-12.9233683488459,-13.8362702522683,-14.0977465600925,-14.4197932668162,-12.4702266599725,-13.6158139600972,-12.5282975747706,-13.1857992344335,-12.1969360312108,-12.8453404635053,-13.9300407854026,-13.6164022318018,-13.9039708538851,-13.4363996631041,-14.0427170285683,-13.1140834326341,-12.6228718044372,-14.4637333011767,-14.4431632979218,-12.1204173441667,-13.4425623101738,-11.7538926840186,-13.5780027399793,-12.5077563056003,-14.3066313336192,-12.4949297030737,-13.154870300331,-12.573735790471,-14.0277391639221,-12.1680880262801,-13.8295218284313,-12.4874472095814,-14.9589072117917,-13.0597944573569,-12.6933153175568,-12.9040818710865,-13.8697389341643,-12.3701336447409,-13.329111212855,-15.0041751919706,-12.7788898033465,-12.9723226582875,-13.2237339314095,-13.672454635504,-10.9452750276444,-12.8563153889155,-13.631736065149,-11.4799400217965,-12.9071633158967,-14.7968237039077,-13.3934865769941,-14.0474043835314,-13.1798811530002,-12.258195300926,-13.6539728785355,-15.3305238430819,-13.5327896494339,-13.503248975564,-15.6702057645793,-13.2013382186042,-13.3905294691061,-13.0719639719619,-13.4752278696993,-13.4865668678604,-14.3616226660422,-13.5268656016758,-13.2748554503188,-13.6448476545991,-12.8225095394262,-13.1956094071732,-15.9244312673083,-12.6623523791093,-12.8300179904587,-12.1925422794195,-13.4445275532891,-13.1784707651654,-14.762877922762,-14.386728055055,-13.0967192762953,-12.9706988763979,-12.0323085834505,-13.7033106293462,-12.5747581646339,-13.0941202364969,-12.0658898455954,-12.6822977912116,-13.2741011590982,-14.2205520189097,-13.26120155592,-11.8558650638874,-13.2785260137174,-14.8239690683369,-13.502724820155,-11.2834947735056,-13.8247021086697,-13.4887420410324,-15.1194758395334,-12.5112349204043,-13.6930415625514,-12.7055869211864,-12.697277354301,-12.9936896118294,-12.7710934188003,-14.9038266380742,-13.0049552756293,-14.0151985519618,-12.329114233407,-13.6085620476864,-13.7201913378851,-13.363003657249,-11.3767142403566,-13.919610077322,-13.815178969229,-12.3753127752269,-12.6468564772224,-12.5582525308271,-12.3323195940819,-13.708314195311,-13.6215960106441,-13.4177659284736,-14.3367457716179,-13.6416784848832,-12.5145973223561,-14.3157459835131,-13.5496480694034,-13.890358618072,-13.6243406247225,-13.2725571706889,-13.3417058221959,-12.7568042087212,-13.4142548709517,-13.0370580381985,-13.8297294497849,-13.1023597751238,-13.994256378475,-13.1844321302111,-13.3078640534057,-12.5933221309978,-12.9125063281771,-13.4496395097919,-13.0482873341711,-13.6918325598146,-12.6332136849474,-13.1663004067644,-12.9131984849804,-13.3270746462666,-12.7459077930118,-13.5599975486285,-12.1584490408523,-11.9141520150599,-13.2396036161058,-13.5333079217858,-11.9512749625863,-14.1357008775252,-12.2340313349011,-14.1262984249572,-13.7259770520456,-13.2217324099369,-12.6711492241007,-13.3830364929023,-14.5246306937039,-14.9712419680366,-13.1205524562074
-4.96242531374837,-5.40717632274225,-5.00601533705587,-6.123119843262,-5.23417235774017,-5.63383880813217,-5.11430498655456,-6.24956059418656,-5.3337316549031,-6.22328473484705,-6.59009775960334,-5.99766669198664,-5.39715531925922,-5.39408695704861,-6.95672547203451,-6.160939697873,-5.99097175718677,-5.91657634385267,-4.46585270579082,-5.54820882620805,-6.28328893890901,-5.40184703210399,-5.15782134666635,-3.34918631417763,-4.25813889665029,-4.46404878620568,-5.82748349833282,-5.1046388934832,-5.52281451924576,-6.6290916799988,-6.09727977550678,-5.7782527019868,-5.50162929886274,-4.54491039097916,-5.8644637925735,-5.80580580123604,-5.39123516559405,-4.44474738950085,-5.20167234637088,-5.37656964377389,-4.92484394629748,-5.56055329768946,-5.69446757859878,-5.26609643537691,-6.26107903601713,-5.33080238890507,-5.77086904267907,-5.34629844086607,-5.92431330407909,-6.19866881195435,-6.01542912682034,-5.23929936471061,-6.04860336350998,-4.76960606446192,-5.83868398220495,-6.63210240120625,-4.96676623402313,-5.44009676658484,-4.93511436441407,-5.83478884121044,-4.8756601408317,-5.81414681636302,-4.88378262566969,-5.14393577674564,-6.13572624356563,-5.64123709912573,-6.02082206994343,-5.7842075169249,-5.37707240504102,-5.22324863287445,-5.62219094448699,-5.26706538422339,-5.06654955201349,-6.46022254197837,-5.69159302524359,-5.74304323373705,-4.81528527285618,-5.19769602268349,-5.5670039615116,-5.816088452513,-6.28369987582229,-6.12382638468323,-6.13982861493668,-4.78313630898971,-4.68420512323098,-5.48617968107068,-4.80172465155466,-4.52208003271024,-5.81199699607818,-5.58559056938806,-5.92648484835263,-6.05630194787737,-5.77804878986246,-3.53030443627114,-5.07585449051521,-4.695687037293,-6.27513773391655,-5.46206997766224,-5.41956251048151,-4.91899048613743,-5.34993512485063,-5.91973040112102,-6.67681556070651,-4.25534978332513,-5.86436838897508,-5.05736464183192,-5.5008661140149,-6.02430104973898,-5.04436577203166,-5.32745973943285,-6.17737886042395,-5.35608678864811,-5.46875389566087,-5.30641563257907,-5.41227777725779,-5.49469811076109,-4.60373554665535,-5.78048521453339,-5.59666708984263,-4.70786066525442,-4.8879801912573,-4.61281415836649,-5.07727240948111,-6.83292907512224,-5.55705592594477,-6.23123288748638,-5.90841087407352,-5.73209729955127,-5.29489277273227,-4.41055082384564,-5.88725029265593,-5.17215029168052,-5.96411383128146,-5.30296224397493,-5.43675638020655,-4.85820351814091,-3.94463131388382,-4.86143128414554,-5.43134713870759,-5.12706987892839,-5.37807154422431,-4.76639709113475,-5.51648877040186,-5.88160478156321,-7.37220595914169,-6.10110026124232,-5.34161217228032,-5.07125795299974,-5.82343771760924,-5.98897076711835,-6.93730250594446,-6.04414786363388,-5.53480003084521,-5.29504849855356,-4.87046615068454,-5.75417399287573,-4.3799116509588,-5.54504079217284,-4.50623030808648,-5.57765664196798,-5.68089781923277,-5.43663909414301,-5.4564544838431,-5.50211863332309,-5.4018197758969,-6.10634642419578,-6.250814254969,-5.15632116788319,-5.27198770292527,-5.84205333913211
-11.5633799868787,-11.926941655306,-12.2329166756279,-12.8076071748868,-11.9322850394774,-11.937762883241,-11.5273085195318,-11.2258523720966,-11.61857152383,-11.2906998437355,-11.7999604949135,-12.1307477936027,-10.5101607921998,-12.3486024577166,-11.5995420603289,-11.6439642939083,-10.8285836318942,-11.1742482779491,-11.6582025856648,-11.6637515034247,-10.8524624125604,-11.5996956207217,-11.1887629335334,-12.301130203118,-11.1182942619154,-11.4466546663719,-11.5234186803155,-12.7044392594551,-11.6655311960715,-12.1906552465892,-11.8078301534426,-12.4996195848431,-12.5609500227185,-11.7977147933788,-12.0627193489397,-11.8255178652775,-11.2716146938164,-11.7739471615359,-11.5684581793207,-11.6058754864339,-11.838981716748,-11.8577041821677,-11.9781778599463,-11.1228803481104,-10.5159119638602,-12.0098307533044,-11.2123471990892,-12.2585270472566,-10.6892002606142,-11.8571920591092,-11.6796694351812,-11.3629241743174,-11.3788971556061,-10.94848068171,-11.8676018866263,-11.143274480662,-11.544471818892,-10.8217103597988,-11.8334834037613,-10.9546419698953,-11.9730789057742,-11.3071025201576,-11.1944739264696,-11.3444738780842,-11.3833539514952,-11.8737089773132,-10.1100204204677,-10.5760241118798,-11.3662024656619,-11.3878795833381,-11.4450174414175,-11.5081478451098,-12.0933990457969,-11.4926854924887,-11.7463601864425,-11.5801495360344,-11.4953711029376,-12.2671051351736,-11.9263535920524,-10.3623457823945,-11.2361190586037,-11.8890592516131,-11.3596882915761,-11.7814579603799,-12.0916035167289,-12.3005980178796,-12.0331947393688,-11.6200525168568,-11.7367095236982,-11.5747850047763,-12.103917123136,-12.1099521448066,-11.9118784130402,-11.3394423393792,-11.9778461881938,-12.6517438452164,-11.7882858836684,-11.8315230426097,-11.6085658351316,-11.8969356223824,-11.8258534636608,-12.2312719372356,-11.038633302624,-11.5162946936394,-10.7741601698112,-12.7437994148951,-11.5023373158728,-11.2130167517257,-11.5623340804135,-11.604930008122,-9.85099672735443,-10.4498049514541,-11.1087670774791,-11.8505224965889,-11.4629235707694,-11.8711652890514,-11.3533241551765,-11.4380847755777,-11.5995277290955,-10.7866175716023,-12.3813510198606,-11.4984038692843,-11.4399714410032,-11.484439061364,-11.1310400820306,-12.1972868324324,-10.6567025317738,-11.8367576330749,-12.1692122438311,-11.5497455715627,-11.4462572885585,-11.4941599792479,-12.4346055506445,-11.299149844316,-11.7758912016515,-11.3617342338639,-12.4522362778653,-13.2332577399854,-12.4801241174077,-11.3155244347285,-11.2191704046711,-11.9199984225828,-12.5240921305136,-11.1668754513523,-11.3512294873624,-11.6869218119109,-12.3178602381014,-11.8370006609225,-11.7192433729688,-11.4109058121065,-12.3920528113375,-11.353050694185,-11.2651694311328,-11.7315284704079,-11.853340177721,-11.5873506998524,-12.7907166321486,-12.4334080174376,-11.22988919622,-11.3469230167788,-11.5022308803269,-10.6396891600743,-11.9200088308967,-11.1838918897161,-10.9450955638461,-12.9558079704681,-11.4489477430277,-12.4967318795306,-11.0210284080186,-11.5078391811674
-10.5187847993579,-10.8309120224124,-11.4897989359905,-12.2756148685189,-10.5499293420185,-10.8026052076627,-9.32653905736165,-10.0417935063679,-11.2768071481463,-9.84301011487348,-10.3176417802749,-9.65570726881532,-10.5435540992656,-9.98292060015777,-9.85725884554625,-10.2534516423485,-9.642339550708,-10.6213996679775,-10.2698083368023,-10.6283820042817,-10.0515795668259,-10.6411734920448,-9.69966209073176,-11.8005111068033,-11.5621876855191,-11.0533375166085,-10.119886491986,-10.0989266019595,-10.0394636663177,-9.51035322788303,-10.3833010807341,-9.89135047188023,-10.1016062654919,-10.3336351321773,-9.80441253771023,-9.72088910157574,-10.2683405330949,-10.4988208362467,-9.98437923726345,-10.9939610357471,-9.91342604107439,-10.5273923077526,-10.0831789119569,-10.4764527475845,-10.0881572122635,-9.88205582977031,-9.95245781124087,-10.3121522792003,-10.2802397500212,-10.2169238394098,-10.9946148020945,-10.3184052621244,-10.151837542698,-10.5137209084588,-9.40146119200739,-10.8204677415186,-10.8340431184356,-10.0337253973193,-10.59682826929,-9.16197791487468,-10.8325175445594,-10.4618870788069,-11.2645567463571,-11.2406158930737,-10.0550028506151,-11.8749183929596,-10.9494401314437,-10.1178692073092,-10.026029812763,-10.3340199946729,-9.8913713562713,-10.3913802442369,-10.7867597755633,-10.4177330158771,-11.1453438755221,-8.98729170018903,-10.2760432820271,-11.3550439428371,-9.77810725584002,-9.89890517762596,-9.36878756518436,-10.8572738728148,-10.0208555890054,-11.1991940225505,-11.3609963978828,-9.61021984533282,-10.9707822198859,-9.45071940237415,-10.7817213410173,-9.54683682269347,-9.91044704128247,-9.15216863762755,-9.88522542327433,-10.7177359689914,-10.3868960860889,-9.98302696747132,-10.2583470464906,-10.319379738627,-11.2433557856813,-10.2914156260342,-10.4617959335749,-10.4036567555006,-9.27745458397218,-11.3281283058407,-9.77702090418134,-9.52444416057977,-10.9056684066018,-9.73541791045852,-10.6182157144548,-10.2033948968243,-10.9170742267096,-10.2247297016905,-10.6142800117258,-10.2993203874576,-11.6545084128023,-11.253568974549,-10.7333009153293,-10.9798468476574,-9.71969335227984,-10.291221988149,-10.0053036191131,-10.7202830186195,-10.2825304415209,-10.3372337300083,-11.1568111806482,-9.94113036202266,-10.1311882950538,-11.0792975224087,-10.7448958863817,-11.0519357231048,-10.4540127314632,-10.5642566990767,-10.7219254620087,-10.2398266091808,-10.0567150962562,-10.6307238666813,-9.49653086248698,-9.70362531122779,-10.694778585902,-10.0744748932956,-10.2270408653601,-10.8531579255707,-10.5282996291194,-9.79493524960107,-10.1155990901049,-10.3208374956182,-9.37819017247614,-10.2599293609132,-9.78662442257958,-9.16418038551369,-10.3857370203744,-10.2010241152385,-10.5124563014221,-12.0155722765426,-11.7115027945513,-9.66632172085395,-9.8657640066537,-10.7658874324784,-11.1832408120436,-10.4039862554177,-10.4939473248636,-9.59650417457907,-10.7414346948168,-10.1197981490365,-10.3405933415837,-10.2092189229235,-9.9615989643991,-10.7358965888754,-10.0281728176887,-9.75558899194729
-7.82676210038294,-8.22375391072289,-7.50272371468308,-8.08494463072215,-8.53517118478077,-7.76175051926828,-7.67872984284518,-9.23421826761308,-6.46422716526186,-8.97574576991872,-8.41102934291692,-9.59927242132472,-7.09962266705306,-8.58171230490691,-9.0536431160827,-8.2791963651904,-7.56478521856237,-9.36644016176922,-8.16847928895296,-7.07522043005141,-7.66566189276309,-7.53199666996286,-7.8197419615242,-8.28303477951379,-8.03570326502444,-7.22913979205275,-7.4532685244385,-7.7464952042443,-8.49655368348979,-9.13882464765871,-9.12701274618488,-8.18004605637116,-8.20750235988692,-8.20417047097065,-7.86697779825585,-8.71520980171321,-9.71129804695775,-7.90687113271313,-8.01041688616863,-8.35529175267403,-8.89180271869564,-8.83599532502862,-8.06324226977054,-7.41445236717921,-8.22596332022706,-8.74684488716607,-8.96909653284357,-9.5760506002591,-7.82109952107229,-7.14032167432093,-8.22728475724009,-7.49862463722307,-7.84591834212785,-8.18544436348363,-8.85400040202407,-8.25440750350153,-8.75031975156186,-8.79871543344015,-7.88304653679347,-7.88878112496638,-8.4367559789407,-8.2911041940226,-7.05046167081998,-8.09539803838028,-8.51843961931958,-6.39082013837807,-8.92442861454084,-7.57006452512081,-8.4860253967393,-9.63350411339237,-8.45743324311632,-7.02663705183498,-7.15603840847302,-9.91051662370303,-7.68826421704424,-8.25572408980175,-7.4431270111168,-7.70672263464488,-7.75293635752107,-7.87268234809482,-8.77398202823425,-8.14593561552932,-8.87250224603723,-6.55945152453914,-8.34498135789495,-7.56883053602848,-6.29626647592791,-7.28704016957412,-7.31915198604523,-8.59969252563309,-8.17413926102804,-7.78277718332351,-9.42907781621548,-6.62987340937023,-8.49435783957545,-7.23841372421128,-8.18550471269233,-7.83591709837246,-7.19977216162688,-6.9699402825136,-6.77370163070528,-7.56375785532651,-8.44108330031165,-8.09999719713757,-8.09933716234952,-7.46493347822376,-7.92000065748717,-7.56123639705902,-7.64502394414704,-8.36594054282822,-7.64980931255684,-7.6737264895021,-7.95317169475587,-9.05440115926776,-7.62061830033631,-8.30940990309938,-7.43930960238908,-7.55443271906783,-8.11496396275349,-7.49579216704559,-7.36868004980703,-8.74977364861043,-8.07781363186358,-8.12512661178022,-7.9434131431994,-8.16565433187048,-6.99394142762416,-8.51218578922795,-8.08428987795422,-7.81880900415321,-8.04552940616417,-8.03936234505973,-7.42896506134095,-8.19889326642506,-8.38001083127826,-7.41530166063799,-7.77709212042651,-7.52504138909288,-8.47858173021242,-8.56798707270622,-8.44444927084423,-7.30654690372173,-7.5222177260439,-8.07269592272332,-8.40221829334624,-9.92696820197074,-8.33416725200978,-7.04029421279148,-6.51393740023395,-7.64444477079791,-7.56151700150559,-7.80083901995997,-7.9635159694539,-7.18369070711065,-8.13205860152803,-6.92118764022413,-7.208015130958,-8.02862158190791,-8.21098463721119,-6.90372454706125,-7.94571331505461,-9.14987975809689,-8.41233155761789,-8.33590606477467,-8.11197762869509,-8.57237690123549,-9.05816952669074,-9.60347856434736,-7.93937443447277,-8.37851506491897
-10.3020789372136,-9.50512276378446,-9.46460837389552,-10.6300893280324,-10.4182160206333,-9.28287516815115,-9.03768534460066,-9.01223773640349,-9.70751235915593,-9.13297000907527,-10.0249638737599,-10.4578454181092,-9.54022380747534,-10.5286490792799,-8.87936106495306,-10.1271685963108,-10.0831377192378,-9.27524903202187,-8.46249377847321,-9.13347044225062,-9.72752735446105,-9.7792302922694,-9.33327750363376,-10.1165404657187,-10.3640898429128,-9.4236029858387,-8.90656082151814,-9.56762627320863,-8.64755286660666,-8.60898988244681,-10.8053848102318,-11.0406259150117,-10.3731665018325,-10.1928211675897,-8.79670565093292,-10.7287295623474,-10.5365906325755,-9.58636107981992,-10.3277501993663,-9.23836736109459,-10.3587268927081,-10.9533065307393,-9.93417236665247,-10.1055599087245,-10.1624023046875,-10.0454298969221,-9.24550460910207,-9.81413860328736,-8.96656728267843,-10.1959743597965,-10.1014439960453,-9.32073286163182,-9.82853580366631,-10.7744515988863,-10.0747106251343,-9.31126054444878,-10.0726851700556,-9.94505414410206,-10.4543394601942,-8.50708009850836,-10.0887763504709,-9.37970179859304,-9.76451287351582,-10.6582017993377,-10.0649023918042,-9.81052318994404,-9.34584010005897,-8.38505659354238,-9.08210744698999,-10.6786074888499,-9.11313478621625,-8.68800691466076,-11.4527165471329,-10.0992872513009,-10.1976930986921,-10.374804126644,-9.91668178323068,-9.79753248227821,-9.77088667453392,-8.70445219064638,-10.1530382464707,-10.1135101459139,-8.95552793937896,-9.23888667339003,-9.78698404818238,-9.43546181269192,-8.98182964532937,-10.0082027752382,-9.98702650728465,-10.8429390270101,-9.96817944740369,-8.53547359814192,-11.1863628452801,-9.49587678082881,-9.77891743071961,-9.22953235898943,-9.59709485958685,-9.41913908581999,-8.58851750929383,-9.34659303983272,-9.50868441344451,-9.86324800950014,-9.34503516740549,-10.3565850590419,-10.2461664527381,-9.31511779672668,-9.60179826778466,-9.21631404048489,-8.89071796854663,-9.24282103186719,-8.56167665143582,-8.77811779178907,-10.3417505753604,-8.90676288694923,-9.57217214330144,-10.1852866776654,-9.70394829815217,-9.45996575017083,-9.07172160274141,-10.0334588547585,-9.71538240442102,-10.2743964446283,-8.73268978504328,-9.87793990759622,-10.2721687316746,-10.3044972054309,-9.6159489253064,-10.7719752426173,-10.5462645284133,-9.88271142196714,-9.76853679625291,-9.65999595741064,-10.2450186534476,-9.34865506270286,-9.83184820601038,-9.48776653553469,-10.0384886014133,-10.8744157215868,-9.83095956984393,-10.2111641467283,-10.0438743181839,-10.0514763485763,-9.24997936907679,-9.69768206812725,-10.180305116905,-10.7898591832721,-10.5379900181857,-8.59439506711174,-9.53367933187099,-10.1001438652874,-9.55228848194279,-9.87344365546779,-9.2030035651261,-9.34022423678331,-10.1121071837133,-9.83876553467327,-10.3580880704219,-9.49827564036072,-10.4025113073695,-10.3309495187653,-9.54035128430392,-10.1738195338945,-10.0593100585782,-10.2262102470199,-9.41604691693987,-10.3770534714463,-10.3008413854111,-10.6028651811447,-9.81280918319303,-9.10986948998749
-8.50435021566834,-8.05465230776882,-7.95150578226824,-8.33524021197022,-8.53004225462943,-8.70798321668179,-7.80691740885995,-7.5041398671278,-7.69758194545297,-8.30927413764705,-8.14882834133944,-8.1779101167746,-8.33097921186981,-7.49402453560697,-8.03517449668038,-8.86727880709726,-7.00900558380907,-8.09793234190487,-8.20698095284299,-8.25884337459617,-7.78541562770214,-9.19214261224237,-8.43299265549041,-8.61074782100904,-8.40967152353156,-9.08821971903941,-8.25254228216597,-9.67021792272346,-8.76902455621731,-8.3041916263057,-8.18972731039513,-8.06858161182673,-8.18556036475859,-7.14285747583411,-8.01352983491513,-7.24742386837653,-7.93796947596348,-8.12796263619699,-8.06178222641134,-8.61938682461199,-8.57453332336375,-7.36970416723323,-7.21623106148146,-7.7798103821177,-8.14979282924451,-8.18185774972877,-9.08832615786892,-8.23186572492478,-8.05576022917037,-7.88892119049308,-8.14995642044827,-7.50258268197155,-8.23502943474243,-8.28561909484558,-7.33736572027949,-8.47665764167892,-9.22879873204884,-7.5133388254982,-8.22882446588926,-7.69221299558779,-8.26666937456703,-8.18175143965938,-8.56342365107812,-9.38287141303268,-8.15817285124642,-8.87192265557227,-8.17862024324272,-8.59816964364814,-8.03240380967854,-7.63665913134303,-8.01841076110342,-8.36336838823192,-8.45101758361454,-8.13756740842612,-8.24159679343695,-7.23401780781551,-7.84451951407908,-10.1234236922737,-6.85448551595718,-8.64992634529774,-7.45674200310676,-8.25188317095953,-8.78885570900293,-8.70883962577063,-9.5337540654197,-8.37564616059622,-8.380319937532,-7.43964373155633,-9.04679427985497,-8.11540895140836,-8.34587426775213,-6.70253758296692,-8.0913121666552,-8.81522820942082,-8.50997181489051,-8.41062301707928,-7.3783968837159,-8.53692513556862,-9.53356736291232,-8.1386706292663,-6.44325813612681,-7.60214076137931,-8.52499365581969,-8.71355424434558,-7.56741534174744,-8.6333547350799,-8.34004040803256,-7.98835798717991,-8.50583557666602,-8.01679017136645,-8.72013601582236,-7.70966557492139,-9.4433450965444,-7.76317290657226,-8.9110552027051,-8.9600134705318,-9.17718504640689,-8.73575552495892,-7.74803682124421,-8.02805316496234,-7.74526170635816,-7.99926881690339,-8.24651527034675,-7.75641388498788,-8.38075256494439,-8.44067480244376,-8.64928951789013,-8.72148028713144,-8.86190933738047,-8.21106612621713,-9.10581033990192,-8.40713240610371,-8.41619674745016,-8.47281218717828,-8.22928562929283,-8.19110002780044,-9.23934705504582,-7.83085025613022,-9.08845296397838,-8.25197818876182,-8.25732596613892,-8.07406188379115,-7.92288458718137,-7.91771898941559,-7.83890779020286,-8.63678626937907,-7.34226319411962,-8.36398035345651,-7.93598095466163,-6.76303543199518,-8.29657486016566,-6.73033490207642,-8.70142534798674,-8.83678363727772,-8.21644002137492,-7.49812388981892,-7.99176010214968,-8.42428829050582,-8.68308822453025,-8.23362990373917,-9.03273595932618,-8.06724829343351,-8.92696336360696,-7.98790299700676,-8.48616194851045,-8.41412186218356,-7.52866272046328,-9.14790093219782,-9.28491367764508,-7.81684091322644
-7.91241225829634,-8.93881682811845,-9.2421969058429,-8.78877232697117,-8.85968888402431,-8.95279468276214,-9.57189961749073,-8.21608849335113,-8.81105520638859,-8.58869646323804,-9.0893522999635,-9.56391505254495,-8.42491590238054,-8.7770970571462,-9.01435624726357,-8.25249576735772,-8.23476483040008,-8.94530013473052,-9.09416504062673,-9.6968476316728,-8.67505293247624,-8.85128724694981,-9.88190508192902,-8.03429519937155,-8.01968212758323,-8.22915006218994,-8.13657621694521,-8.90492326746963,-8.57681501043783,-8.88298551745326,-8.00038087817207,-8.31758029967435,-8.67637892824729,-8.54607712264125,-9.32921462569026,-8.84257724191256,-7.92680201385094,-8.33827204467189,-9.14077657825034,-9.04954525588108,-7.92990327308564,-9.16512806614203,-7.79814912180299,-7.92318189760534,-8.25957769446936,-8.63761190192182,-8.57111594013198,-8.43966761327638,-8.30909530062878,-9.4124212994973,-8.46795777760365,-9.89877000857158,-8.21658306531068,-9.13455480945887,-8.97590722747094,-9.49759237693702,-8.46914431065398,-9.26823312859577,-8.62271423653508,-9.18683035253316,-8.64473440137371,-9.0993638542174,-8.18450285675209,-9.01543695636952,-8.60419476904101,-8.66612299149708,-9.47682747787825,-9.47123431470931,-8.97612565358363,-9.28711977775027,-8.38687948729535,-8.38991478745131,-8.47270825010636,-8.71653231238845,-7.94396737960315,-8.77852478487954,-8.829569651231,-8.46952550240886,-8.61818996513076,-9.04930970353042,-9.51615606776283,-8.18557255129417,-9.79560032503668,-9.0546372117639,-8.39769154949667,-9.19159996945048,-8.12281429389919,-8.5488176004449,-8.8743382009173,-8.4645591114018,-8.74086358694194,-9.81352078302595,-9.87088097983677,-9.58716261242691,-9.07627311400169,-9.33049277458592,-9.24475963276529,-8.72670926611483,-10.6162937945096,-8.65273281528957,-8.73817152337041,-9.46581954370781,-9.50599042667893,-9.01665750435623,-8.5840959381266,-8.71493043386939,-8.79190568246505,-9.32035894960852,-9.05125440081779,-9.68436293310758,-8.91100800200245,-8.16609240237489,-8.83003399636697,-9.04219202495636,-8.66122699870884,-8.48634204221189,-9.30911782156437,-9.178161620595,-8.47657976123449,-8.16816868686069,-8.42055130229495,-9.25514745575344,-8.93209311909385,-9.50814953259202,-8.73385590280095,-8.97591512606572,-9.32751434604369,-9.10815354046377,-8.82634040317383,-9.1452842533587,-8.81753840993432,-8.46508489752764,-8.79707549678582,-9.00845134098735,-8.84976924140036,-8.30908154748641,-9.16331787829982,-8.03916944160055,-9.36542329757302,-8.71349205848999,-8.94355294234252,-8.96598785353204,-9.82210958195753,-8.86147885768068,-8.7229422320224,-9.15577781586995,-9.72942035490349,-9.01162336275937,-9.64858394627614,-8.12742025451367,-9.60148053074525,-8.54432893410262,-8.35531700210733,-7.97494821177163,-8.89740181597185,-8.99490104243333,-8.32036792349011,-7.76661835844867,-8.34213519142425,-9.33288579175496,-9.29510485579874,-10.8060814943659,-8.94452372527548,-8.46977298341743,-9.2175860413394,-9.7990852166882,-8.72937631404703,-9.04193532850279,-9.94893185756426,-8.65252856582425
-12.7058350785183,-12.591780439779,-13.0641188346262,-14.5310680652185,-12.6052696946552,-12.740064129918,-12.5133983047683,-11.9378120190296,-13.1297418151597,-13.0901706288158,-12.7824127789509,-13.3640706559862,-12.757966485478,-13.0044599910484,-11.8113115973301,-13.5293684975467,-13.0943858662307,-13.2826824558487,-12.1288783448673,-12.6061048290137,-12.8733680215612,-12.5258335295404,-12.8780403702068,-12.5989065856582,-13.2260052089965,-13.0756721007385,-13.4126532738793,-12.1658863865001,-12.0222419642623,-11.8405361199072,-13.3172828052443,-12.6900716248302,-12.3809088729577,-12.2073122952312,-12.5913867493867,-12.3450566039448,-12.5313907181699,-12.507103669469,-13.5541802571054,-11.9900121478662,-13.0215520467457,-13.2614447409648,-13.2409049007767,-12.1590703845706,-12.5481294508854,-12.7568768552894,-12.9889802909439,-13.3687156853245,-12.1968905292888,-12.6802565591904,-11.8533367682716,-12.3009574699484,-13.2728851278892,-12.57539976891,-13.0084471623494,-12.4330298429079,-12.7099203651641,-12.3301353632679,-13.5512176760559,-12.4348435205618,-12.2286559682698,-11.6387825013382,-12.8226544629074,-12.8704076552819,-12.7117013564538,-12.4156097987046,-12.317777542222,-11.1292405701335,-13.8564186941959,-12.0656681365231,-12.6988706692854,-12.3951900581026,-12.8107706075363,-12.8599769096813,-13.1330667903238,-12.2663279860486,-12.8380640014881,-12.6699510393527,-12.1954862158026,-11.9127188554921,-12.2642521556395,-12.9917399527307,-12.0865803215368,-12.8934763298927,-13.2014830650337,-12.271319474278,-11.923459738434,-11.7739736328402,-12.8915923858875,-12.5466807491041,-13.5797319745287,-12.2186312964385,-14.599500759422,-13.0769889145208,-13.3552667229164,-11.9635587179507,-11.6808144048056,-13.0934268398246,-12.9420219388466,-12.8681672068726,-13.0704426378381,-12.2040618766668,-11.9899258971854,-12.3638772021775,-13.7744233649566,-12.7061715473141,-13.2562101506706,-12.7105990460668,-12.5450457622498,-12.8626639016841,-12.3846298519809,-10.9388555622399,-13.3735887125783,-11.8892913767175,-13.9852160428663,-13.160721107649,-13.2443093440236,-12.3516736721836,-11.9740175502079,-12.901889135739,-12.5504661693944,-13.552529607845,-13.3830125978513,-12.4480841110166,-12.4752419775259,-13.3250319650316,-12.8904027289164,-13.5630569902106,-13.2084218509962,-13.0905212012779,-12.8931153734233,-12.6687852274861,-12.5680991996308,-12.407959570414,-12.8746644574396,-13.3112284450613,-12.938399908569,-11.7073604088127,-12.7491094763216,-12.9661115440057,-12.8971915777373,-13.3067505885165,-11.9648993512954,-11.3823111886613,-13.0354841546024,-12.8053509068181,-13.2884898751285,-11.9744012175024,-12.9993425490707,-12.3431337381265,-12.5788980401609,-13.4536499387501,-12.5239999480326,-12.1834101186918,-13.0391471878437,-12.4512832396479,-12.4240285283264,-12.6882303362278,-12.9660635937622,-11.7477881827255,-12.658580306982,-12.0895448066971,-12.5552162204858,-11.982781861181,-12.2455872724233,-13.0925450960895,-13.3329727063331,-12.9403659397387,-12.3088738578189,-12.5474246809017
-6.70385838770875,-5.09653100554207,-6.23878145836094,-6.55851007307852,-6.55323777043193,-6.36748959513117,-5.46721644965895,-5.28198334412178,-7.14145166110348,-6.49894539519191,-4.96351508106197,-5.24590968022714,-5.67261888883876,-4.9742964947302,-5.6067815183536,-5.79523887774296,-5.36015371237435,-6.23383803477439,-6.29209867405558,-5.7275633073333,-5.71884619575689,-6.38820483682921,-5.21449231573946,-5.50716652118,-6.64337334728473,-6.59621079408961,-5.62210098428776,-5.98170035278034,-5.55161482370001,-5.15625135870568,-5.14442185569272,-5.44763451698629,-4.07835313604159,-5.32449173563253,-5.13486806304111,-5.76458184014934,-5.6961923792337,-6.30054178682749,-5.94550975044718,-7.49813548790889,-6.01226413546928,-5.35751285657267,-6.24222150046581,-6.42130959400401,-5.46482371746892,-6.07062223414402,-7.01681651580457,-4.84850757519652,-5.71510737414825,-5.98759236398224,-6.34381834892488,-6.28446741407907,-6.2476693902737,-5.99193373140086,-4.38437656103019,-5.17377117110763,-7.11948735912311,-6.4275711924267,-6.15821873287028,-4.66630063541521,-5.54677049469018,-5.03254845049307,-8.85724493830699,-6.30492293018813,-5.78339645310977,-6.89302770081354,-5.39969662254735,-5.58304960335106,-4.90760163998619,-6.36469291958201,-5.66536228502422,-6.71727545515581,-5.5582417948996,-5.40056077382976,-6.51355601526768,-4.65675173550067,-6.24753746002765,-7.48940807389298,-5.21516930722411,-6.47690172453817,-5.02204007627939,-5.97921316549244,-5.91888405482348,-6.18852845221539,-7.43038170530434,-5.03917052294405,-6.35487412444623,-4.72693417846031,-5.72100938318351,-4.62163052196381,-7.00452068974333,-4.58707785458605,-6.18065733279595,-7.0257771198996,-6.87825794660278,-5.66663953506238,-4.61446442488933,-5.61632709810841,-7.19794837339283,-6.50455518279176,-4.15673045637107,-5.61612999986191,-5.64666374217274,-6.60629648705732,-5.05750395654904,-6.71606341444348,-5.44262122605416,-4.83054322457123,-5.64081524513066,-5.33779410238828,-7.54712661634769,-5.2467495154402,-6.77017268455125,-5.54265623671312,-7.37751998064903,-6.41966129291064,-7.23175357183335,-5.38559564254364,-5.48814772165601,-5.93235768592246,-5.1788445929838,-4.79721268180091,-5.20787591763234,-4.944707269528,-6.72667797565327,-6.21652981337952,-6.46636791706625,-6.63164557156111,-6.171768710269,-5.41321691329878,-6.26587564125685,-6.35071341117377,-6.1122553440942,-6.92709211414975,-5.71758144241103,-6.4703692088201,-5.03058222525142,-4.88506214568287,-5.69597542098465,-5.6987857196831,-5.85941773190854,-6.45165014501184,-4.72673457915232,-5.21539116376082,-4.63022593904284,-4.56575826407556,-5.49784215309998,-5.63690307937925,-5.1818357990651,-5.89297814180481,-5.29140819320948,-5.98894370487805,-6.07790935627173,-6.98937206819697,-6.02817244492685,-4.45573947182032,-5.59697803370963,-6.67846301695541,-5.43400900710286,-5.80874227495018,-7.30278121236392,-4.71544227090313,-6.47688191517724,-6.10810384211491,-5.85833358814334,-5.08674539138552,-5.47052418678836,-5.54488747786333,-7.42601193333389,-5.05685604077135
-5.75624736231377,-6.00014881569664,-5.83219415089327,-5.00955576702981,-6.3824738275274,-5.76758316653444,-6.74148961025316,-5.96851375028702,-5.46038317161886,-5.9228995371463,-6.17207715743489,-5.39070430769971,-5.99082758295912,-5.72706070615273,-6.27705137505457,-5.13938194685281,-5.9003639697134,-5.39318983926559,-6.66436830975192,-6.8769358955046,-5.48005811126524,-5.64608357806336,-6.76286756862925,-5.72275190433445,-5.56502831664169,-6.48322188867281,-6.19222010585086,-5.58918105734288,-5.33061810434541,-6.63196744581603,-5.44335311951173,-5.90673498477596,-6.1243812829696,-5.85251156476676,-4.90156694234468,-6.72880281478365,-5.9457125465682,-5.45129624747685,-5.86679866623075,-5.87036770104539,-5.9660072080764,-6.47715162844354,-6.11202639284311,-4.9976371785415,-5.78007268706464,-6.08618153524585,-5.50261444679256,-4.89819377963838,-5.53120551522693,-6.93855587043652,-5.46565362467921,-5.67171771101756,-4.83655332039342,-5.67426577797379,-6.39128970876073,-7.46722860342819,-5.32800851211099,-5.89385794748873,-5.35571641479986,-5.55523706559762,-6.18092349136441,-6.33112807668842,-6.12878595733539,-4.82349728865013,-5.26646675006695,-5.77998449940801,-5.88105976120327,-5.98323389664525,-6.00993757101221,-5.24161399292286,-5.99633936848726,-5.91716069425187,-5.41290947973532,-5.90626604328987,-4.93777297141359,-5.7758740437434,-5.76836227667732,-6.0818052691474,-5.57640666359048,-7.1002052798138,-6.09576379933549,-6.21452328725486,-5.89457541641918,-5.9006574422442,-4.30108373821172,-7.06778795543819,-5.61820994057928,-5.7889786807321,-5.56664352870684,-5.36318651470216,-5.90106458517527,-6.87239094165086,-6.50034137266977,-5.82602484718201,-6.84732915174108,-5.33571850824815,-6.30829983884499,-5.521129932724,-6.55689877474889,-5.66593046549473,-5.87085703877827,-6.35118201680566,-6.63558584700064,-5.10255832544084,-6.21608502808264,-4.85299463703206,-5.94661527908516,-5.43860914567686,-6.47825893767252,-5.52642708991078,-5.85500767200262,-5.85725746526155,-5.34545316380047,-6.21752674228934,-5.8689921663698,-5.21386205988938,-6.24173916040641,-6.33773847177421,-5.49393861729793,-5.14105859466612,-5.87526420531748,-5.81725545319666,-5.46380779086611,-5.77790520391805,-6.08046642469877,-5.72132878822593,-5.7601803842733,-5.27369960782958,-5.40820882032628,-5.78481364665698,-5.83224297106256,-5.43801509855156,-6.25740119481834,-5.55193392687701,-6.08853331288833,-5.09544527771799,-5.07672317952565,-5.26071459099321,-6.26206190611682,-5.22313697398261,-6.22568145662937,-6.09991237926579,-5.81774264963008,-6.14297138976332,-5.57200188143827,-5.55515341741151,-6.88815335863688,-4.84612881612661,-6.0799201027829,-5.56170816678877,-6.27670825079846,-5.44495791185021,-5.63146514459575,-4.39097086378234,-5.55101872655509,-5.80931021854916,-5.44902385184269,-6.08512683602089,-5.42031816346858,-7.30078373916961,-7.18648985146076,-6.37066024659183,-5.89873146970094,-5.80583601475202,-5.98330705528949,-6.70893103759065,-5.51401614319049,-5.61378787782617,-6.13832094022875,-5.6330664627049
-15.4036868671772,-14.790964532741,-15.136047028064,-15.1421672172675,-15.1487728499763,-14.3651434827595,-14.9896974637313,-14.1144537591631,-15.1382987377129,-14.1487167017559,-14.8910191990808,-14.9847022425548,-14.5747889246465,-15.0341589849978,-14.3917158110032,-14.557736914304,-15.0886311891173,-14.9209028424844,-14.3496812867515,-14.8760704712145,-15.2859190380162,-14.8089643216954,-14.5626612535372,-14.4664341572154,-14.8321764828885,-14.8090240199523,-15.477654449875,-15.4121001760472,-14.1419011458243,-14.9466460408489,-14.4911280021437,-15.5576672461208,-14.7459444888241,-14.4690513794471,-14.7725673628259,-15.0608616913083,-14.8355488039061,-14.9246218935949,-14.1288047521538,-14.3706888934406,-15.3133163424884,-14.3913389876542,-14.3993671864052,-14.8047844862265,-14.682725778088,-14.8333019176574,-15.0168467600464,-15.6551945464,-13.9635801816064,-15.8967464515863,-14.7117221480254,-14.6432235909346,-15.319293468924,-15.1106200752288,-16.2043094414726,-15.7027031179661,-14.9398631815093,-14.3941996381007,-15.3414631488277,-14.4368416222354,-14.7354257363122,-13.9489481179548,-14.7733938174471,-14.5842421919059,-14.8030913365584,-15.0482016883521,-14.2143468646277,-14.3639882158182,-14.7129415983152,-14.9400580130962,-14.0672256720372,-14.2827358717972,-15.5473248163681,-14.9937943730827,-15.2261165837972,-15.5776189424742,-14.8087045186743,-14.8655180971831,-15.0481805080758,-14.2078254274433,-14.5838516731974,-14.9539412395788,-14.1609975671177,-15.2481020359313,-13.6120090711603,-15.2269812513957,-13.616274834353,-14.354342863423,-14.7257722117932,-14.646768251181,-15.1080414279285,-14.0611188306032,-15.4325157735948,-14.9605215440756,-15.0481196044162,-14.2517941885911,-15.1337948350307,-14.8502849647654,-14.8764819324551,-14.6897270007841,-13.9860353074205,-15.5543916034827,-14.6637434508276,-13.6582050659181,-14.2968821836202,-14.9971782614727,-14.8536976219557,-14.4072599069051,-14.6263663249445,-14.6711071044562,-13.4467033648722,-14.5846731822009,-15.1905408867566,-14.2833277639352,-14.5818467535588,-15.2722369763341,-14.6221212151716,-13.8197127256465,-15.0824843214637,-14.9603790034234,-14.2264924554639,-15.3067433343636,-14.3376257482037,-14.993933403916,-13.4278142073558,-15.2445183833839,-14.7150381792806,-15.6182387869496,-14.4883813671939,-14.5234720424643,-15.4774347408942,-14.8705672110147,-15.1966737590241,-14.418532076415,-14.974657322713,-14.9950968510938,-14.7764924261484,-14.5861204979925,-15.4704603199964,-14.7534476477867,-14.6930511846327,-14.7097506930373,-14.563711764605,-14.1177287429585,-14.8982581275248,-15.2281995808765,-15.2881636266582,-14.867736103353,-14.8801647198909,-15.0350860036191,-14.791596828794,-15.3969230167397,-14.2051381176299,-13.7981905712818,-15.4111408070965,-14.6964249433879,-15.0221893617927,-14.7586765764154,-14.5163471317081,-14.6805768870409,-13.6747008247162,-14.8875286457196,-14.6885114104667,-14.8628727925005,-14.5065849509958,-15.1281449704768,-15.1897127564588,-15.2756457658004,-14.3548062688354,-14.7322656110109
-6.44923622818456,-6.35387037160252,-7.77138104558339,-7.53146456610214,-7.76286791865034,-6.034732928348,-5.50919618388945,-6.77213556981355,-7.83843027572816,-7.76269896617992,-6.67051182341774,-6.27566769088902,-6.87087860601092,-6.32944186298796,-7.54699603470884,-6.41218030720697,-5.72954142132924,-7.47342862873347,-5.15055679258316,-6.18276731310274,-8.05048251768592,-7.48643664700541,-6.26944083710503,-6.45871791717275,-8.05139789853711,-7.5902004363105,-5.91528316405887,-6.0388503120308,-6.57009428138986,-6.16114239583316,-5.22294792248503,-5.73300240567884,-6.37584266690053,-6.59891515439381,-7.27805928231637,-5.73701790903309,-5.2454423771561,-7.72956497690661,-5.65857280104413,-7.55542147357857,-7.0023632500499,-6.11884099980883,-7.05468237358081,-7.31767970988397,-5.83548515552226,-6.5465611343423,-7.29412090895532,-7.07330193053046,-6.91739023081127,-6.15225054862654,-7.13371567340508,-7.62302737157296,-7.24565184897808,-6.26920466492903,-5.77818060495913,-7.0901910074723,-8.0781872291967,-7.39129992039467,-7.67347880043616,-6.33759056899952,-7.02157678634036,-6.61150055576976,-6.84955855778106,-7.47277028867181,-7.59153458532773,-6.95454491650106,-6.32055924755267,-6.63847520315352,-5.9484308897689,-7.52027979966791,-6.16897168756178,-7.10884551395091,-6.89670978374535,-6.74545969889476,-7.35492606858459,-4.91156157209343,-6.79890071943765,-7.51717141205071,-5.39090834918827,-6.48018059179206,-5.62471072831135,-6.9550493037483,-7.79852629190353,-7.38102031319645,-7.05877480240398,-6.64732426314442,-6.37868029369664,-5.67124910639065,-7.03580658419742,-5.83326435915771,-7.57093653962527,-5.27953001536038,-5.43592866608969,-6.78593368315314,-6.34259958047791,-7.06605832669641,-6.7657179934929,-6.88930678705681,-6.66045242537012,-7.20437367036204,-5.63460157413589,-7.42576641104756,-5.81040637241575,-7.70329486531884,-4.91194751471375,-6.84200710515325,-6.97125421633608,-8.03494946670255,-6.46222845856115,-6.00619745820095,-7.96825332465932,-6.02685534406243,-8.26167396236328,-6.95920606116892,-8.40061836136477,-8.02719821655844,-6.45564636802384,-7.22260926311856,-6.19727722530516,-7.67478999095756,-6.49537913870529,-6.78218550064132,-6.4036237048208,-5.92877361868244,-7.01613977304882,-7.1588045982632,-7.51944416494439,-8.16819943512334,-6.48591873033306,-6.95111689526336,-6.29108436591405,-7.12460107698856,-6.54658022415579,-7.48218960649583,-5.19150478597935,-7.06841885648569,-6.70758287849454,-6.0458176896772,-6.91851708945777,-7.37266878035874,-6.47848203960382,-6.7502014566074,-6.08551449520859,-5.65220972860326,-7.12422194051857,-6.56674025450916,-6.22870629570117,-8.25948802945924,-5.76798117498455,-7.08424044129217,-6.01898283578757,-6.97438339783586,-7.09291886941352,-8.39879871318297,-7.81648387622955,-6.57347074616717,-6.24644188334405,-6.49045948259178,-7.01060796982303,-6.91501310797593,-7.39620265833325,-5.73284431617399,-7.38410973619697,-6.56435667583935,-6.69242366050583,-6.22178316260061,-6.08623610797054,-7.36689005489544,-7.89962716634166,-6.35390350804204
-6.27353307867341,-6.10144027821465,-5.50897692300733,-5.16166301986269,-6.00296870405485,-5.10548489912487,-5.12767854020629,-5.48898070549556,-4.82625727553731,-5.33139155659951,-5.66870336282932,-5.85371065422081,-4.64543497271112,-5.09368679176949,-5.79185463979738,-4.43705079851376,-5.79378427811667,-5.64901284658123,-5.24996823804994,-5.66904492057493,-5.86800130013499,-5.70941609321288,-5.57093173814776,-5.98785622258271,-5.07798912971954,-5.44997886746444,-4.8364467365706,-4.79867269855906,-7.13144985888586,-6.38172303466682,-6.02146787674021,-5.71158118917143,-6.80990795582308,-7.67624612911841,-5.57149268868925,-5.45766910657736,-5.35012563148648,-5.61235303908269,-5.18438199215198,-4.25407235169161,-4.25095812208519,-4.56577266082699,-6.03523593121646,-5.05500355627501,-6.78189446434707,-5.89633320005611,-6.24611731221376,-4.99419845674631,-3.90488118062467,-6.05170121636974,-6.20581112696968,-4.98625755503053,-4.56913395663969,-4.68503535057469,-4.98205176928126,-7.39206603797882,-6.25110132380427,-4.98474207514618,-5.64968712609002,-5.58290314883,-5.29666145798173,-5.64621472763563,-5.4847077533666,-4.03023082232895,-5.0354621085775,-4.86832809205046,-5.97188522148646,-5.75877351448989,-5.30131037312027,-5.05260408734721,-5.98197374758999,-5.75694215124217,-4.60720769900656,-5.56308890995462,-5.87789500556,-7.4158287226214,-5.29676835969897,-6.87722867786171,-5.66026980236709,-5.80435047387477,-6.25471412884695,-5.90262609233048,-5.12521025457982,-5.46382979861625,-7.59061003402769,-5.19359022425821,-6.01796038715573,-5.55203791499035,-4.81577895984575,-5.01048184640783,-5.00802303376705,-6.78652732303187,-4.79872049030896,-5.06069670668105,-5.71645101062333,-5.71663127125284,-5.43801970062194,-5.14126819740809,-5.32538789935254,-6.82001332523252,-4.57093721540684,-5.78866200515734,-6.29668452192728,-4.90646662280929,-6.86828819498043,-5.89445153926715,-7.22050343105383,-5.01824433570957,-7.28274515313706,-6.3463716314265,-5.24275471163476,-5.79230189761251,-5.1608867231242,-5.86635086549287,-6.16255719035459,-5.01188896603577,-5.67447980640032,-6.54955380284223,-4.83458155625218,-4.24651267457474,-5.86674477466945,-5.53580913190479,-5.5993765239836,-5.60280853237587,-4.51675203110189,-5.3974213581819,-4.84920258869905,-4.70401155299404,-4.56898384742123,-5.11463646329245,-5.5620372699993,-5.70742513435693,-5.56149724176129,-6.78737563278704,-6.09021377298636,-4.73153644680103,-5.71650054660845,-5.32493297060529,-5.33832666621347,-4.25501315607614,-6.12932963167216,-5.41301707568761,-6.06453120311924,-5.41911398154762,-5.4425671951138,-3.80378122844996,-6.12059674889481,-6.12681211032942,-5.97718522898216,-6.00365836048374,-7.03553323217334,-4.96003001521383,-4.35685980362414,-5.43045650816255,-5.73822197962372,-4.58051008963699,-4.62754255029022,-6.04361261143902,-4.47939788466009,-6.58284695796196,-5.93301923704051,-5.37506959475447,-5.18423795023357,-5.59011741429695,-5.6904648553334,-5.9163314540226,-5.51233062333466,-6.08383578248715,-4.868219279083,-6.41453245690521
-17.6347725743048,-18.2933220637102,-18.6961013009648,-19.4153489213309,-19.1830385193566,-18.0748728686183,-17.3247386685,-17.7045887319278,-18.7724236443915,-17.7689448638416,-18.3043406768973,-19.4266300813081,-18.7803539240606,-17.8619563863573,-19.0581266180523,-18.2082445331317,-18.6146243555836,-18.9319484634826,-18.9007728840381,-18.0125774436247,-18.9792951621209,-17.6024079413096,-18.4141328945751,-18.3628351687842,-19.3768563759768,-19.1881537460492,-18.7850749573076,-18.418180789109,-18.3579844822005,-19.0434221044189,-19.0735338215033,-18.8177152822334,-18.3016287139057,-17.5280037205898,-17.8743248342061,-18.4910050426483,-18.4153361870068,-18.3283748561561,-17.9299680137636,-18.9120182054672,-17.6675386978727,-18.37256566303,-18.46478521398,-18.0579243107806,-18.5737264326021,-18.7056543435975,-18.7917782330196,-18.5914737227276,-16.7374805085148,-19.1618644746782,-18.001838063337,-18.8537300722767,-18.460161707136,-19.3184471487507,-18.7460707438355,-17.4312265856067,-18.6669076840943,-18.6960047816452,-19.362284349808,-17.8732714358873,-18.368400434252,-18.153876144227,-19.991830188662,-18.8038949578267,-18.7843495070268,-18.4730756799741,-17.9713626536997,-17.3855698687088,-17.7353847525697,-18.2685853582698,-17.5997030989013,-17.8182975931258,-19.028460396264,-18.9553860884959,-18.9230497226773,-19.0725300143732,-18.1118307327221,-18.1584563383026,-18.3572269305238,-17.726904003802,-17.8136007016617,-19.4494062303422,-17.8306426051253,-18.7051526832155,-18.5629979786505,-18.0010959917214,-18.733990782225,-17.5513458838402,-17.3068239160854,-18.2218944635377,-18.7066402532867,-17.9714364508825,-18.81462552863,-18.973656090924,-18.5489860682932,-18.1338381200715,-18.0629531659922,-18.8542131435487,-17.5582446151013,-19.2256508885387,-18.6034528197153,-18.6027938693517,-17.6452264189796,-16.8909948615581,-18.2252774457011,-18.0724789184685,-18.458187015069,-18.4273226259035,-17.7760526777109,-17.3239254097701,-18.8157471010028,-17.3492660973496,-18.7950983931274,-17.7598867031164,-19.0479037586481,-18.7360227482946,-17.6977802567279,-17.6355040215212,-18.1113802099084,-20.4948866074781,-18.6783702082344,-18.406167621971,-18.598472437631,-18.3170671312169,-17.9809626926774,-18.8655251089811,-18.8031183287179,-19.8985193941316,-18.7815238465686,-18.5649835899929,-18.3122625564353,-18.9701878511225,-18.8837964726329,-18.4012967933603,-19.1780774054154,-18.6787945053867,-18.5443818338289,-17.332108681814,-18.3739478698376,-18.5984745582791,-18.3508614316641,-19.1767691240261,-18.1691195553486,-18.5254915230316,-18.6335487039238,-18.8981441703521,-18.6716581521688,-18.0176043648423,-17.8816501320945,-19.0398738429512,-18.6006534979508,-18.7225026423149,-17.812879422084,-18.2651263964202,-18.7640851077445,-18.099486622788,-17.571445297912,-18.0036758129947,-19.729795756165,-18.2740930696961,-18.4907197582281,-18.8376337782658,-18.5049980636643,-18.3126557223407,-17.6287147743968,-18.2425448060786,-18.6288796149387,-19.0160270403667,-17.157387476512,-17.5929497595262
-2.35741904082102,-6.19412492475028,-6.6978651176672,-6.58637892506207,-6.89742698171255,-5.39446307633493,-4.05292125619675,-6.85665115445023,-6.77202635683123,-5.12067983026909,-3.77078561455579,-5.61034915335252,-7.05593155522255,-3.84203997841441,-7.69449604918672,-5.02117897647548,-4.63229043543861,-5.96214173584498,-5.85104007590969,-5.89529538652404,-5.98513114384827,-7.21430645191332,-4.4962331482201,-4.20005280350432,-7.97401684967435,-5.56453446674448,-4.51354894241805,-4.06054247046715,-4.60031792833549,-5.94875044084375,-3.84340202906725,-3.25812256190043,-4.1285412953252,-4.30502009098065,-3.91750047939031,-5.58020403992482,-4.05525495802191,-5.38126522834645,-3.62102007061096,-8.63433960187687,-4.15497085234263,-5.15109377035337,-7.40852618740215,-5.90870831434324,-5.49956662325393,-2.61683848485342,-5.96290431797306,-6.72253643215846,-4.71523026419115,-5.04913072754986,-3.68571473478968,-5.63794343460437,-4.90022441066764,-7.17032943070796,-3.10576195390202,-3.51271958674437,-6.83591270587739,-7.24711733216244,-7.58022453238663,-5.17422657308163,-4.99688162552849,-5.25015052004738,-8.92102720166231,-7.17401900250554,-5.96804612355828,-4.97289671121005,-4.65009083395838,-5.7768025697189,-4.87958647013531,-5.3161461733114,-3.28353808114049,-5.61596980980984,-4.40419104367447,-6.50041355566576,-4.44419999844748,-3.58118056303535,-3.06768750675683,-5.31969155672668,-5.66985493483442,-7.20333631970593,-3.78483932576375,-5.55358956404461,-7.00925461206158,-5.91331775431254,-5.81226511412341,-4.65850987607068,-6.75941445780246,-4.88397034326276,-5.4463547610866,-4.25866365831731,-6.2021060509237,-5.24450062664107,-5.55300481158395,-7.00077750349742,-5.59132815297653,-4.68514976449701,-4.33470963568001,-5.43281467762772,-5.6980808132153,-4.55427752950738,-5.77033516430922,-5.52423408567253,-5.31711810139618,-4.40507329757412,-5.18102272062196,-4.3049781877223,-5.33845928450607,-5.62038638567595,-2.70411850574653,-5.49752750852836,-10.4474439618013,-4.21515644565745,-8.41464196823213,-5.59385371672851,-7.76567686288974,-4.52008031935771,-3.31115861186739,-5.84645795795692,-4.81879288262855,-8.79155594138165,-5.34059521983426,-5.53015292918995,-6.23275354797068,-4.39946650344141,-6.16275257336716,-3.53452552530384,-7.33443560037769,-6.7375873292672,-5.85974983761237,-4.76413258896758,-2.86258040503444,-5.64242694118595,-4.82576623753487,-3.92428052416962,-5.24993983218088,-6.25371715309837,-4.8419943307468,0.196794057850127,-6.08517453241706,-5.66834889375507,-4.41003080524226,-4.45446240485541,-4.89968125306539,-4.83148242601188,-4.64878404948091,-5.25049371836445,-2.85151027314322,-5.05775847277131,-5.57405555410768,-4.36537884601757,-6.33876543136068,-4.74850003399368,-5.88201943530877,-7.86045598687419,-4.5802451871137,-4.37556885496478,-4.58436590303784,-3.54617083095913,-7.87792987800945,-5.0015668560534,-6.51443135793608,-6.58123079429242,-5.95142053965793,-5.63060640405482,-4.79588404866125,-5.29799771812328,-2.22864617676556,-5.35270465013928,-6.35629658136956,-3.40883358491407
-2.28327538277405,-2.83964422437752,-2.75847948122634,-2.41077155378313,-3.58281258112178,-1.43686024418835,-3.574706588882,-3.06036738097617,-2.58035764971674,-3.20754629092605,-3.00547414862795,-1.93431210867652,-3.30613774079507,-2.18673020526651,-3.56503833899794,-3.24697530049648,-2.0050915971897,-3.31452664781712,-2.62270793160816,-2.29346885313041,-2.95302033306096,-3.0167065349857,-3.87654462340454,-2.57418838172448,-3.15173428928242,-3.26632773632187,-3.46799635121323,-3.36220862737043,-3.39389130496748,-2.75483278702657,-2.16708317898419,-2.61738197617423,-2.2984596412116,-3.34121559676035,-3.53893052433915,-3.00292665176195,-3.5143487308324,-3.49213706723476,-3.09511706048632,-2.95197542040216,-2.44278205298496,-2.81278087657582,-2.14088281726181,-2.75711587473795,-2.61095870388705,-3.26577854253899,-1.88182369488305,-3.28180832615209,-3.02105768445001,-3.50796983891094,-3.49735863097637,-1.28504556562562,-3.17596620949918,-2.9404174671545,-2.56851159980678,-1.86970398501772,-3.75626689226756,-2.66323344415677,-3.07377437201313,-3.37166676656638,-2.77339103008955,-3.03112245784542,-2.4077907467959,-2.32090100285443,-2.57589730218769,-2.78986607573499,-2.76229540681617,-3.90240379679168,-2.4031017027977,-2.6000797851132,-3.48626907373806,-3.19355384782087,-2.95085979732735,-2.62717014773908,-3.12036115093472,-2.43238840745855,-2.47021088966935,-3.459065167622,-2.07015493029091,-3.08219132106777,-2.80481726625639,-2.73547239356424,-2.57509407481629,-4.17818291401343,-3.10451381184417,-2.63164826972335,-3.6407962189641,-2.90903311993323,-2.70716972558766,-1.49851985059381,-2.69216995118123,-2.53550472838509,-2.35724598012983,-2.68423933120016,-3.81508768922824,-3.21645383762868,-2.31972530029875,-2.93028275226779,-3.9579601243934,-3.75074857318729,-2.43125728900073,-3.26118521471994,-3.4684573883229,-3.3150405463901,-2.93678122494219,-3.20346959627777,-3.18971277643794,-1.81061209801168,-3.6510743694102,-2.6457097136457,-3.03615831447371,-3.47322445132661,-2.82440922924496,-3.07595323150454,-3.08143017251002,-2.62299516293351,-3.01446065329574,-2.76842692991107,-2.01721629150724,-3.10104813512073,-2.4539929789595,-2.21574688598884,-3.04963573871206,-2.54286057788391,-2.93206188085306,-3.02051353946938,-3.04013104090956,-2.18999056466147,-1.80820431317394,-3.27747358312085,-3.37833135301203,-3.0120889922972,-3.45083942909898,-3.40322098063946,-2.22272064540552,-1.97511322910393,-3.34854043384352,-1.64902257607764,-3.53157864025076,-2.5195135724826,-3.36012799444366,-1.53544377735514,-2.89177540398393,-3.41590134096783,-2.11186454072563,-2.43470222871558,-2.99703452049637,-3.69911282279718,-3.04925558825536,-2.85032258044824,-2.90864215488916,-1.71757241183603,-2.86402005737803,-3.04352144913334,-2.82457702381708,-2.54101802704077,-2.0911024085174,-2.5380254440249,-2.11777013618228,-3.02545799996492,-2.83075093643268,-3.12020811025907,-2.79047551508808,-3.79119711686018,-2.83634258957346,-3.09301318597123,-1.64571048153216,-2.55311678224344,-4.1106728914942,-2.76853513343868
-18.3356817764797,-18.4360029579826,-18.5892610743884,-19.324809537216,-18.8861013353334,-18.3687171403358,-18.6216229985392,-18.0778710532347,-19.1534760108955,-18.6565926181947,-19.1614296653557,-18.4197727918521,-19.1562827629103,-19.0849446718058,-18.3728316553084,-17.9751764254315,-18.9011630274786,-18.3742168535619,-18.3088443981112,-18.8157133339394,-19.1735744187772,-19.0380547204691,-18.5282623303762,-17.9765871060056,-19.3960468243201,-18.3309921588912,-19.3648285533858,-18.5988063100757,-17.5288092560429,-18.4659966996184,-18.4844802656943,-18.5487539202828,-18.0046489281998,-18.2829320342972,-18.1797759323398,-18.2909964620037,-18.9589685367353,-18.4143362820837,-19.0705486634673,-18.2416305071329,-18.6784353696084,-17.4633008768036,-19.3142040582707,-18.856986294277,-18.21601981255,-17.9422051320059,-18.530875628287,-19.1326184821919,-18.2983157011952,-18.6273514033052,-17.3906542904328,-18.3368601794813,-18.4102321529134,-18.5840727874412,-18.7324386213363,-18.3882970078397,-18.4373181869633,-18.0942227885001,-19.0494670065399,-18.3025752277677,-18.4936283990274,-18.0158317795725,-19.2094974113209,-19.1505245744453,-18.4010802297151,-18.3413262177002,-17.0083193101864,-18.1280672305807,-19.2774156457982,-18.1443795337565,-17.9625150765341,-17.9762887756958,-19.5622946357391,-18.4569462214382,-19.2772412287049,-17.9736567820328,-19.0384660395507,-19.0467798841802,-17.9657596535892,-18.5073945096124,-17.6406283294588,-18.7777601647844,-19.5120616601044,-18.3534786241764,-18.9081344922973,-18.588385896516,-18.1747995515134,-17.2034038076389,-18.7018422988663,-18.9115687984506,-18.2471787518063,-17.5915408482545,-19.6625466118419,-19.2350037954184,-18.4887265692043,-18.2141812265235,-17.9905828828094,-18.5082203547284,-17.6044274615812,-18.4671577380507,-18.2748385815281,-18.9966464584492,-18.0274417127295,-18.5141571956589,-19.3601921644938,-18.8293921729123,-18.6921670301505,-19.2702971327216,-18.3778386675358,-17.74331532574,-18.3083409079733,-17.4736874904797,-19.5418149225956,-17.9609183778065,-18.5829419680601,-18.6152715014424,-18.4418937611702,-18.4597168620639,-18.7232489951233,-18.7351309717585,-18.8468999528983,-17.4816722030397,-18.8397823206843,-18.5194061772596,-18.5572035109489,-18.582694726638,-18.9268227998415,-19.3390719303931,-18.2000858630051,-18.3625700946708,-18.784483290194,-19.6298282916773,-17.3235115844085,-17.5073031725229,-18.262229863438,-19.1910810689568,-19.0341793103014,-17.8842057374636,-18.9196980831123,-17.7778560263007,-18.3914407692779,-17.5834124810401,-18.1649739118713,-18.3803703194988,-19.4140129671942,-18.8755989621506,-19.2489542346392,-18.9963625333371,-17.9264085952235,-18.4675683723144,-18.2682110141727,-19.3045631415981,-18.380425643399,-18.4791206169138,-18.6369690249814,-18.3644085775414,-18.4996129094807,-18.2867732894288,-18.8114531344374,-17.8242596028701,-18.0376706493156,-17.9399419390149,-18.3576245735932,-17.9566115948769,-17.480541116995,-18.6161999786616,-18.1259594454066,-18.5268728501322,-17.8929419281125,-17.4536371982948
-1.14916881457483,-3.71838891358003,-3.63262475933284,-3.83955854145908,-3.46900192580267,-2.50941213020767,-1.11051650144958,-3.75624187772271,-4.24186429114172,-2.60339920147648,-3.52820129863439,-2.42310446387719,-2.42048381712675,-2.02380456122314,-4.44926958233546,-0.661419488214979,-3.13032398567269,-2.69088626421231,-2.8374292661535,-2.36329465972579,-3.02777133131589,-3.43773203509125,-0.751762987603037,-2.82109353117615,-3.1812244004993,-3.50732715168688,-2.02043086292442,-0.964026759213934,-3.97067401430444,-3.47492557032901,-1.91534472104406,-1.77468760917453,-2.63808009272496,-3.41062178457752,-2.76536704157826,-3.4022944697765,-2.75540518313388,-1.83588456473136,-1.23440630865266,-3.19797150426318,-1.44151496551725,-3.03175509807304,-2.93983348747842,-2.93165894464216,-2.73733420526484,-1.76839935409913,-4.75747300405834,-2.16297345002328,-2.57271595349873,-2.54255530415413,-1.36981207408835,-3.30129724870119,-0.666134365685006,-3.93127157506586,-1.55214616089025,-1.08373405343463,-2.28202522579912,-4.11694008823963,-2.74041277719241,-2.62419381653157,-2.97917440336979,-2.81808652112243,-4.4910536325535,-3.08100948855362,-3.45934705599562,-2.45752063940598,-3.01280851008157,-2.23806429067972,-2.45215317638955,-2.27465273452939,-1.23674787286784,-2.91227610584931,-2.14483865121944,-3.0545198998121,-3.74931066675794,-1.20795766169316,-2.0194437405859,-3.86010582551658,-3.1244448498538,-3.98984739509657,-2.60045931716692,-1.56869835764473,-3.52272837285326,-3.86922940799957,-2.54646000767619,-2.47167786435458,-1.95837177344096,-2.67341137481073,-2.97954980310711,-2.95351485174577,-3.06821600875573,-1.8140986805492,-2.8737293053106,-3.03153402054426,-2.25264800285283,-2.0528041761711,-2.71359153207264,-2.74337313611877,-3.4605370127315,-2.95611295301996,-1.85647302202171,-2.25958735180819,-1.66216100343892,-2.97162617874815,-1.9134663366263,-2.23352044826824,-2.3391791147431,-4.38239436206973,-1.91946323234865,-2.92860200898778,-5.37252604382756,-1.94102778241132,-5.13084647207726,-2.48429091260748,-3.46637068011157,-2.30739757135793,-1.65956519761312,-2.80654252936645,-2.29986791866748,-1.79365017983044,-3.34139240437358,-3.96891969657895,-2.85086994939911,-1.59740353199446,-2.49747519000971,-2.95434180426073,-3.6729711254481,-4.08672961476071,-2.56246807154788,-1.37874527462074,-1.87587713267972,-4.76817674040153,-1.59531612662823,-2.7691932343991,-2.47429852090198,-3.76111772706448,-2.19672853541758,-2.93754984537709,-3.21544084828367,-0.917630904173308,-1.37277578736836,-2.57843165926889,-2.23605494842094,-1.72061532624476,-3.05823857655218,-3.19036434535923,-1.26025758390399,-2.64658134731922,-1.65490847466222,-2.24908086881058,-3.13300611382141,-2.22025096156414,-2.07861319295068,-4.10701209424698,-3.08982204933379,-3.39825114837254,-2.5811899788662,-4.09219976169204,-3.84422713732369,-2.42382697730841,-2.64613994330101,-2.05639410738043,-3.16210497388683,-1.59787406633451,-1.39691424842423,-2.85116557616189,0.0728888509335746,-2.98358213481702,-2.42564439045815,-2.16068568072826
-3.05520837691101,-3.4770347640691,-2.51069911371408,-1.07965525614423,-1.84903784451175,-3.03757459716141,-3.25979060913403,-2.23441240306182,-1.35418565788363,-2.01559221033704,-2.21908913457913,-0.823138855444849,-3.29530172131075,-1.25569818976034,-2.24630059961076,-2.22417265355718,-1.03882435106914,-1.34569904194774,-1.48657455056458,-2.80878087372596,-2.02816280774896,-1.98976428352515,-1.89714359738599,-1.9787658202348,-1.76779907859951,-3.14254727329365,-1.53602607179979,-0.344856015945502,-2.13248325310257,-2.14008790215469,-1.96395733813659,-1.89161395046074,-1.52181639618116,-2.90788384908225,-1.88554918970435,-0.979810353253338,-1.64865567074858,-2.76684389149589,-2.03702820309172,-0.937340245725065,-0.67220658185866,-2.57025283255209,-2.55807664859635,-1.37348167242352,-1.45184711478386,-1.28049097099261,-2.99869115016883,-2.91956990480094,-2.41619717737423,-2.21692442727074,-2.32672143369895,-1.33742855973492,-2.55389688455252,-1.79963486903224,-0.830424492979662,-2.57567506439713,-2.69910450576451,-1.5936784599548,-2.14252792160592,-1.28981674480389,-2.37411799423576,-2.57194281195161,-1.58854309982843,-0.524865014265652,-1.43531919392131,-1.37574142628146,-1.60524577720207,-3.10903627221395,-1.41150504748976,-1.76142113146506,-2.58493340873391,-2.93166002740611,-1.12586262773249,-1.14787415341406,-2.05844689754783,-2.23007204893054,-1.34490136414814,-1.96611000877263,-0.211130799161559,-2.96987617920139,-2.55719003815626,-2.23772308016684,-2.10525117809646,-3.04749794848399,-3.61742640359391,-1.64846781016675,-2.63626018580442,-1.65634800601687,-1.60294443172595,-1.63820514296088,-2.05052702387089,-3.66806348215092,-0.700060767058792,-1.19474230528803,-3.04527558152891,-2.44769376917312,-1.47315122537421,-1.55064019343623,-1.47288475058513,-2.50782747164116,-1.00210457687945,-2.27756686491994,-3.17488897986123,-2.31333594043946,-1.52314175563249,-2.2117666655695,-2.52114947261793,-1.53425573870158,-2.88984062090735,-1.95284374831109,-2.46037925619755,-1.99601165836632,-2.47655140867595,-2.19002954269326,-2.87769844919828,-1.39177168966355,-2.24803691931139,-2.60206518511688,-1.74977745585307,-0.545880837639417,-2.63175532947386,-2.19147004924033,-2.17256299070576,-0.469425249394511,-1.73305664526923,-2.58915985290357,-1.0479181125864,-1.32740297035579,-1.12192151690468,-2.76343089153355,-0.424939202163536,-0.643458940664303,-1.22662319916484,-3.51470172970133,-1.64408467299294,-1.27960316248182,-2.08672880635421,-1.84853635132648,-0.99584443513774,-0.638430354304317,-2.62682638889218,-1.85704874854605,-2.8200645455588,-2.01967480928816,-1.45662431447559,-0.0354478357955137,-1.54245123963745,-1.89553541822252,-2.7038535000042,-2.55102215112866,-1.53900495973684,-0.934170155603963,0.218656012635466,-3.00604563996642,-0.809245732357747,-0.531895735675318,-0.870696340202728,-2.00191199624051,-1.68846891611949,-3.14360158039153,-2.08800833220175,-2.11404357496403,-1.29079184717985,-2.48685699693304,-2.16933339232889,-1.63852271908899,-0.373690504009297,-2.67619566230417,-2.96840086937909,-0.562730890315746
-21.1332354324796,-22.3096388137585,-22.2366420377256,-22.8433495546752,-24.1688953445093,-22.9352764030163,-22.523572170166,-21.206721563677,-22.7122097446587,-21.8020100754147,-22.6836786901252,-22.4256227792762,-22.3049284363018,-22.7548142219383,-22.119271611059,-21.1113127236248,-22.3455900210254,-21.7217560034168,-21.9749766166636,-21.0705839125939,-23.0508110032503,-22.0667825415638,-21.4296749918241,-21.8896972842146,-21.8789835870001,-20.8476672721619,-23.1315570428316,-21.3024655912118,-21.4219505068721,-23.2308050103711,-21.8429439249205,-22.6151100356952,-21.8986033779114,-21.6066931723941,-21.4527782900886,-22.4561597403536,-22.4414405759416,-21.9379475684259,-22.590463838886,-22.2631390652696,-23.0668754257088,-21.3075910610623,-20.8380411704837,-21.9897378174923,-22.6202255765368,-20.4423792912017,-22.1311942153596,-22.5921806492364,-21.2705517492707,-23.3451774097692,-19.7409613879495,-22.5202966311757,-22.4819289805138,-21.2817038209137,-22.7380325063325,-21.4390916697801,-22.0541935180208,-22.620244356597,-24.0679808339209,-20.2862304908712,-21.8108042471185,-22.1937481382947,-23.4633036331724,-22.8361718119894,-23.6669950324332,-21.7609720372057,-21.2273989836558,-22.1929383792229,-21.7269387880486,-22.0911508077094,-21.6622633277821,-22.4843276442837,-22.3571647427428,-22.0095218664298,-22.7948524862763,-22.0147962994178,-22.5744798498908,-22.0381473332979,-22.0196355460795,-21.8149171120558,-20.7524177912635,-22.11372268662,-22.3184119016163,-23.4816143436739,-22.0613384305134,-21.2279975785264,-21.5649609226019,-22.3288152498657,-22.2874607341253,-23.0545677222983,-21.842821031485,-21.6043345988346,-22.2629832811299,-22.3300493823115,-21.5610136047945,-21.9225646612746,-21.6135280694714,-21.4278262579862,-22.250190743622,-21.8501457097579,-22.1929646104491,-21.9064096062179,-21.2545007542749,-21.7414089317659,-22.6962705678726,-21.8166721811228,-22.0445870223784,-23.273710978719,-21.5612719863697,-21.9332883877786,-22.7183311333369,-22.5140469935666,-22.1750234024627,-21.6855544731755,-21.8924828254596,-21.9078031203366,-21.8284497116392,-21.0155268121295,-22.3090884532456,-22.7895264597411,-21.4191397144437,-22.4852615537307,-22.221894896767,-23.5829499649,-21.6593444967266,-22.9116938820507,-22.5298495962904,-22.6763958067781,-20.9157948723399,-21.9826746145462,-22.2050677098155,-23.9344515801876,-21.7137396659055,-21.6629654889352,-22.2074132565806,-22.570670899617,-22.3674826212591,-20.9150226168048,-22.1901768692944,-22.3081798021164,-21.4443232254953,-22.0549185346144,-22.1473581804104,-21.8868951008125,-22.91732730616,-23.3248237981244,-21.1374837900529,-20.5709494352532,-21.8301022395013,-21.5574809963431,-21.7797148575651,-23.0909094823867,-21.8189779192902,-24.3157879470951,-21.7398729488119,-20.6996384987866,-22.1428403879224,-23.1298098941913,-22.7987991626157,-21.8070160103389,-21.4524263128299,-22.1485480244115,-21.6511227987495,-23.0831782772638,-20.4875205220933,-22.5063890910334,-21.8634137133471,-22.8266166700054,-21.9431909750446,-21.7447433590257
-1.79477758229767,-6.53721142268731,-4.20691767826437,-5.36600975452635,-4.92161676339157,-3.966255489839,-2.08953955120588,-3.26049174943732,-5.43928562085483,-1.27232677006458,-5.59507659540973,-3.25148139452675,-3.89323624898713,-3.9086313577341,-3.85828671400391,-1.40426024402788,-1.01570271409405,-2.31961458401721,-3.66832469126379,-3.56037417631078,-5.19115074718226,-5.83479138369065,-2.83437372145774,-4.63751649525155,-4.11965157789334,-4.75681007610303,-5.37577975368445,0.509243395044209,-2.2574405768778,-4.00842466057488,-4.62202072295631,-3.11301816448351,-3.45754642838986,-3.40619937398619,-2.4036439246675,-4.51365012784228,-3.18504706243201,-2.91027857485029,-1.83233312254366,-4.89799812735626,-3.05573084151258,-3.73548812379138,-6.19094753600204,-4.35785893118959,-3.3800362841533,-1.5506991321535,-3.00137842557151,-5.00192486804981,-3.31608340918101,-3.88814387238105,-0.403655511084359,-5.32123767155788,-1.65632200377644,-3.26042900177607,-0.0721806530191951,-2.27419189822492,-5.02759312612708,-4.22954150958806,-4.38504592690938,-4.09995164023067,-3.42242742802022,-4.61529762984739,-5.90151195031752,-5.66409080024552,-4.09092062345113,-5.17491169217426,-3.44029987739217,-2.77575107417774,0.0509040871564292,-3.36656409787731,-3.56030316352587,-3.77418623356874,-2.35802098822784,-2.49404329364471,-6.24881704904461,-3.25308153909194,-2.86816951727466,-4.43983527810915,-1.88881721604246,-5.57500596026714,-0.260837838710135,-4.41404666177795,-3.31883768073877,-6.89281780327166,-5.18907126310461,-1.46344810413165,-4.14338033270037,-4.5308702757382,-4.95712571844136,-4.4480851467174,-3.13192952056104,-4.16416075120153,-4.90739675254705,-4.33565816468722,-1.41562335391327,-1.71163017362102,-4.91864760220475,-4.20345226733482,-6.88007471820787,-3.773430473681,-3.1263129899424,-3.90321761286954,-1.79364453905015,-3.89973249247297,-4.43797601844897,-1.43835009744831,-2.90290599283246,-4.35522124587739,-3.40074720613189,-3.22804689015589,-7.23478209774591,-3.17208838468177,-5.63580783529637,-4.55408206994797,-5.12728837676318,-4.83965444656415,-2.5495849588831,-4.9782648258079,-3.93163374557156,-4.38534721113351,-3.79528401118044,-4.69467255417315,-4.38798294772079,-0.111415879109589,-4.90429072391001,-3.640228584455,-5.842180275637,-5.74458038330172,-2.57155408107435,-1.60799060244713,-3.02246018861196,-8.3589406938497,-2.97276737948156,-6.48527965702573,-5.47662857780858,-5.406536758358,-1.9911381011235,-2.83319341756991,-5.43189665341544,-4.49669522471961,-2.80393095517675,-2.67225811837687,-3.56636683465708,-3.59489172954913,-5.46096712641645,-6.10318523341069,-2.55006459757806,-3.49412177696123,-4.6039766748007,-4.4906358508623,-4.17573238315147,-4.01204117304748,-5.15469023244955,-6.47319217652647,-3.07800648180486,-1.47201283717541,-3.37660490860543,-4.68113587846894,-3.6377830174047,-4.16003129337435,-3.34303304759572,-3.86942625874188,-4.38121223720914,-3.43958849581888,-3.00059337385089,-3.68020842452919,0.300260070043569,-6.34446253793389,-4.27010127720253,-1.24729808327186
-0.788823714811793,-1.3040496271903,-0.226966775034032,0.174100435220567,-0.352726590543814,-1.50656468367179,-1.9804942284326,-0.793519614058425,-0.426938265027483,-0.19862687665322,0.241859112902706,-0.655103573580369,-0.312541339131004,0.4822907445649,-0.967490076923353,-0.157908898422931,-1.45014208050428,-0.317059182833326,-0.598575067756674,-0.316763901308997,-0.669147991841315,-0.519716736447252,-0.42731445366479,-1.00044980293885,-0.485693104532501,-0.516265289007736,-1.02164296495338,-0.0787890381668316,-0.782761945389225,-1.07349435277416,0.111527400152438,0.475057144569822,-0.425519949049343,-1.50975168608862,-0.60676351027696,-0.764015567911758,-1.02362768595151,-0.941176562649246,-0.963315476075158,-0.97507729591877,-0.0333359116180979,-0.550288264751026,-1.57521063990651,-0.111838131365471,-1.77791942800657,-1.34917313827409,-1.5046908896635,-1.03762797537476,-1.37129832376475,-1.13852707146277,-1.74323224950146,-0.0846854776619428,-0.685485744499815,-0.442975438563954,-0.804843514992702,-0.962123034785817,0.658083866272129,0.0693487767113828,-0.747226884817544,0.443413174548858,-0.578350001998321,-1.3486634440972,-1.00682441183275,-0.617074998848943,-0.164317646826178,1.03420174576106,0.0930802986999347,-0.773770464624616,-1.03251029619225,-0.508123700482323,-2.86843518538225,-0.742885507062279,-0.762245486506604,-0.253971432927204,0.771297430521361,-2.09662899618782,-0.644851928983202,-0.63169170807199,-0.451801807903294,0.398860388132099,0.613216378756899,-0.993525221382418,-0.109391823538627,-0.183363768568822,-1.3864458809567,-1.36662322107227,-1.41571100483188,-0.63989726459319,-0.297117365778386,-0.477707295439751,0.239474021867462,-1.1153885344592,0.585829297120683,-0.118882064710558,-1.18585719848643,-1.05459801503494,-0.0382279598805887,0.599748890131404,0.49416725842624,-0.915472633243562,0.40100341651385,-0.349411384209741,-1.00301141937707,-0.210110795734119,-1.46920277341746,-0.901222982494039,-0.961718866529454,-1.1045126293727,-1.78302734053069,-1.06196530813599,0.150950599627375,-2.33652909760612,0.133038885486945,-1.2841600231674,-0.482969728013556,-0.164447951534211,-0.325255204104081,-1.00758490347928,-0.686687919876764,0.588869214036107,-1.83596741309754,-0.237133118390718,-1.1011605316806,-1.84248728082783,-0.674859481561513,-1.1569221630238,0.127709643579355,-0.652747132243366,0.150347749305497,-1.57091242470451,-1.54438199743494,0.136042133641764,-0.289665399627308,0.225747501415449,-2.15390504911422,0.538478040975668,-0.716077634956369,-0.684299308556335,-0.46435206313055,-1.26423349551589,-0.0588213761797907,-0.895579545765837,-1.37794347760433,-1.99720941543582,-0.154375737991077,0.762684728605065,-0.166880523021908,-1.67573715876087,-0.116265084973599,-1.01115678968869,-0.722543742793681,-0.340381347108463,-0.371394516513841,-0.73992121235311,-0.532359749577785,0.182186648516017,-0.396018528234076,-0.169443576667498,-0.412849982672214,-0.621576090941349,-1.48224069716003,-0.97928198335305,-0.522036826984195,0.262581574567729,-1.15885440422208,-1.11379547542215,-1.9940076172578,-0.339972528067391,-2.63457924893683,-1.28367801310218
-20.5381263434962,-19.3954004029278,-21.1656818246276,-21.0095153075358,-20.5497317166745,-20.8636794168088,-21.4238510279508,-18.7421020877172,-20.1009216496283,-20.4073065847474,-21.4567642302938,-21.0477816481401,-20.0243954777208,-19.6007584995589,-21.1395831774637,-21.4816712625744,-21.2777027307325,-21.4981713592266,-20.2930044623715,-21.2705914469214,-21.2146992794385,-20.3750645468142,-20.8271673692715,-20.5001277793149,-21.5718035112241,-20.4591262131466,-20.491557168108,-21.0146558444134,-20.8604027194237,-21.6160032011539,-19.5727127473228,-20.7225903455193,-20.7217041680771,-19.3517898847828,-21.0998846998066,-20.1465842050237,-21.1178216758453,-20.6466332313353,-20.0162813103715,-20.4788490173774,-20.4824603676105,-21.9652099800217,-20.0621465007654,-20.7801291937064,-22.0412403349658,-19.9936802622439,-21.7835578798146,-21.2382401539305,-20.6750273155693,-21.3398535966315,-20.5442806256603,-19.7698866455736,-20.5445948105094,-20.8498342605512,-21.0890114685681,-21.813329235602,-20.7164750404856,-21.445670992474,-20.514374163997,-20.8735579123167,-20.8732355194008,-20.0964171103706,-20.4662380129439,-20.890921696071,-20.4294290681147,-20.240728300994,-20.2341495115907,-21.3741856520152,-21.3541708417726,-20.8318793266935,-20.0641223677898,-20.3593369620303,-21.743551573528,-21.3212269252563,-21.8392416483631,-19.7877101207055,-20.059246480453,-20.4232357985868,-21.5387060917987,-20.4095520651486,-21.6164323541895,-21.5174101089481,-21.1933805901254,-20.4320583624498,-20.2193020229069,-21.1344639476987,-19.7343959141641,-20.2541709325634,-21.1341745504136,-20.5195180156982,-21.2161059027308,-20.8281033935672,-20.7507189720216,-20.7664136806909,-19.5959243278333,-19.9506015129501,-20.5644459667705,-20.8497123196408,-19.8830339655,-20.1038748924851,-20.4529592055748,-20.6354834187325,-21.0674676190822,-20.7684593147652,-20.3854809756514,-20.78214953296,-20.5013697503455,-20.9772076109821,-19.9711721545107,-20.682310376053,-20.7171038506164,-20.7306389397707,-20.6196428070102,-19.0169058272051,-20.8027912353528,-20.8209329345002,-20.4580405578998,-20.2027478278246,-20.8649605127155,-20.6680970663157,-20.2844818897824,-20.6297691461584,-20.6312254562146,-22.1441640537246,-20.435837781231,-20.5857388842519,-20.8730728933272,-20.846371457164,-20.1965178095194,-20.9574383985111,-20.4750303276677,-19.5154948967279,-20.6964832487793,-19.5055322666218,-20.073111469009,-20.3650372146205,-21.7419404776907,-19.5590918277541,-19.932804068289,-20.5216034061483,-20.9837829816512,-19.9638717441881,-20.5610733834434,-20.0955996220937,-20.1366339565216,-20.1351210179176,-19.9701014815709,-19.797835768977,-20.4839039847536,-20.7597553222931,-20.4832264927991,-20.7914874951106,-21.4514162650624,-21.5473153425346,-20.4169900349216,-20.5587842243388,-20.4058621596818,-19.4185793958862,-22.0760386631727,-20.3194800210896,-20.1254307633102,-20.139229938694,-21.3693743597058,-20.9289100856201,-18.8247110631234,-20.3343274320318,-19.4947233876024,-20.27423393169,-20.2327269987257,-19.4984997907381
-5.23139541441477,-9.58707923874471,-7.54797915039987,-8.41348538618192,-7.98279889159512,-7.77126022791765,-5.20184040484923,-8.48198417916142,-7.63873918908527,-7.73399884773423,-8.45662023632668,-6.52470307747916,-7.23968052457209,-8.07962145928463,-8.48047684078033,-4.87273116438812,-7.25088070482039,-5.016575088224,-6.81180019110441,-6.80063228195341,-7.57641459871694,-6.92478297050642,-6.01080858579433,-7.71249944671812,-7.36605297047591,-7.16202449642749,-8.17507594235243,-6.26677458287159,-6.31835307511119,-6.23377997259542,-8.80686303382615,-6.35207102404765,-6.44529776029935,-7.44707756818527,-6.36205917265472,-8.23565643422278,-6.34733579874885,-7.00376191904303,-5.23017928517419,-6.88589299512952,-6.706254925723,-4.24344703784515,-8.93889625516946,-7.4591604133774,-5.89899221474034,-5.5734625527989,-8.06882629035979,-7.66859706948564,-6.93641254517541,-6.52414000377891,-5.16155960370868,-7.96057547312762,-6.37655308101081,-8.29010185389701,-5.82235708589157,-6.07923486807441,-8.45408970625181,-7.70735999574908,-7.06277217809669,-7.82017067962037,-6.85913766761702,-7.89016819946003,-9.2594292409613,-9.21314979739962,-7.82085978874593,-8.05900096437211,-7.74633715727063,-5.75544044089456,-5.46238772741745,-6.26934539512914,-6.62817490769812,-6.95993706589834,-6.49699129179336,-6.45062960269331,-7.56554200121757,-6.49222106916832,-6.79674902763371,-7.9060976463028,-6.66580245301742,-7.52417737729655,-6.78282231169358,-6.32146314449989,-6.62511230613417,-7.99278237153931,-8.05904831375964,-6.84464091898895,-7.64608463047567,-8.72609868143753,-7.22899447103176,-7.32192986295707,-6.44611727958319,-6.73612987200225,-7.68347746206719,-7.24483951664036,-7.9644538826267,-6.45815899395734,-7.50818277117356,-7.52643449871033,-8.26435854582173,-7.55342010551964,-7.00379681175445,-6.66141766925889,-5.67970797133029,-7.41419750164938,-7.83065916445056,-4.43708353803385,-6.98466915158514,-8.23673869947749,-6.48835986553105,-6.69517050258725,-9.45679267835952,-6.28184736342001,-9.08064633219083,-8.74673296625367,-8.16709779837446,-8.81111028709715,-5.43051396948366,-7.42179337564075,-6.57950074744649,-7.13929881268036,-9.17871743870763,-6.94896858566493,-7.79223344207444,-5.145961102409,-7.26968926886272,-7.50126950561686,-9.74041385638536,-7.54721661127353,-7.63777088573287,-5.6552275149959,-4.87966333646798,-10.9488808772189,-6.63531730120091,-7.62785575171429,-7.24101340577764,-8.40785446346997,-5.71836675436896,-6.94108741905431,-8.08305435619319,-6.83818776430548,-5.69064391831738,-7.53672385674795,-7.08864452945426,-7.62012896842003,-7.82856740246471,-9.05236797226209,-6.94554026384828,-8.20852633113192,-7.73156043763103,-7.5352138719495,-6.83166023085388,-7.35193783182522,-6.48019792445417,-6.75441902111898,-7.27287685186697,-6.62305448423899,-8.30094492754638,-8.11320328033747,-8.3727645999208,-7.5375899048679,-6.86736381999562,-7.32983199583728,-7.3359664987155,-7.23810298864602,-5.43677889224835,-7.27259041465163,-4.44191782724384,-8.01105323469548,-8.59712920761174,-6.16868028980653
1.83320363254758,1.66678424325559,2.34847420336204,2.23689406949985,1.74165617963031,1.71089385690781,1.23002593198023,1.99074928291063,3.00200083326482,2.06412413888146,1.51382511657961,2.69132130327114,1.48455710229415,2.6407122615418,1.70392054898929,1.54112023472649,2.92344062871692,2.24714193341177,1.92266111643024,1.60223417594386,2.11573247661848,2.03584873129585,2.25656496513733,1.72775066101578,2.58947885600867,0.347657076827004,1.86734734038643,2.10410100346362,1.71556061387583,2.28786091614244,3.15750850738791,2.93973297063047,2.29855476398925,1.64254679333685,1.54719664462017,1.80097177195761,2.09298488945811,1.83405418928279,2.10932449546805,2.70422804327485,2.75061112759657,2.38340734991835,2.17881127725731,2.30656110140516,1.5268871766433,1.96792364201051,1.7531744326285,2.38388334494574,2.0416968149941,2.52666986163272,1.66501321004027,3.14858333775856,1.83084400929851,2.27919099387152,2.63938047050309,0.307581208470824,2.03749950193617,2.67637486747191,1.89260710018151,2.4734248219633,2.21636783262311,1.60760317878277,1.88783552911678,2.51898355214911,2.50342114771829,2.70556349063916,1.50153378918348,1.57485764834754,1.8398353695196,2.23475178338718,1.96421482756966,0.715202190848965,2.56029443642306,2.04795153093587,2.69504329576521,1.69620660926093,2.12312886562578,1.73011324770655,2.16165573154024,2.05413121925084,1.63657650417572,2.14459340826097,2.29579352502406,1.41855266902819,1.52518467295609,2.30836077031981,1.6380532274752,1.65420786304158,1.44866703076058,2.2739532139584,1.75861118905971,0.5102303950367,3.2263123116194,2.21809531179533,1.0655462328634,2.12181482842978,2.86509992779015,2.31268944891335,2.21204395247551,1.67561415937715,2.50964458673781,2.28665513365931,1.73116185435959,1.07886256871545,1.19405000446217,2.27623346590313,1.31802321199177,2.6751913719345,1.37206732816452,1.48572195789403,2.01432846353098,1.72141387202341,2.28697525080905,1.79480708649218,2.26191606307436,2.740656199975,0.863416143417868,1.83732189052423,2.48144035950326,2.3658696318612,1.23326983509809,1.8135394868098,1.76578135135696,2.02054448897908,2.37025160927669,2.75594658906206,1.7674719581895,2.6023052410712,2.91115926461275,1.84640130670851,2.33516022835455,2.40535266276719,2.51815771882225,2.1898417538711,2.13553438361979,3.00426583496062,1.81935163614362,2.73750728897101,2.53808795761585,2.32335173315736,1.85772024451669,1.70679525575987,1.73559975312219,0.888544835509075,2.64873718426291,3.03879932725003,2.31651071344196,0.926106034208094,1.90448149411872,1.97457512405822,1.40806171893544,2.44392708934617,2.95807281457388,1.39275732837165,1.55221755841808,2.56928196649293,2.35213881451228,2.12888711465148,2.52657073462744,1.73202113892636,1.47533441663174,1.01543197366951,2.33633662197495,2.53163893087221,1.45276710356767,1.49366275951463,2.22833992304325,1.79887741267895,0.868480769155343,2.28028989740574
-18.2302468401475,-18.9135771547017,-18.8456685041416,-18.5593393631271,-18.1078270642799,-18.969551618901,-18.918057337338,-18.8784499211065,-18.1555090824788,-18.2382411993384,-17.8058447971189,-17.8385841962432,-18.7196678972757,-18.7142356421307,-18.2291173640653,-18.1023980880898,-18.9701269218728,-18.8292856413012,-18.0045760265384,-18.1350789122081,-18.7754024566623,-18.5217205914979,-18.3171925270595,-17.9813999597486,-18.5079678150985,-19.3810481130623,-19.1857634938238,-18.6884977674832,-18.2397056756317,-19.0302469470516,-18.8235188410637,-18.5331754112607,-18.229542784165,-19.4540554224097,-18.5568693646058,-18.4162729467749,-19.1969423955062,-19.8046570896341,-18.0673194076238,-18.5106510802161,-18.2822995054736,-18.7178723672899,-19.1981818698157,-18.4056817891327,-19.0922861269537,-17.5094794419632,-19.051749322081,-18.8517271681816,-18.5818885093975,-19.1195475393256,-18.193078804132,-18.103219948493,-19.1027186880723,-19.3424977019627,-18.8871568723987,-18.8238363974502,-17.9493874503458,-18.6820656926295,-18.5597057795971,-19.0112137999731,-18.6521687871044,-18.5218211037915,-18.9831641954364,-18.7700060809381,-18.7019681972783,-17.6567390168232,-18.1491984323741,-18.9702061081716,-18.8359112571719,-18.4851111928588,-18.0273185205666,-18.6957874169535,-18.7524275597938,-18.8483539584252,-19.0372012335496,-18.1119717417485,-18.0440664803866,-18.6952955525924,-18.7843878475326,-18.637937547969,-18.8554195410245,-18.1636606484579,-18.414752300976,-18.5179722770185,-19.2644001632715,-19.2260539072706,-17.4931337655543,-19.3173576962404,-18.631034909676,-19.1462014407289,-18.7052459721677,-18.9833490628001,-18.9006106294164,-18.7204542627749,-19.1281211306509,-18.4011323221464,-18.1194975006171,-18.6285603517479,-18.4139866919999,-19.1343689089619,-18.6198006614258,-18.8079817985496,-19.4249744561957,-19.1305554279263,-18.6785745965611,-18.7573029540766,-18.9813696463108,-19.5077523269834,-19.0049423209045,-18.2055378220295,-18.5170600229986,-18.7603786628505,-19.466875165408,-19.3747857974456,-17.2503885789698,-18.0995039417916,-17.8958388117537,-17.9423454003371,-18.4604226200435,-18.4853068038416,-19.007537367838,-18.7491098140892,-19.0716332297292,-18.5077725334856,-18.7621438831454,-18.9424232737225,-18.3003639820995,-18.837524124033,-18.3380991427799,-19.8587438372457,-18.4263976287453,-18.6921863740492,-18.0875949287627,-18.042104149564,-18.045248986788,-19.1670274281711,-19.8830309175613,-18.5682325889003,-18.9229333712464,-18.0508090833371,-18.3615791761504,-18.552358078119,-18.8092685039519,-18.4473419110077,-17.9962628577053,-18.6140582911129,-19.0021380810311,-18.274395169474,-18.3646269503042,-18.2987763009922,-18.0164579921786,-18.6421815142144,-17.0799113909601,-19.4730571414024,-18.2342180750111,-18.3560342064468,-18.6287547278292,-18.4301612593726,-18.8902344596145,-18.5832254542219,-18.3402602842526,-17.7922228636351,-18.5843457794482,-18.4246362004061,-18.7143747175112,-18.6269657142401,-18.2701627997916,-18.1867707536463,-18.6898255030285,-18.3078014120036
-4.98926269764605,-5.30826503242288,-5.96984132520151,-6.43812161942939,-4.68835980652954,-5.89796447406184,-4.25097542144059,-4.45676423164131,-6.20427666240916,-5.30185896960973,-6.57458135815805,-4.74859559511595,-5.18513235760652,-5.71103828496389,-6.02658976037832,-3.00918804664228,-6.43401807212901,-4.02201902197886,-5.44197678303923,-5.50831859273172,-6.25460856003753,-6.06225761063255,-5.45237112042425,-5.10383227059684,-6.72196443982907,-4.89889371633026,-5.88344753515834,-3.73076779384519,-4.93163238390756,-6.39124233112104,-3.82064984706867,-3.56421336754548,-5.69512078791607,-5.86157115360296,-4.32631245809756,-6.11033272409586,-5.25434184947636,-4.62471670717145,-4.35165019121158,-5.31736384213186,-4.46936260645706,-6.02695699130732,-6.59353697445951,-5.19617363041029,-4.22702269579391,-4.61349751134107,-6.47347267410311,-6.63472075219859,-5.57965362621275,-6.97132566040346,-4.43634387088407,-5.84794637644082,-4.54769818129197,-6.23515309023059,-5.75400073968657,-5.30320611372811,-4.76944439742694,-6.70004824813885,-5.56052635027895,-4.67737585535547,-5.65377297333391,-5.2393376173979,-6.96221764338802,-5.91818854863692,-6.16169906873412,-6.22880257446874,-4.66439597223797,-5.31699091366898,-4.29755506284353,-4.91893752894756,-5.53833128207867,-4.35016019196119,-5.79595572432981,-4.66331308901171,-6.15682516657704,-5.65480516452296,-5.56648696070486,-5.43550542596655,-5.82132307634958,-6.51376486953568,-5.31366911104061,-7.67909970593173,-5.28237890772732,-4.76319732734145,-6.09733901250176,-6.4005426948216,-5.99642395568861,-5.62871346260529,-5.40711028612143,-4.52674096569606,-4.87514366320674,-5.02555004390656,-4.02990039952308,-7.1010328950254,-4.6076420941729,-4.24249735753276,-6.22096091077219,-5.02259191910627,-5.99070756774956,-4.80171228664845,-5.01552927021134,-3.84417279823081,-5.48847350833779,-5.40315690300623,-4.85692883014911,-4.94650656880733,-5.79191370595829,-7.01396752176876,-4.53224791979145,-6.08310541062421,-6.27441339720411,-4.46592490310918,-5.63407813210627,-3.77295774884371,-5.52979209218901,-5.95684181363136,-4.95488509701108,-5.67776095085373,-5.64904655689743,-5.13765755973928,-4.28469441426683,-4.14319384207876,-5.69695736114544,-5.35484727692026,-5.07942351349827,-5.77723007783358,-5.41209089277855,-7.73459362647604,-6.21422828849507,-3.68721475532488,-4.00841703886715,-7.86974717215206,-5.5943880004093,-5.50863868376947,-4.25978024347709,-5.32038184637464,-3.99592589115035,-4.56353795764116,-3.90981483260389,-4.5352031163823,-4.09169167933418,-4.91641088386243,-5.4289028966945,-3.88552665191191,-6.05734921517607,-6.42439814805205,-4.92902716837533,-6.87630316904134,-4.71742366525271,-7.13516166513829,-4.65354119551048,-5.5592592673638,-4.81295161793608,-4.5634736117483,-5.36515726570274,-4.40751646355065,-5.66248813477898,-5.77922174401458,-6.85923575950881,-4.06454939765935,-4.93619326291019,-5.81227097675263,-6.16772765038098,-4.19931431526102,-4.47027913723553,-5.68921467520129,-4.88405853705291,-6.60513857380036,-5.69663654011879,-4.51857136225718
4.88950184886546,4.5571479110978,6.08463230143777,6.98872087668453,4.17208564520951,5.59609370668826,4.19178418464535,4.61484699725709,6.70135060334666,4.57927316872452,5.10757723475555,6.41826157967297,5.80321775770657,6.64428508814169,5.16399259429233,4.97783490063317,6.29895084174111,5.28689095957194,5.12721983792832,5.42882786174966,5.4957089863318,5.82184571259033,5.50421448887613,5.99148939770486,5.22449616607737,5.14168921835287,5.27091149377408,6.61253850437511,5.69962090526747,5.30468583979335,5.92100139924889,5.38522415501301,5.75725261914316,4.85388382705549,5.37531664833566,5.35664314833168,5.82103920035824,4.84345573941445,6.42469760738173,5.4758201409635,5.73135111943142,5.51608261436327,5.77638884368856,5.49211274959323,5.23843070492112,4.69974530419315,4.95097428434024,4.07791712703444,5.16517067893693,5.64721265173581,4.65465002372185,6.88427839407362,4.90700689602271,5.25565170547546,5.49161482000905,5.79781098947764,4.88267816807356,6.97938434428263,5.16399323766613,5.91542202463783,5.07176273690798,4.8857146542403,5.94466168845676,5.61811089806924,4.58596861828358,5.29272090367599,5.96655332042105,5.27768125605268,5.22727687209883,5.48348073789304,4.18222880561563,5.15779676463643,6.00264051222378,6.2966608853458,5.14089180838652,5.16010042905047,5.20770305189772,5.11748400579894,5.61226346780432,5.36783815285691,6.18581172177789,4.73607698452061,5.76690648246403,5.52817355035741,4.09886277967584,4.93548011634645,4.67411994684142,5.69976004157885,5.49502934210279,5.8888858327319,6.68684200109826,4.47762694516147,6.56243533198253,7.11119915934183,4.56381783572562,6.44841153598479,6.07657928187904,6.43407288087316,6.25625551101292,5.50843280985949,5.77239809909307,5.50512937439819,5.13373658020921,5.56501475508199,4.67726476045157,5.61848390971942,4.53829188632632,6.02021199987284,4.74804619230088,5.39237419993146,5.73265578021744,4.45270286998138,5.88581819891495,5.68146824194688,6.8663758620721,6.30771506606884,4.80570738489925,5.63526269573929,5.34580374974004,6.52280411911928,4.86448835737932,4.69293392774185,5.20244844746385,5.58987399881356,5.48723865294448,5.76141186716609,5.31276139017672,5.97166229014174,6.06262905880216,5.44495460556059,5.86805803482896,5.41611957880222,6.08644901384744,4.93021554545828,4.9853631719916,6.24414082632771,5.97725014317875,5.53017648715202,6.18030400803744,5.43885378522924,5.39905687630228,5.1278633609681,5.1026532230684,5.19532030510973,6.83492323658004,6.47648236459586,6.15685947817285,4.84222283746693,5.45107750817774,5.73194081550858,5.39825265024306,6.22034854681202,6.7051786785706,4.87030380748404,5.99243162287939,5.63994559271384,5.84370464536197,5.47418260420561,6.47344295622302,5.15769137565005,5.26333009429189,5.98195726924904,6.06373605885787,6.4663650813753,5.11325347741875,6.3360606811211,5.52763396002183,5.18283222926933,4.50262182016216,5.66247693198221
-20.4060831703751,-21.1198828308153,-20.9890708383718,-19.5303361435578,-21.3262749083699,-20.7063403132842,-20.5157005924813,-20.4715499896871,-20.0498166077845,-20.1481033623621,-19.7413006308809,-19.8619586018181,-19.9144589217927,-19.3407897565024,-21.2249675353947,-20.6621286681978,-20.4198233889316,-19.8429549391872,-20.0408181563613,-19.0934783949822,-20.3423755345073,-20.5365697849494,-19.4279376303998,-20.1051379443522,-19.8115393661927,-20.1912682992457,-20.4710747802617,-19.7601248273767,-19.6116592527608,-20.5957250502232,-19.1942592407068,-20.9729052482268,-20.5337734284675,-20.9738935780322,-20.8372296924642,-19.9403198796904,-20.0364966356172,-20.9165376544533,-20.1531850536738,-19.3407131460244,-20.5998590253649,-19.7101172505686,-20.3207655796041,-19.9559924026387,-19.9311421365433,-19.4666167319714,-20.3948894985724,-20.2772243496734,-19.6988172972866,-21.6115538408191,-20.7330602696859,-19.8408360637581,-20.3975726744252,-19.839557264018,-19.7745669684942,-20.7988588242519,-19.5738292303738,-20.0046888204146,-20.1067842353524,-19.5264350724084,-20.3507845185758,-20.0948951419154,-20.8311170050676,-19.7575817205504,-18.9467462277443,-20.3228392270674,-19.2760062154985,-20.6345808502653,-20.643025505256,-20.157910045569,-20.1769219060498,-20.4319033223375,-19.9266720522636,-20.4292654985503,-19.5424318828535,-20.1498337810818,-20.4321139135412,-20.1648165654632,-20.4792737426619,-20.2678006981611,-20.381026861199,-20.3970284460003,-20.2621754435734,-19.4607952819427,-21.1387477390056,-20.2430147204408,-19.2893811728286,-20.6356823344627,-20.1014001968425,-20.3846223901337,-19.7466621182281,-19.0493608441842,-19.3972178694073,-17.8084573681762,-20.4576798140773,-19.752950438947,-19.7729306760394,-20.1957734230242,-20.0538254467488,-20.4989298977623,-19.7904500325472,-20.5383281609686,-19.8811644137842,-20.3209836725256,-19.7999487914605,-18.7179146208216,-20.6254694404271,-20.2714572175412,-19.6322805036692,-20.2300166712922,-20.4209202448825,-20.3485477723914,-20.2938482041363,-20.8940395816038,-20.5532468947517,-20.1928360243708,-20.8408362605252,-20.356976649269,-20.1697498560318,-20.2775604184409,-21.2620395699865,-20.2311014001109,-20.6235233987138,-19.8066989844866,-19.3247578422152,-20.4468880883452,-19.7923309883282,-20.1759361404039,-20.4681606591571,-20.8802721271192,-19.9187495010547,-19.4039164073827,-18.7854659743063,-20.0757841329387,-20.050454734018,-20.6922796176669,-20.5460704804079,-18.9960711985256,-20.0925501630347,-20.0943170271084,-20.8399413517988,-20.2120357978274,-20.7938333773633,-19.7519681507287,-20.0283218836952,-19.6572222550387,-19.2311089992946,-20.2634827958296,-19.3755967993936,-20.9230667522218,-18.7459974562217,-19.4096473746731,-19.6411933636987,-21.9334109516667,-19.939204650967,-19.7639865640051,-20.2650698635931,-19.9561311815981,-20.8221139880963,-19.7960755393115,-20.9787395187733,-20.0110036651703,-20.0758305463644,-19.1488742451237,-20.4295838919501,-20.4615500086876,-19.3486556622308,-19.6158344438419,-20.2188954431424,-19.9571118840795
-4.87838706553323,-5.54316866289855,-5.42161509923405,-6.59328495447487,-5.13773037493822,-6.97555848919172,-4.6778461894001,-4.9590747692385,-6.07988023454237,-3.90610778046521,-5.30983905280585,-5.34969335346438,-5.26720331106897,-7.39523915732027,-6.93471783189525,-1.43628401300007,-6.70602654706822,-4.75343393393884,-5.78569397451851,-6.80479700593348,-4.12685988455361,-5.91047802917534,-5.81471839283751,-6.70452178668438,-5.65888961484276,-6.86796578047375,-5.75040941680101,-5.52075309853744,-5.46122861693274,-5.71653950594255,-6.71945914258453,-6.5258782354851,-6.63732370722717,-5.37075477933037,-5.50090069452309,-6.20776233820173,-6.08831456832122,-4.00603639135411,-8.73326922773442,-5.49471856355987,-4.12949042184046,-5.68201910867578,-8.17524471173741,-5.61103608446645,-7.07915738231988,-4.56209265855042,-7.18761892852642,-5.64243465955711,-7.00703288270661,-6.86205813253305,-4.19320525165022,-5.46430069184814,-5.25166498679153,-4.4485083152518,-6.10289144765898,-4.71301995149015,-3.89345510371819,-6.77736660495558,-4.86169404270063,-5.21787752429113,-4.19757089253916,-5.86857840742765,-6.75955906033366,-6.57259926796777,-6.34233942847218,-5.32114693781713,-4.85678193429055,-4.92699150650517,-4.85385554795748,-6.01477635055902,-6.9748782899813,-4.88569568721709,-7.01289209464949,-6.97881943727374,-3.23158229999523,-8.23291346297487,-5.39486715136808,-7.07391699532726,-5.27726769023387,-4.74730993218069,-6.19048557125462,-5.20475787407777,-5.03904902657681,-6.98288472799659,-6.41524122313916,-4.60800218173308,-4.11072553837125,-7.16699788672505,-3.0415451302042,-4.06190020483997,-3.93925136539801,-5.26559080428922,-5.32539425517652,-5.59571568128261,-4.84141491564478,-5.00826294009334,-5.8090736554304,-4.98544282970732,-6.49298165529353,-7.08580512535834,-5.7692740691877,-4.43438488167891,-4.50108599235352,-6.29390267797788,-7.32179226269918,-4.18658498752777,-5.11750301556943,-6.27083089536848,-5.08339244292542,-5.450035120851,-6.8500732901916,-5.73837173454661,-5.49291574221679,-5.32042269862394,-6.45390810734583,-7.3490297509944,-4.6472456419796,-3.85540615495425,-5.57036938677141,-6.50954729727296,-4.4937049200768,-4.20048846914028,-6.19581365713798,-6.58269368047167,-4.02639080410891,-6.40095645032143,-5.58217516106255,-7.44983290635321,-4.39218917965838,-4.60241539467321,-5.36128194794304,-7.36160064946735,-6.77108135650693,-6.39593662611851,-7.32215188307329,-5.64333526586482,-5.35425300637675,-5.13820409502715,-5.46520294161386,-4.72900889737585,-2.63601595281764,-5.23994397642642,-7.63002644387538,-6.32854173272236,-6.25554739354956,-6.15104122765721,-5.642890814117,-6.4725519111013,-4.5787723122558,-6.339863728133,-3.56723592405691,-4.79629873295279,-5.9771952496108,-6.49702800654844,-5.23395410099767,-5.37060409601138,-6.90177979806308,-4.50972998339531,-6.63740841728487,-4.02139406206333,-4.83773441277112,-6.46792261081424,-6.47749250312646,-6.86285634129912,-3.42027479858692,-5.3589230045267,-5.54503328248812,-7.84493730365518,-6.68404650645709,-3.44513105372527
7.30436942467454,6.91820395032226,7.55615847639531,7.17370562770049,6.52621166117224,6.72550913992065,7.53254170395381,5.70642898732404,7.70661503985405,7.89255313904118,6.65275218754892,7.73797193170055,5.4090884131826,8.30724301848643,7.21896399390053,7.23411104936355,8.06625374155442,7.2333610378874,7.06661113222304,7.20578424206241,6.50354994485259,6.92947326577807,7.2075463404028,6.52680999857256,10.2515846199559,6.1092554250876,7.51191424783591,7.39025438479857,6.79458976000923,7.78971011086301,8.23267546126227,9.45385152615377,7.8228189871972,7.0701215376975,6.70956281953159,7.31793859440077,9.49335616477893,6.21772617560641,8.87555143241884,6.24837692753788,6.8214094922312,7.80980941366077,7.20444388736507,8.0635548444422,8.72424854616715,6.6045137933426,7.94207013927295,5.23236581224002,7.15191194794213,5.39172438930811,7.42003202819397,7.41499361353825,8.72361350014874,7.23582038586059,7.45481430229898,7.00530504657538,5.61352434373463,7.65130022818154,8.32929899264092,10.4391517101675,6.87393246101559,6.39378077911898,7.65019629422787,8.27436265959119,8.1621366920389,7.06668215962803,6.8697608205102,6.78400629182057,8.82318850753833,8.10421300126189,6.40665725217453,6.62122284968403,7.8662294507155,9.10797632958971,7.45918767927357,7.56350231755494,6.75104071005652,5.89321781359612,10.5669953381884,6.03581662381526,8.38715566205785,5.24913712535202,5.6004407330855,7.51767063112761,5.87723061648534,7.27410480659381,5.26132796648711,6.8598363023263,6.63404033034772,7.55019185392692,7.60801775731136,5.58296388083249,9.15037383869711,6.96054079802771,7.57027645865674,7.10627222585892,8.57482201587166,7.85437504405171,8.06475663378401,5.00575812989112,10.2276360598147,7.32565265285064,7.42924390774786,6.08977796391668,7.50587778643786,7.04679836101799,6.65769210114535,6.89626883931488,8.43767374032202,5.28860371537002,6.98108583469499,6.59442977151046,7.06909847006505,6.81673102054974,6.41758072050366,7.35702258447346,6.29444337989271,7.04090408760525,6.78302800492889,8.00499947058502,6.15199842422301,7.19230528569904,5.71953271960225,7.15369488447701,6.81118648102933,7.17850843779957,6.60189776020405,8.35960270735696,7.08626420894007,7.26934896868125,8.07532566983464,6.51398104774799,8.25904117819101,6.49381461463007,7.41472490267105,7.65704558247429,9.03568483283814,7.41578171145357,6.50491924431189,7.30793893444718,6.76219422031273,6.81935679103537,6.38789763844145,7.44120635165088,7.61310089330773,8.45615900877656,7.72329222637498,6.55312393532403,5.51731735397721,8.22275256868276,7.87303588793001,7.55255611626946,8.33728661045588,5.05134516389387,7.5491457217596,9.09559538511165,7.46100176304535,6.99079638448018,7.83504634688704,6.34558657062085,6.8982854562716,5.98688806035353,6.66698780965201,7.93927333550186,7.05125482905132,6.23951594857027,6.65808601320039,6.3600535041283,6.83655144073247,7.37344545864012
-22.0777565280437,-22.5421452954773,-21.3555177367468,-21.7755717687152,-21.4194286104446,-21.483733258408,-21.1376344856338,-21.5222718821875,-21.5497979835721,-20.9351552004062,-21.1329072914275,-20.5448777180278,-21.006536403852,-20.6792008264769,-22.2815296490285,-20.3198056686942,-21.9682251329799,-21.4456994773539,-20.8570709619007,-21.0459003756514,-20.0432455982175,-21.0997855040535,-20.4364461946983,-20.8382380890159,-22.1297495038704,-23.033379537309,-22.0770021045285,-22.4676097886072,-21.103991019062,-21.7843807183251,-20.2328343203018,-22.2478061467615,-20.325227465082,-21.7874033175528,-20.7475466252967,-21.9472035822773,-20.0836116184317,-21.6678985490496,-20.4947091254106,-21.6116771279217,-21.6193954028739,-21.0157384126063,-20.9796971239866,-21.4794420075208,-23.0856239118455,-21.0911413525298,-21.0861592717183,-20.7125234495539,-21.4264861763687,-22.4699776622259,-21.1218776153692,-20.9101593924683,-22.7907627964355,-20.8005513882989,-21.090149267208,-21.8354097806619,-20.4471114757408,-21.4038094214061,-21.3393621807339,-21.4094209254458,-21.5060703746956,-21.0852543400518,-22.0037637176712,-20.2919844280215,-21.9248025785541,-22.190856659163,-20.1924630837079,-21.9891134112293,-20.5162202753942,-21.9841643138085,-22.0867860472786,-21.3260114425347,-21.2204568847283,-22.6931946317445,-20.9439299211877,-21.3705730299733,-21.461754069983,-22.2265566906454,-20.565377134014,-20.6699161535067,-22.2788641408909,-21.068971459221,-20.6583469815859,-20.3631198145311,-21.9302199197434,-20.8486357226392,-20.3742743632892,-22.9867603744862,-21.1023860045802,-20.7819013256451,-20.1012851728641,-20.2800577164573,-20.5361698755605,-21.3706004423719,-21.1062423464544,-21.5115174841345,-20.8685309236277,-21.1618404986535,-21.9335252536215,-21.4836354809346,-20.7927094514347,-20.8816915052143,-21.216735655301,-21.1105315184987,-21.8319436308592,-20.5435723579902,-21.5696343439331,-22.0972282102194,-20.8353448954585,-20.7257451466449,-22.001651413891,-20.9207492732746,-20.7074407582462,-21.9119990587341,-21.7705919293664,-21.8593956517538,-21.680952778378,-20.9697234513775,-21.2822903888397,-20.4716805263799,-22.5900818602165,-21.3107745378143,-21.5368249714616,-20.2886642321209,-21.4385413164787,-21.4712071217876,-20.7283581971649,-21.5355160112768,-21.367441227514,-21.1785757471461,-22.2067809502598,-21.2658146781246,-20.7985585967391,-20.7617790498063,-22.4772713889155,-21.8178253627475,-21.1601817838518,-21.4494164984049,-19.830844869799,-21.9259652293567,-19.4345633931895,-22.3891466936409,-21.1474713676376,-21.3039878795111,-21.2110849611194,-22.1804894600684,-20.3885681986034,-21.2220015003496,-20.8174541123836,-21.4272519296617,-20.8977028294622,-19.8129116434553,-21.6678578662153,-21.9724555004282,-20.4202534778829,-20.2235841378776,-21.4657475821032,-21.0967606495084,-21.9056187228588,-21.6157084111882,-21.5096186031536,-21.3426616710123,-21.8503097957293,-23.4137890481847,-21.3737985114527,-20.5508193946057,-20.0572354953592,-21.4855254340496,-23.0841325681602,-20.5133524310073
-3.33062555118984,-4.32615284443332,-4.21931999344093,-2.74456186474503,-3.39795651320116,-3.04265049180164,-2.60195679307707,-1.85940674477481,-2.393139056599,-1.19070256244492,-3.46414502366223,-2.10436271337192,-1.6042386421921,-3.59851439228436,-3.2646272153261,-0.408018141227694,-3.00355727704602,-0.729434878428593,-1.18903125574083,-4.1054780083353,-3.75110031534718,-2.57030163405077,-0.320424463891533,-2.60252579653113,-4.59176631908999,-3.95668044865007,-3.03611646515061,-2.51482386391487,-1.01249448673878,-2.58478731685848,-3.21757950026076,-4.54870365778597,-2.8582032623814,-3.3980346218631,-1.95633492981806,-4.46987567917999,-3.99460040614795,-0.683071661078894,-7.00417804381221,-2.60096117605079,-0.47276822018104,-2.7219192070918,-6.69853573594235,-3.40944520876722,-4.16748755839005,-1.72543320966493,-3.26999595217399,-2.95827913622882,-2.48782493843907,-3.32823696812706,-2.6546209768717,-2.07958084273623,-3.9639700568404,-1.51241076898443,-2.85107398165478,-1.52395876810045,-0.432233467671181,-2.71315823473907,-2.54267260038059,-3.16160808034271,-0.12694630434331,-1.91290207994146,-3.65479521172316,-3.96752584157931,-4.11086733993489,-2.61010849454435,-1.27508078333319,-2.35340736455796,-2.71653113528533,-3.61547219240614,-4.47934383066662,-1.81204230446178,-3.87891378454998,-3.9304745160774,-0.241583973671887,-3.62522568837478,-1.83096869725026,-1.01126570628869,-3.16444755818953,-0.777768531368154,-4.40011070423302,0.46679000997588,-0.207599584732208,-3.59708144799285,-2.6830316571433,-3.31418360814392,0.327226868272743,-5.09300708036138,-1.48394285919353,-1.95373804770298,-0.885807056313471,-1.09199794251986,-2.57561774278092,-1.52515458645953,-4.39128434086013,-1.164038155948,-3.02361222420427,-3.64078181303889,-3.56306152417247,-1.28528786158,-2.96056160353479,-1.00186203489714,-3.46382316621801,-2.6117782330886,-4.84167551906689,-0.840784610546804,-3.15568475883467,-3.69767914275978,-3.64645430472197,0.897962481813693,-3.61739342531163,-1.61888687338839,-1.61407360240808,-1.96787270512577,-2.61446290855355,-3.36306977269134,1.04635547721318,-2.0421153643528,-1.5746726975232,-4.19847376053203,-2.06300325778386,-2.82970183541472,-1.27378573308836,-3.12875350992581,-3.62821522676383,-3.1345342909235,-2.3163777132998,-4.84151576224747,-1.00673250883673,-3.28382606385739,-3.23416572551876,-3.68840627714014,-3.73371540574225,-2.67075162757239,-4.64601413833947,-2.15643221889427,-4.41535674854508,-2.08276041352603,1.61572324450815,-0.515375200645713,0.960570602685206,-2.86929951490564,-3.37173352892417,-3.5488596822057,-2.89225904902208,-3.32823286361784,-3.86294342906638,-3.68623310876361,1.31118387767253,-4.34010169238138,-2.00063295849397,-1.71490589692229,-3.31859105989499,-1.60207786976232,-2.52360126413915,-2.4138252369108,-2.88938864292363,-2.54142647302085,-3.60825637177585,-0.6553737776711,-1.14342252629832,-3.71356131730943,-3.11236867821283,-6.29547918265222,-0.556787701009074,-1.70290785061563,-1.61988596860398,-2.8498175607101,-4.78546275650243,-0.188121780149132
10.0565681211157,9.72523503721871,10.929837158469,10.5843088493113,8.90926263723096,10.5869514797406,9.82707767108791,10.6900698124463,12.187925782577,9.87967849835119,9.98375908927209,11.2313122213694,11.0989046771649,11.2718044641994,10.4252007318871,9.04698065453012,10.8962141217587,9.91101932401087,10.3321326740984,10.3813822312552,10.3058455475869,10.4391707982123,10.0679724260823,9.60129589672625,11.1104463443808,9.64861666314886,10.8225286088335,10.396600004089,10.712339738549,10.4832671687894,11.1752146250357,11.8669446851751,10.6660722129896,11.381923034875,9.39447477317901,9.87649859643594,11.4668082254975,10.026106685618,11.2073902374414,9.90836727819616,10.4188394064208,10.5256984329878,11.3764755197511,10.2483152517074,10.6183350572074,10.0355857092404,10.5731710038792,11.59946531891,9.17184379306528,10.0086734789745,9.99026200916758,10.3569130662186,9.99205293284832,10.3108881177728,10.90880819365,10.5852318850097,10.809277077395,9.28318753705934,10.8278784772167,11.7964570306369,9.91702201312282,9.85613815386874,10.6881393836624,10.6965498832583,10.6498410717237,11.2791763534076,10.7421926585555,10.1485333916419,10.9932668395338,10.2620885973149,10.0611093649975,9.48550411967931,10.7194520265694,11.2891077998533,10.8977323855661,9.88566862794154,9.66399734277931,10.9189158188713,11.5918676194805,9.57162731184125,10.8947348995049,8.96122178922808,10.8224189936867,9.97305402825273,10.3918847447352,9.96129589232811,8.72723951800321,10.3568198449916,10.3603583536992,11.2358337498981,10.7568359337293,8.85247237601977,11.996192959863,10.5604843439066,11.0062056322652,10.5561644554692,10.7834518579476,10.9615800675154,10.3526682971741,8.79353945587537,11.3285871249399,9.88926298036209,10.2728007412145,9.91874713602336,10.2074971012419,10.4823425638634,10.069663821979,10.1847253225812,10.4016458695404,10.0772828562761,9.62540534820583,8.61531467269724,10.5224056692159,10.0326437171083,10.416505594834,10.361049441126,9.22213917921923,12.0451658033572,11.0651548070251,11.1599240978578,10.1522936247472,10.1462469798885,10.4867236337411,10.1932813464073,10.5150041936748,10.5967641867278,10.2583835330283,11.7807550422648,9.26344229527962,9.97413360732437,10.7845907870043,9.81105810105875,11.2043925690093,10.1656188414454,10.7140071539939,11.4602400243592,12.3268633538903,11.1000750887538,10.8488974450139,11.0752674537161,10.1823726205814,10.2564286713988,9.58650489992354,10.2696916254702,10.9031320053588,10.1235334712895,11.7358407636093,9.14894385213124,10.0315776891113,10.6183591210442,11.4204093733276,10.7511126964687,11.0826842494922,10.2049855092591,10.3997559631026,11.493143295792,10.1739948700889,10.6011295933672,10.2924660229046,9.85759687924376,9.80923084322736,10.6760853957769,10.0750775846647,10.9951164811437,11.0781696594245,9.2315663878898,11.1233334110788,9.96005169402481,9.30381638319255,10.1857957335124
-20.5711745046627,-20.69094016658,-20.191139748151,-18.8773357203459,-19.421670068885,-20.1162513065949,-19.2868269823289,-19.7278317393818,-18.1329279421464,-19.4657300174888,-20.360811690447,-18.8396284480676,-18.2126911903342,-18.8875729797964,-18.5574045982012,-18.3608891051184,-19.0199611578369,-20.1714149043037,-19.7476887849302,-18.5742676827491,-18.5062065581744,-19.271013023529,-18.1721900245097,-19.8846735771169,-19.1077193375818,-21.6780658683259,-19.987837705236,-18.6786114947739,-19.8871546582331,-19.9221882783302,-17.8725097459736,-19.4375189437734,-18.8636075105806,-19.8019995103289,-19.5965821807664,-19.171108686662,-17.9404823029138,-19.8484061866656,-18.8980180662663,-18.9994299606439,-19.7348030935808,-19.949745608474,-19.3921149152594,-20.9322974289137,-19.7201366817067,-20.2176636128867,-19.3164938407817,-19.5393602450481,-20.7716945077092,-20.3392734389946,-19.121558891061,-19.5867593030085,-19.5271373577987,-19.5842370143071,-19.3502759295792,-20.4867681463515,-19.4870253191065,-19.1562359862471,-19.071091237125,-18.8540948847363,-20.3055813745387,-19.6966888016965,-19.7238962577834,-19.2666519052412,-20.5150760347837,-19.6336549650202,-18.3565389999766,-20.2437030791006,-18.5743309926768,-19.6880692431311,-20.2459789183538,-19.3624236802632,-18.8015530031006,-20.6110952372035,-18.7879798415612,-19.8245817516958,-18.9518762282763,-20.1328705714188,-17.4789207076685,-18.751551575093,-18.0467720348628,-19.3891369355935,-19.607566385833,-19.8591756704275,-20.866658867443,-19.3719609750174,-18.9682197999525,-19.8960948082502,-20.3351769893341,-18.6709723902859,-18.6509488583424,-20.2690836829539,-16.2635480985681,-18.9039694843253,-19.3068041982999,-19.9600776866412,-18.4587341350764,-19.3648478138524,-19.3296048921185,-19.6484858881032,-18.2196691625889,-18.7570554918954,-18.2389445924459,-19.8320560575673,-19.6229109561217,-18.7422336880049,-18.8713751455693,-19.5101023963035,-19.9518480162903,-18.7032311438755,-20.0625287625402,-19.1183807020977,-19.1658573471787,-21.2557095111917,-20.0762849991358,-19.6568275617605,-19.6634451488797,-19.3465565228347,-19.5928666004642,-19.153016042306,-20.970363975222,-19.8118808413121,-19.7374239403721,-19.5288925496508,-18.8268127919051,-19.0751298333033,-19.732941662194,-19.512565011479,-20.1338797926336,-19.5285590338598,-18.9015056048147,-20.5455731495058,-18.2002023911431,-19.8446797745728,-20.3187128290391,-20.1075719107541,-19.575875443275,-19.1015216668191,-19.1785727571796,-20.1617349436715,-19.0343498832831,-19.6896067862297,-19.2948697772234,-20.0494079320184,-19.1687772987967,-18.8914852149383,-19.821823134568,-19.5217800637607,-19.1916614914582,-19.6825359677169,-18.0977620284447,-19.169616218556,-19.7125469645241,-20.9220056146802,-18.3755192522633,-18.3987744218665,-18.8665493219043,-19.1351968812666,-19.2597035444754,-19.2740792421026,-18.8952530454694,-19.9119084631611,-20.0486085201339,-19.4752361442066,-20.376574546513,-18.6294242596493,-17.8770302000671,-19.60036156744,-21.7729926471857,-18.1776087165542
-3.86769662836584,-3.2976792125746,-3.136288757603,-3.20432219909999,-5.49306759006354,-5.25149812088188,-3.60363160628562,-4.11994718043767,-3.5987996835166,-3.3647870447388,-2.96379008489392,-2.51906824611478,-3.03286727879789,-3.18604754947877,-4.90657411156402,-3.92502823900062,-4.64016725969407,-0.887316332406349,-3.7265733269568,-3.121674250742,-1.85556628591236,-3.77810624772579,-2.73502835751744,-4.04221955115608,-7.00210548456735,-2.97172126383558,-5.58843754624302,-1.98418752466349,-0.919673061766759,-3.05302194525499,-3.68060594638559,-6.90642436917989,-3.99644727865163,-4.39743009744036,-4.42217976337868,-4.06452350244349,-3.70237809224408,-3.005135886593,-7.89271314150626,-0.0226530033167567,-0.233069361929219,-2.186623854362,-6.30674575195851,-4.92308208713609,-4.39131653278211,-1.52341116365602,-4.96998354072102,-5.79600130024444,-3.31926003149753,-3.9074678151422,-2.27164530548842,-3.81902247169348,-3.82010435652956,-3.46539339957865,-2.88533779699687,-2.48749847521095,-1.39846990312548,-3.67917419427731,-4.22792986038542,-3.86558393005558,-1.18990855567224,-2.3092100574402,-3.50392899755443,-3.71479804747134,-5.50818528692704,-5.88221335105981,-1.9936624521481,-2.8995519223363,-5.20240347291121,-3.36122576023683,-4.80572758624125,-3.09644829569399,-4.6844028430883,-4.700765831349,-1.61845865217366,-6.39810008369575,-0.0227414669988844,-3.39151263647352,-8.78341831870651,-1.29700835910572,-3.9787422565523,-2.53621865712244,-3.20504225302853,-5.28466144277375,-5.10746369538155,-4.77675541153695,0.15804735099772,-4.39003956601184,-2.29283054385121,-2.29321863306925,-2.53919402831006,-1.06348937176208,-4.34732365104438,-2.70838913945916,-4.12357655009727,-1.06067183944559,-2.77335693661779,-1.41792052602843,-3.85676039448965,-2.95977088809833,-4.39271164072139,-2.71057314730645,-2.75474954281031,-1.54498839638588,-6.2883001187956,-0.671520924641483,-2.6684322522269,-2.18232916313908,-2.42624876215508,-3.47408733360287,-0.263082651208867,-6.21617321891031,-3.37853961108418,-3.61583367857893,-2.59570736896704,-3.92304984557583,-1.21323340286219,-0.0829858842246378,-4.10778231503419,-3.72859933554563,-2.30593886483885,-0.813016812629787,-2.95354145329551,-3.49032119159161,-3.21644448705988,-4.28066802829207,-3.94909239959323,-7.13344239995828,-2.66891869740732,-4.61901069200813,-3.77595537391233,-2.56587545914691,-3.66809149148812,-2.83904577345264,-7.17702562733359,-2.76093975161592,-5.4870917942453,-2.34812984352552,3.49192213856846,-3.18064135331492,-2.58020762151899,-2.40967234398369,-5.1845070057355,-4.83589132087776,-5.03381601396386,-2.21290271096985,0.0758407632860418,-3.30994212778455,1.43827246598653,-6.00784749446581,-3.08878334234899,-2.41341912843447,-4.04195336890831,-2.23330419826187,-2.02106676345513,-4.78874054466558,-3.0871787054521,-2.98772966351834,-2.53454508341907,-2.30667861584797,-4.35450119334584,-2.87903167561104,-3.38365360540828,-4.34506762376772,-2.4496042668155,-1.17631940429308,-7.16374894874763,-3.61287587823095,-1.6834553687494,1.13006313796123
9.71486430565152,9.98410439742387,8.66946015964718,9.04061627162818,10.3923552001249,10.0732049609522,8.91738024476373,9.54202918179843,9.34182335506489,9.71859329126377,10.107581241438,10.0995423393526,9.95227235945127,9.69873868156314,7.92507952574418,9.67975344000436,9.42244901828629,9.10555427561975,9.58575530558055,9.11712100424895,9.37226062695767,9.29030776988894,8.4955552167263,9.2259059426029,10.9001254264508,9.06505172448156,9.49348935322454,9.87239118109713,10.4415148319696,9.4468958738663,10.6931761827973,10.4598040684221,10.5492241763133,9.33434538965209,9.97835626666481,9.90581710808854,9.3824059243051,9.55142721596081,9.56250243756924,9.19449102348654,8.55848363608391,9.99004024925741,8.41901495929968,10.1595416622626,9.68875426287588,9.64245951552292,9.66090410153425,9.52745634796044,9.51149486817931,9.12603282366424,8.91868714730867,10.5556570005338,9.44994472694221,9.65307627810776,9.76977261781308,10.3452084451993,9.5390675372673,10.12549184838,9.22320792195426,9.25868251707039,11.0232909805722,9.54899455161504,9.77074773166628,10.094845877916,10.1237948937346,9.94404553811242,10.5107626698087,9.60475687826589,10.2598493769612,10.380767110899,9.9033902882077,8.77830752737506,9.83568784012889,9.72832839413511,10.114689353132,9.83494240581231,9.75641044437077,9.35587273369408,10.0890102608164,9.68960836498424,9.80916670447178,8.6097110094314,10.1059711547303,9.11053414958387,10.1443934109092,9.79411865666599,8.7274849940041,10.2797344492711,9.71076203340037,10.1849095017381,8.87187924679078,9.17995196137111,10.71731441229,10.3337249366025,9.22209229961281,9.49081521692109,10.0486313927475,9.82143045509696,9.12288146396045,9.51198963507395,9.79028882365222,9.10823596758551,9.41967312713589,8.93679070596979,10.3941999046705,9.51977930345111,9.00111458270573,9.87760261840718,9.51559081460165,9.79724135761731,9.05565310385385,10.4743679506219,9.6555414108278,9.01825899977587,9.81266106668589,9.89141108437539,9.29003053563952,9.19603171065034,10.2071962802315,10.5672366296951,9.12725085531919,9.1754079818978,9.70590398616547,9.77896244963742,9.200678592456,9.69434415174871,9.67636648218284,10.4563164454081,9.61366034119097,9.08862116316597,9.59396872443501,8.87735193512895,10.2251507824628,8.42755268674471,9.44251998074745,9.94138956382445,11.7043053650545,10.6918872211094,9.18187948043372,10.0792981890858,10.8143460867008,9.43353962731575,9.79460086626444,9.29782425925004,10.1699373442882,10.6836911210745,10.141209012908,9.08565056332747,9.36847497177497,10.5500973558471,10.3998097812672,9.81652829272172,10.0837229611881,9.85055159363143,9.54637567718357,10.3256000811748,9.96492322376933,9.93016100650508,9.75221159849648,8.70584660076406,10.2330077249011,9.82436271741759,9.87114751775196,11.1969042382552,8.67992630243235,8.46786474146173,10.1481811140248,9.96558360096461,8.81450858133738,9.64552123064902
-16.9545500715064,-17.5013244506155,-17.2724699124959,-16.2871615108719,-16.5036983535557,-16.8390434255268,-17.5159035195207,-17.1006213626283,-15.8328999477873,-15.478757039734,-16.4063134227505,-15.3918825612669,-15.127978344671,-14.7087897865516,-16.4170196886509,-15.3868700328853,-16.2908027589198,-16.6218491771801,-15.851328490843,-15.7300382123531,-15.1052898153265,-16.1280824810183,-15.7369238742385,-16.9239471248949,-17.6878802661736,-17.7184721862797,-16.2311510015597,-15.7967296029893,-15.7232878184205,-16.5899983164997,-14.45261782462,-16.6976179787981,-15.6229036228375,-16.8353656995268,-16.2305903128423,-15.6603134777072,-15.0285153647448,-16.3278021048331,-16.4452138999963,-16.5570556962467,-15.6873135004798,-15.7812606689589,-17.7999050711135,-16.3479365859494,-16.6688683539322,-15.8491163328791,-15.7401185256117,-15.1480033219455,-16.9422975879635,-16.6237808458774,-15.8449200283692,-15.4482245624527,-15.9754442790649,-15.5960538066381,-15.1261228306421,-16.5222488083776,-15.6195182679386,-16.6114253934068,-15.4688689289111,-15.5203203276722,-15.9492049739776,-15.7875192594652,-16.2839383484276,-15.552765334408,-16.1654275463034,-17.1645437975643,-15.8971817742659,-17.1869042467473,-15.3528690836886,-16.0027196519916,-16.9100489588074,-15.3292557257738,-15.9307513216366,-16.3301666437739,-15.4361249449937,-16.0935822791911,-16.5941761461332,-16.3884200718834,-16.715337505115,-15.5784083923328,-15.6098229899584,-16.6908854775911,-16.1740566648576,-16.4920046611089,-17.1208475936042,-16.1321686993148,-15.906025514546,-16.6657771357516,-16.2904055384518,-15.0855132342113,-14.7889755354779,-15.2418095354362,-13.7815676624004,-15.7583432287089,-16.4336695494975,-15.9849790992819,-15.9768532996732,-16.3362853747352,-16.7190539558913,-16.5646977717247,-15.5203537760148,-15.1136160380945,-14.7776787349677,-16.4946271195153,-15.8986954007428,-14.6642515694952,-15.3089829761432,-16.7639053996763,-16.4881594862516,-17.2218953141278,-15.7889565117008,-16.2928387218257,-15.5839621502984,-16.5111197836896,-17.3397196395449,-17.1534574221326,-15.722536149041,-13.7433718501277,-15.5121333530784,-15.8397904333508,-16.3093269959182,-16.2426444596099,-16.6124173967359,-13.8940587784762,-16.9882781639754,-17.3421819258824,-15.893876741025,-17.0224605290602,-15.377349336054,-14.8253259754219,-16.4298855330296,-16.4013366067388,-15.6606763806289,-16.3644712538,-17.7734092816012,-16.6556737769935,-15.418094761167,-16.5543864435105,-14.6852459657944,-15.8619961382979,-15.4218716638312,-17.0596134868201,-16.474960468208,-16.8239586356423,-16.8096880111444,-16.0299818666219,-14.7791039957425,-16.3872954443351,-15.3588203413371,-16.4335514118787,-14.9237338107841,-15.0100262196608,-16.3175893638521,-18.4843106813485,-15.2099401017647,-14.5304405316423,-15.9537994510469,-14.3977518676014,-15.5529709540262,-16.1529230110583,-15.8992995696164,-16.2740735203962,-16.0100269485869,-17.7979550931755,-16.4834490783031,-15.0319561851346,-15.3884996950066,-16.5467651446621,-17.0636992862208,-14.5012230761499
-1.87743431510465,-2.92899463814143,-2.47521762276566,-1.82770213097838,-3.85079638135384,-3.346440010224,-0.763496618112814,-1.2742027536481,-2.21414732360047,-1.60648099769151,-1.64243185799104,0.0905805030230913,-2.14936162809539,-0.125100363073015,-1.55081096673369,-1.14590579869505,-1.81533267750481,-0.370118373075618,-3.00217897491384,-2.41950155206383,-1.57141654668916,-2.12353150873227,-0.26293299356002,-0.888214700151827,-4.56491028811056,-2.28166432536117,-2.59952827325444,-0.833844452401306,-1.79143831838853,-2.34781643525951,-1.14824662306014,-3.64948084549582,-3.39596874336231,-1.16714447842058,-3.36365736205151,-3.02268884833413,-2.07036301037426,-1.17943555072925,-4.14232094351924,0.482064246042399,-0.74083130648702,-2.40910086553348,-4.56109323378206,-3.97699102730015,-2.54482156630213,0.280613758516581,-3.10849484395321,-1.65426798571549,-1.83048538757888,-3.39362062261928,-1.62549444382517,-1.84387608353169,-2.22845062599301,-1.86121010231122,-0.712655543165913,-1.91919788186268,-0.494164028102375,-2.1682157809999,-1.06320941765418,-0.350671081583002,-1.17280242642844,-1.86563475150352,-2.00920048368286,-2.81439103276755,-3.52805837219995,-1.73620106774869,-1.7386302654015,-2.70863613421277,-3.03463973354558,-2.8666454372488,-2.8359883419791,-0.230163776162739,-2.17245993519972,-2.76978073952843,-2.53025455270872,-3.17043416546908,-1.10209383398688,-1.88564813009955,-4.71809691754847,-0.952755923896901,-1.32003832774407,-1.76453038664325,-2.57806012783035,-0.634733204245185,-3.1509551936671,-3.2675054255869,-0.880674014770856,-3.30068423349365,-2.32652010716417,-1.47070297133773,-1.8075143552783,-1.50021336606848,-2.69453694085902,-1.6076180533941,-2.37359371416582,-1.25343744223781,-2.38449756556271,-1.34055411293364,-1.07560509529036,-1.0993591048231,-2.19535962197853,-0.816753424914283,-1.23011392688848,-1.59218237158465,-4.38233424402563,-0.711188010687638,-1.46784179612374,-2.4905754395007,-2.96676525677776,-1.54515597380832,-1.96925442873346,-3.32438988664004,-2.55580514226584,-2.04648043882698,-1.89753019049773,-1.60542695913059,-1.5163497202931,-1.3634642695914,-2.29547695768924,-2.53415767864967,-2.10528078624454,-0.349436319261234,-3.20458618214468,-3.47305324637029,0.0713426425979149,-2.64781434310183,-2.30552976890876,-3.16462610486848,-1.7532821453539,-2.29251706271865,-1.21882369868999,-1.60169905122402,-2.46898723617869,0.414723037714664,-3.76177793542173,-2.61920979514779,-4.69547639904572,-3.78247868934516,-0.198979533565425,-3.01436926096608,-1.19491142947253,-1.2996015200573,-2.36088451447277,-2.76667685375621,-2.39344219168235,-2.51546938809729,-2.01644613748663,-2.21767442353702,0.944597657905534,-3.11198074231416,-2.45353037980963,-0.877344577669328,-1.36064052725809,-3.77583728249356,-1.119270631737,-2.49382506288152,-2.58522962494165,-1.80571292871984,-3.06749187530873,1.01325207187516,-1.81556907357643,-1.38024049765806,-2.69897240518078,-3.28358744143008,0.514167923014009,-0.570398079448405,-1.71218644453948,-1.40335073939657,-0.69669467297391,-1.54937843643037
11.1256441347367,11.1220316386018,11.8628132771767,12.3484727421542,11.1441895088664,11.8547092229797,11.6019515586581,11.8861626683847,12.3637867794715,11.5135028553758,11.6194664674175,11.9712129200902,12.1469733561851,12.3879717132108,11.4630002100093,11.2215312261232,11.9029435224439,11.6006384240948,11.1776751599457,10.7207536358904,12.5188365872002,11.286476525128,10.7933634191774,12.4975819350128,11.4686609228833,11.2015086255139,11.0785524724657,12.2090950557359,12.0017103898784,11.2225679161388,11.8501631601203,12.0064607906669,13.2488749234051,11.2654180323889,11.764375960559,11.394335964927,12.2280500031684,10.2066851089233,10.3896347346616,12.0556155075591,10.497131084647,12.0649083462291,11.2548675462654,10.8547488685788,11.3210309279267,12.4324956780998,9.31368202817275,11.5929457697165,11.2961548423447,11.7563737878008,12.0407974234606,11.8434808856932,11.2175253793267,11.5084317246075,10.8770950971304,10.2675808469129,11.4175750511054,11.7362956851687,10.721433829155,11.480043399275,11.5968390729785,11.658473657805,11.2237384611076,11.3116011431731,11.8793389887096,11.0374251109261,10.8637538475329,11.9327028535234,11.7056312847079,12.2820860530957,11.4260005871982,11.4123350853627,11.745263303163,11.588691385729,11.9303356880693,12.3136268249876,10.813078192118,10.8230004418638,11.8855173965052,10.6146445200245,10.5044040022013,10.6573873477518,12.0146071467816,11.9331624931313,11.4026500804086,11.5831695406077,10.467069081023,12.166141834426,10.5573706768681,11.7446572006212,11.9701366054191,10.9814373613925,12.0375847430391,11.200326491149,11.4060887755566,12.0063413926416,11.8135921070905,11.3581253326897,10.2026832388399,11.8776528423271,12.6020657543437,11.3738322869322,11.2110607445995,12.0030404762348,13.2095085756194,11.5243281016992,10.6281580171234,11.1511863629722,10.6272486403325,11.0850389108009,10.4210028046879,11.5317935960049,11.146625003767,10.755997028287,11.4459100185565,10.8788944225107,11.1212759988491,10.340159841099,12.4318510539103,11.2113826791782,12.1985522882866,12.0392115297849,11.0779057124778,11.5229709885297,12.1270103950599,11.6018036117857,11.5288175046221,11.5400355385442,11.7500315934648,11.9339050938661,11.1854059274698,11.618808514264,12.2448362559097,12.1781021877911,12.0971175046069,11.2629284291169,12.6879379633761,11.8465970741855,11.3400828755512,12.7186114706513,9.70279698269716,11.3159441986956,11.8332185574914,10.8859456340749,12.7983145373085,12.2189653012689,12.7806309655666,12.3556108231319,11.0526603651987,11.7409926615546,11.2977668516342,10.9286266375996,11.6442130717396,11.7831736508499,11.2273572050727,11.2392441538919,12.297518271705,11.4589632250383,12.0658692112758,11.9847912362244,10.3559165025925,10.9255199697702,10.8217017380989,12.8443568808218,11.106691191937,9.62303565408105,11.4724900185264,11.8673368628708,10.9057618103555,11.2800200022985
-13.3958612788393,-13.5559692018038,-13.4741393300175,-13.0293376083127,-13.2345337526214,-13.6812109359428,-14.0866070791093,-13.9287832208627,-13.1577442024753,-12.9913815329195,-13.9912763328868,-12.1922391456442,-12.3139994228747,-12.8649777187038,-14.6561497150151,-12.5699492102085,-12.8664934994803,-13.369195819441,-12.9290985586124,-12.3421786788141,-12.3352047731421,-13.7698986400747,-12.2591779473867,-13.1468447495126,-12.8227201250695,-15.0732617441429,-13.7976498859163,-12.6133339512946,-11.8861376123647,-13.3949179664984,-11.833280624595,-13.2099074394381,-13.4459427314973,-14.23337841304,-13.8652027782541,-11.7935104737372,-11.8158617017403,-13.0964986043183,-11.7910948922317,-12.8785485465983,-12.485607267754,-13.3264254303145,-12.3009036705068,-13.1056930557087,-13.5140377973788,-11.9499915702364,-12.7976511188572,-13.2867016390574,-14.3917842262554,-14.9514918465931,-12.7932132822094,-13.2075578250678,-12.9682223736069,-12.7413315015615,-13.5598097304703,-12.7079608228384,-12.9034482275399,-13.16377182182,-12.715204416935,-12.6229301288324,-14.2194809848075,-13.7382341050029,-13.2808914529007,-12.7777990055737,-13.4900249469608,-12.4867952187103,-12.2310189841634,-13.853479331932,-13.4302585261808,-13.216974088278,-13.8730392865067,-13.7004540005357,-12.6809850754368,-13.0540892039181,-12.3540184769917,-13.5935967660287,-13.3259449018475,-13.725086748068,-11.5864679615477,-12.5950126783748,-11.8580124712378,-12.0816005947713,-13.0489681047815,-13.2542785456095,-13.6655642772586,-12.6383954618842,-13.336517452244,-14.3747772564269,-12.8517636352906,-12.5360124205608,-12.7630802665425,-12.8521223057334,-11.277069998065,-13.0185055232457,-13.336953796913,-13.790231446802,-12.4204018993082,-13.065649706093,-12.5746296766028,-12.912705949045,-13.7304538072783,-12.8404898617471,-12.3452148043825,-14.2423579768858,-13.2257261802209,-12.6689686908005,-12.2341492443773,-12.758298025364,-13.6415802460455,-13.6387041468642,-13.4274644101889,-12.6344618299603,-12.6698916883673,-13.249667399606,-12.9580199918046,-13.2589102162923,-13.3669630501866,-12.5238033927553,-13.9300230006298,-12.3523059901773,-13.5339549731814,-13.9185777762437,-13.5310916642476,-13.1531974235237,-12.6456063987279,-13.2159595616499,-13.0637345931772,-13.4054665824293,-12.8628076509998,-13.6166991229372,-13.265186747598,-14.5356230706908,-12.5477783221096,-14.0029246590354,-14.2563706185504,-12.7356959665031,-13.0654070103806,-13.3427824638484,-12.4619000368192,-14.0502335540582,-11.9109517182095,-13.2823072653782,-13.8802731030148,-13.1423042718828,-13.6704731088179,-13.0481861524176,-12.2211392971753,-12.7421834693657,-13.1660632463002,-13.2082386351453,-12.1164215137988,-12.5170403219893,-13.0680222085764,-14.6897806926072,-12.5926438352993,-10.9187593423329,-12.8683239317093,-12.7594618302232,-13.9653217509628,-14.1382641609582,-12.5251383378443,-13.0878133124456,-11.94351437676,-13.4722471837949,-14.0171247080546,-12.072407425487,-11.8289619870375,-13.7707415077621,-15.0114549587822,-12.8595451577667
-2.83874679117744,-4.57578266409271,-3.40893516412914,-2.19652771213531,-5.34804286219604,-4.08851544105122,-2.90342894267838,-2.0686645791549,-2.19017811078345,-3.62627945815535,-1.91780767894361,-4.19187683579606,-4.60420394557747,-4.07312915515303,-4.07677037037548,-5.64653054303244,-3.45828886458003,-2.32948092219049,-3.73865628507107,-3.863363895242,-4.23987052785171,-5.6229198896678,-1.87155554562945,-1.59003572476293,-2.29454565230004,-2.84407672245391,-4.47067112158765,-3.51096185818004,-4.94016419364223,-2.83790033100853,-3.50365490072166,-5.37694590122871,-4.06166143194971,-4.13775937786526,-4.72587904436895,-3.37689763815369,-3.28316608967757,-3.71984563278926,-5.34829941924766,-0.985630531605489,-2.77918242893446,-2.49986939393102,-4.40406458595712,-1.9327770761078,-3.86974410708697,-1.72206369566394,-3.93299157507952,-3.61426755181972,-2.07825396835579,-3.98419277865063,-3.02781183606268,-2.66005874130645,-3.29016060191036,-3.04087983537581,-3.32392245628139,-5.56165711693068,-2.8549604123791,-2.80810720382595,-2.15801520415516,-2.2929140952913,-2.58544668716938,-3.29376609642468,-1.78249502014832,-4.395347641431,-3.99266448160188,-2.1113944899719,-2.70149705148489,-3.90326443058525,-4.194578088645,-4.16195460899094,-3.65415019203472,-2.38068493358859,-4.24886529922187,-3.30323984478993,-5.12816343424502,-4.35887434117238,-1.94437123199882,-3.49650447495847,-5.93679437975142,-4.6122048638965,-3.33754021851993,-1.7327284760247,-5.19117361006458,-1.57765070661089,-2.29061756231835,-2.7965699039023,-0.8735578498451,-4.88219768155184,-3.34227925542835,-3.25147633428052,-3.37851917190135,-3.24563063082994,-3.70604251951798,-4.62833989917365,-2.78759390673667,-4.02086898857262,-4.15033542651537,-4.17580798198073,-3.49938830788157,-3.96736884755094,-2.82953774563525,-3.26217395677817,-2.54921637354406,-1.48401154545794,-4.27290761385562,-2.96601679322329,-4.34206066837884,-3.88808278875895,-2.17898785388042,-2.8079625223546,-1.3142589263723,-3.68827352004557,-3.78655352410785,-4.06596487970481,-5.06009221001453,-1.34370986923569,-2.67663148102423,-3.32815059322054,-4.63854874307101,-4.19261326414379,-3.3107022140983,-1.95666766548138,-3.54930687189182,-4.22676111624468,-3.32949160817264,-3.74159661320797,-3.18317036856166,-3.43003080075737,-4.02155592628575,-2.74513509568779,-3.1523009089066,-1.00498488854519,-3.2952800402498,-0.810674761330954,-4.33557027287694,-3.41089140983502,-5.38850824319664,-4.65430937349976,-1.67838581348011,-3.5934235660964,-1.3721457648149,-3.35349122428295,-3.96929996923401,-4.74795087225626,-3.04830673729456,-2.5491284770969,-2.71243120288532,-2.18597208864144,-1.26175092499937,-4.70067872888385,-3.55416796621182,-2.11884222288913,-2.41096815929861,-2.53544715604343,-1.36604031429069,-1.5629041899713,-2.85835437874439,-3.47340091218336,-3.43922910394983,-1.58990547211291,-4.85108914309408,-4.38741627901204,-4.90910767012183,-4.97989657877319,-4.48465225362053,-1.74762383824109,-3.43014585728249,-3.64793939502258,-3.06694261671014,-3.05691212396311
12.4910730650992,12.3926168864367,12.5871213340906,12.6668633726948,12.3816719919087,13.2062261476114,13.3445326755837,13.4516830282073,13.1253391473496,14.4903181831499,13.9283420621741,13.9613823191054,12.5685696621707,14.1928371679238,12.5684825703304,13.7962613108384,13.8768157273711,14.0666792920974,14.3347748020879,14.4414623293532,14.403019113041,14.0851047167137,13.7688887337251,12.3877133500405,13.6160724205456,13.6680737179738,13.5938726506175,14.175558085212,14.4377167401884,12.357489748508,15.9009977110934,13.0378236905115,13.681647676802,13.1599983655229,14.6168060415555,14.1980984687565,13.3093805267194,12.9200897317254,14.6403204770502,14.8530961513189,13.6021410124451,12.896113917648,12.0365981352933,13.0742354216445,13.8166290531536,14.5638837855883,13.1792854812939,13.9252869909278,13.5714186244472,13.6330633791315,14.5487991347725,14.8152277300497,14.3801478415365,12.8423442993281,15.9103845160529,14.7054642433463,12.8687857481032,14.2567278131655,12.5018831435051,13.3677093124141,14.3080707025167,13.9663482489597,12.7198139619962,14.0308916538609,14.6451374254491,13.3993792622549,13.829264958901,13.8903645294076,12.6779375767226,13.8360930846364,13.2694197625528,13.83292339468,13.3503035360392,12.9504561366539,13.380217470243,13.5611350579787,13.7339297723228,13.277920893255,13.0785552349209,13.6183109105451,13.9402210821526,13.0545812668107,13.7237436735247,13.7612078498183,13.3036316464912,14.308374010182,13.6208372578014,13.7734971807326,13.9497771933401,13.68858294331,13.5792456001567,14.3776720671075,13.0926086704741,14.1565621603594,13.463048191283,14.3334047773624,13.6275604967487,13.8802773339707,12.83986902575,13.9523075806156,13.5914859254178,12.8786302887867,15.4404716713742,12.22922507603,12.6436003416148,14.5182915211133,12.5725331406261,13.145749302581,12.1029691478954,13.8459975636377,13.4637377189782,13.1443549665009,14.1701370317968,13.0705230827255,12.667932937615,14.6667237361653,13.9686353822562,14.9273030595666,13.9970721228909,13.1223551675031,14.0171343977025,14.1317554494303,13.7417698318448,14.3418767297724,12.7071464987519,13.9836417219071,13.780911598303,13.0211948677573,13.3978774138573,13.0657630147853,14.0150363241669,12.5990856264965,14.895555138581,13.8056485544516,14.3110535027248,13.3348971834232,14.5674104524999,14.1374725463852,13.5807459933609,14.217351699752,12.993480963657,13.6606424499224,14.4231862233524,13.6654328667695,15.0357679635797,14.4855883481463,14.0267351474008,11.6968893766112,13.8939583746024,14.0838709271885,14.5546082313774,14.925543886584,13.9708517007703,14.1066113285838,14.6115311337885,14.0407580838969,14.0591590897505,13.2697173173346,13.8547253567935,14.1385683741259,12.8759525682509,14.1223963879058,12.8488111175588,14.0669343188389,13.9850132998698,13.6725498168798,13.6158918739214,13.9755854925795,13.0365305174251,14.4743019687074
-12.5240225678476,-12.8018578694245,-12.7775076637298,-10.2239170360849,-12.1383104762267,-11.9910149377844,-11.5839134928541,-12.7478087241491,-10.7056757422125,-11.0781072648154,-12.812610347682,-11.0326541487908,-9.61457960823119,-11.0639027957025,-12.329210143971,-10.2440990860755,-11.2532677070789,-10.0094773723406,-10.7357922062484,-10.205670332848,-8.67321507283556,-11.0634471899039,-10.7260124061352,-12.2962257468423,-11.9019379310302,-14.3772701358941,-10.3178157033742,-10.1200399276819,-11.1226927321564,-13.2104704521116,-11.5526849106751,-10.8592644398144,-11.8151660167972,-12.4147529639735,-11.6800058993113,-11.906918180042,-10.6978735101542,-13.3522423035933,-10.9976604877718,-11.577704942491,-11.0565143100944,-11.1446308787363,-12.8695679130147,-10.6929597417662,-11.8811933492565,-10.8772997181903,-10.6362379574883,-9.52121952019459,-12.3126402990837,-12.3185325104464,-12.3936016668728,-10.5603427443694,-11.665501378768,-11.8093268567319,-10.8021351692778,-11.408167603063,-11.783695700855,-12.7451544156448,-10.0820836392289,-10.7463240774574,-11.4179614300665,-10.4766780157406,-10.27626678252,-10.8897259999958,-11.9577948079121,-11.7602929675343,-10.5111208654733,-12.4169528297036,-11.2263904162744,-11.5395735003042,-11.1209121309997,-11.097168420168,-10.6303627647215,-14.0085364327278,-9.69581564058574,-11.0370548903811,-11.3764443314897,-11.2568051772193,-10.6734027246256,-11.4816403827691,-10.2498855975511,-11.4951342348608,-10.3759353355424,-11.8059815499882,-11.887689266049,-11.1617996348593,-10.7734032517283,-11.4662868963632,-11.9071994457975,-11.3110543328208,-10.0365656546184,-11.9053132460759,-8.76834272261169,-10.1980631554529,-11.8083048780961,-11.2373222631847,-10.7254951323613,-11.5364757169939,-11.6769907293171,-10.9445893625975,-10.0227840955259,-10.9037274124277,-9.0827214027748,-12.1366803923174,-11.3753203399174,-10.8722057093427,-11.1615086365121,-10.5288037012634,-11.5881810017019,-12.0521740393154,-10.1332786378342,-11.2152391956718,-10.3148789397042,-11.0155857100902,-11.8135247231953,-11.3837415287084,-11.6853357689062,-11.1972006685904,-11.7094034282203,-10.5304012886157,-11.1860031960955,-11.1137473837702,-11.3182514438867,-11.7033967756301,-10.7253691776245,-12.0751535583039,-10.6109966662405,-12.0789040055165,-11.9069380484398,-12.0361954139808,-11.6147427332363,-12.5226826308189,-11.1445369902137,-11.8254892134982,-12.9280038387121,-11.9250443073245,-10.156010834156,-9.98264605734112,-11.4452410172443,-10.3470343554185,-10.5548995618055,-10.1068469147144,-11.9766079692454,-11.9945454809143,-10.8205830702702,-11.3814875643474,-9.12831077664927,-12.556184557313,-10.0838102157702,-11.949462387542,-9.54898602853217,-7.70536857913707,-9.77234378616776,-13.3454859420014,-12.1877638213653,-10.5814573681849,-11.4182463632179,-10.7761074329182,-10.171708232459,-12.2786979361571,-9.85163050626247,-11.2443735431883,-10.484056758243,-11.9309460471208,-12.2752675762868,-9.38441812896194,-11.2769680960226,-10.8714477279265,-12.2201603091251,-10.7116085592938
2.13746348746423,-0.410676120989589,-0.106639484169885,-0.675025626593796,-2.8413929231385,-0.463964998268478,-1.72805249891851,0.975814734512444,-0.295687740066086,-2.01686518223619,1.45502270563602,-0.555654581114809,-0.294994957150498,-1.58767507822568,-0.397580143504687,-0.141868446235701,-2.07600324529438,-4.58550811525942,-2.56944908410617,-4.69526650455413,-2.27936153895304,-0.803238298544387,-0.751394240013331,2.37180724107999,-0.350998616431887,1.77557381317392,-2.4064460741219,0.124758872023982,-0.423990171575651,2.16198779139746,-1.56483259981719,-3.01251467545345,0.890223892564309,0.782769016051588,-2.77845344249862,-1.11956877679582,0.049970768220916,-1.63253395777894,-3.93781402035261,1.68562338456627,-2.54516734479969,0.256909560154075,2.81573333586721,1.63844857053646,-1.41732137728742,-2.48983283194741,-3.21567600889783,-2.27508148283446,-1.84639609553504,-1.5859511530188,0.437573953876122,-1.40217554514607,-2.00080770982118,1.08860355668551,-4.60711303129763,-2.36351256177143,1.6636887504267,2.23069203422747,-0.181813365148428,0.498528671496761,-1.52813684101546,-3.88615012330587,-0.430150357999879,-1.90000775008489,-2.11692698464855,1.50056697504861,-1.41563062128231,-0.639729562567523,-1.15055699518265,-0.411393633027077,-1.64301189929715,-0.864730372803453,-1.94072286032849,0.616300115225168,-1.88154514668378,-0.793948825487595,-0.679658583341841,1.25522434504701,-2.67815174776284,-1.84098118702766,-3.58564644816366,-0.74380215425835,-3.36162765415661,0.452413562623502,1.70503728122883,0.240834411108677,-0.139819115728004,-2.04625526458281,-2.04966587483315,0.270308039250351,-1.29622174252605,-2.22799406986436,-1.0035265163286,-4.34477797756897,0.0412283910306069,-2.59478122369489,-1.71298421984685,-0.480183146077805,0.0211477622316213,-1.38849649752151,-0.700716116878005,0.31513592961245,-2.43093486619962,2.56920871406288,1.00251677471136,-3.34895983158696,-1.40620684198265,-2.09417918382837,0.323663669215119,-1.90449342497604,-1.79352516305418,-1.23787419574383,-1.55887463365069,-1.04517754215232,-2.42287071789562,-1.91169018893204,-2.4594089084585,-0.864783295494078,-0.979463137195006,-1.4285431992842,-1.57057438193253,-1.15866772648719,-0.889765415664802,-1.94340357492687,-0.817275400819198,-2.40090233833178,-0.666469668308751,-0.0347339824336221,-0.621413747255503,-0.46255612784529,-0.286039383818415,1.48073125506489,-0.784024778824936,1.36032816981469,-0.403577360476645,0.0862462307400643,-3.5192431582005,-2.97784362767816,0.165931200871813,-3.72058920550894,-2.73877721865958,-0.59808000134747,-3.60946492141652,-1.04180339848708,-1.28340107788336,0.593364849572241,1.14855403934904,3.97712750475174,-0.566712238102967,-2.36517364689845,-2.56921262748465,-7.15073255565095,-1.38304946638717,2.50357987027593,0.762703424171821,0.483163564324117,0.354480659900716,-0.429339425864544,-2.84233268331876,0.299126072036148,-0.113407930320936,-2.93636966253028,-3.98449974402447,-0.777550105284865,-1.77955827144992,-3.36537801048341,1.0490538446506,-1.24868256804111,-0.533261714911946,-1.58558326524997
13.516133153373,14.5022353717994,12.2730471968488,12.4467078068096,12.5934430321399,12.8750604506446,13.448863314721,13.3273282151459,13.4784834414891,13.862057203052,13.4249064053382,12.9211649160609,13.4982448423546,13.5594198577187,12.0830491296353,14.0248715233927,12.9006315229299,13.1189688833329,14.3623074355301,14.1897812020625,13.3570201558285,13.2918526194723,14.5125123378939,14.2871378892154,13.1724739875965,12.0663540449099,14.658881950307,12.9100111256743,14.014113335191,12.9092105811736,14.3022152551378,12.2000907175017,13.7449584975768,13.2273928000811,13.4387280798693,14.5179661321023,13.3429186375379,14.3625739642438,12.8618370464465,15.937538728968,13.4055993706241,14.4632065025489,13.1337987065021,12.0121206462229,13.1793775140732,14.9647812434596,12.6409975037312,13.6550707146741,14.5808735550219,12.2057840710882,13.9174651337342,13.6324285653884,13.00878602861,12.3436384104114,13.904467205811,12.9896133240115,13.5767811885152,12.7860465562047,11.949560828884,13.4483901188021,13.7293955705365,13.49953256559,13.3443332817715,14.1871678663631,13.6644683488368,12.6428167091532,12.737042958571,13.9693005663677,14.3000640463628,13.2162631011733,13.4206004408062,12.0087711367361,12.3497965465089,13.7793881907075,13.4237253929965,12.8194530061908,13.0720153624941,12.7583161519631,12.8271134710081,13.3115837100156,13.8643379769923,13.5725619128703,13.1803208626263,12.4076985364715,13.5187858816223,13.6894347044816,14.1604462297265,13.4351172301483,12.7287787136844,14.1187825830862,14.8521331825659,14.3763526025723,13.7441258345236,13.1711873313717,12.0485823970292,13.8117303214714,13.3122165801103,11.9112834656912,11.6601190124293,12.3814534214583,12.9916352728142,13.5195814252176,13.5734335003485,13.2350163301003,14.0502986550961,12.8564688454682,12.8132309843554,12.620214566863,13.2255396070032,13.5620334534617,13.6198809406534,12.9272179950346,12.4215939740641,13.9175404351271,11.966938684902,12.7240263682114,13.3087877482937,13.5793889329486,12.7786366612343,11.0288769419053,14.5092445545046,14.4141531657549,12.9355591277924,14.2714410348074,13.1644559846916,11.2464435083474,13.4231552476949,12.789292745892,13.08456286088,13.0168840254644,13.7631893920119,12.5114446806236,13.4495513539754,13.6705468593716,13.0654196416534,13.5140600286927,12.593756861592,12.9546682912956,12.8470093231075,12.8870666022681,15.0479065091893,13.1974430660851,13.6249088174485,13.4463339176133,13.6714063668703,12.966332843554,13.2763868429659,12.9506827583616,14.4117952392977,13.3962037147241,13.2451569106736,15.0958828434643,13.3342186994032,13.1530996531509,13.3484656812903,14.3245192184094,12.9818445074229,15.102283787162,13.5656097051443,13.7679854866088,13.6758210211265,13.1917949647393,12.1483261895985,12.7761471102921,12.9911064181244,14.090092720666,12.9327439190139,12.8316411111356,12.2176318214484,14.0083476099611
-7.12326436680992,-7.74504387413325,-8.32039753215343,-8.31100458825459,-9.60602570875018,-8.20964141846839,-6.74425453524491,-8.57865481382499,-7.23070390519203,-6.56641548985473,-6.89153760327813,-7.89885304995299,-5.98897986447052,-7.51295025227236,-8.88746355759185,-7.46355670446274,-6.86279192251596,-7.52755478149151,-7.42697991383057,-8.235280461119,-6.12046761693017,-7.38738072898526,-5.71299377477191,-8.06687130960123,-8.51996535085114,-10.3347981084475,-6.5633375689648,-5.36317112230094,-6.71113907786525,-7.38497109953967,-6.04948337199691,-8.53563690712368,-7.54223384011398,-8.39249353689715,-8.72597272487489,-6.80318021584369,-8.7341633945407,-7.76865195316412,-7.62819355200803,-6.86541223187041,-7.32325670386466,-6.34343925010694,-8.73724978247524,-7.03180015345143,-8.49643774508355,-6.52809212514407,-7.91716194050497,-6.45703063482685,-7.81837758635591,-8.06877451304703,-8.0843710852652,-6.64247506428207,-8.18272869981356,-7.94666163680114,-7.9311761351442,-8.84806723607655,-7.80233643257777,-8.92592500332653,-6.46462455294363,-6.49795173253377,-6.01215762110295,-8.46092563671474,-6.90958948148396,-8.07036962169305,-7.46056589758957,-7.97252109282571,-7.28986976757653,-7.51728901649665,-7.72380914938247,-8.02461197587279,-8.46936324040437,-9.68359696046477,-6.89627849897477,-8.86142120738956,-7.41643555227088,-8.01201399412317,-6.62610835194506,-8.09407018954746,-10.882605658432,-7.47596487770067,-6.86708094939457,-7.25894879551271,-7.48234076336828,-8.08821133887437,-7.21876618181074,-6.92293175539648,-7.51181057557046,-7.76998214851386,-8.86434802058993,-6.28159959322424,-5.96331230610989,-7.28411653635892,-5.90409921741113,-6.75547680742939,-7.42476897252541,-7.71899549610652,-8.92843888489585,-9.23894701566794,-7.73761023901701,-8.28670984342913,-5.69900995445627,-6.84768640548528,-6.18147307541218,-5.57671002475726,-5.95719338368733,-5.42172296357193,-5.94196906355615,-6.99924902836021,-7.45675289868459,-8.34140119405661,-6.85069869093369,-7.38319476399773,-8.75411516408262,-7.26430300298707,-8.96683562422256,-9.38778854382343,-6.68680946844153,-6.90594088044107,-7.99401016638125,-7.75228879497508,-7.47554891421611,-7.01933156809435,-8.07930919446342,-6.26863431856908,-8.02388869088361,-8.97343102619541,-6.9723932255014,-8.62001581735363,-7.27474440555678,-6.2117797673086,-8.41240924819481,-9.18751316747313,-6.64719538059785,-6.78194022880334,-10.1379937822419,-7.90398861789946,-7.34005553088255,-7.81729593557847,-7.89159805416534,-7.85975339408021,-6.18790895945274,-7.63098230815158,-7.67420309537755,-9.54357522636601,-6.24241555811285,-8.15504389320428,-5.41158050500008,-7.0196376713975,-5.90712708662331,-8.56677030556203,-6.4927400651088,-5.93271233945536,-6.87412717096349,-7.68632196741376,-6.87613874175411,-5.14597327164225,-7.83460255340703,-5.38031767416813,-7.79601915376596,-7.90651845498638,-7.66245566681248,-7.59086310211626,-6.85865302953127,-8.99670212531615,-8.96048034990398,-7.36264392897158,-6.26148647612659,-7.42054673371795,-10.8146856419762,-6.19457452171122
-1.23221456812707,-0.218617319337081,0.854093475275013,2.56955801776963,3.53095221011999,0.0875971448766509,-2.41644663600193,1.04795373079818,-0.273567666808127,-0.942575572497295,-1.62142967988351,1.34473646217384,-0.851196269277448,-0.0511920263678575,0.14787253580004,-0.814516193747813,-0.539732706493213,-0.746762905041077,-0.0683099093913513,1.30959675603761,-0.729909318124692,-1.51398796441747,-2.17386165301743,1.1629722261597,2.30308838404312,0.752881742386224,-0.958042301308845,-2.33908498204819,-0.888986824291337,-1.27978368044409,0.163468710866256,-0.358067957850535,1.4514203007826,-1.06131460943219,0.719847103229441,1.14419709887453,2.21207536251284,-0.67041217818516,-0.326972138664005,-0.135277221403037,-1.77777576763434,-1.5750275629384,1.33895317277769,-1.09351848658921,0.0871971261196376,-1.98471410591092,1.05479046381732,-0.921610480136726,0.16182284573947,-0.350713073803559,0.51155896183162,-0.485496650817037,1.00100586250394,1.16449521334268,0.490265163814623,-1.80642739986021,-0.00887231538180396,2.22787827861033,0.540705838376091,-0.329582713658831,-2.91050872981816,1.90915386131333,0.470134570699358,0.827799576152763,2.11903014812879,0.702002718999997,-1.05379969323952,-1.52157405956083,0.240251054254931,1.49706521396725,1.1354220853773,0.999022089836651,-0.592406533102861,2.71709337414662,0.503101683651291,-0.81779100771087,-1.97562566969622,0.183230605501051,4.5950784307623,-0.465366613356916,-1.11946584691301,-1.78048755421814,0.115120610076931,1.40019797856369,-0.434729496846242,-2.63107879766937,0.70048646364184,-0.691845321698898,2.02483744425814,-2.48201745702525,-0.246452868567483,-1.87607679942333,0.0791333545965733,0.54412086015889,-1.87131163413448,-1.47824252667294,2.08360901702979,0.763451029702507,0.240059615673314,0.667079405501671,-1.56185900449966,-2.42639870397061,-0.550342403713516,-3.34614336547767,-1.60871512140065,-1.76883481352562,-2.95221526943424,-0.635058590270894,-0.924612342559514,-0.508801973420811,-0.678332283185008,-0.941638630034393,1.45312067440278,0.787666821384432,2.67071324977756,2.04141141476942,-3.05114736018665,-0.00163356690813697,0.604703931982197,0.00993590648122679,-1.34323856897364,-0.598340363833083,1.83957378527059,-0.923681516328882,-0.343770995576345,0.213555910370029,-1.15898175246541,2.64027955615366,-1.06616428105282,-2.71425974000949,-1.42475201146867,2.06506901452558,-0.0252069473142667,-1.09093618341589,-0.208377440358274,-0.136798676535152,-0.315562803337075,2.55389129656279,0.152207428089284,-0.30891561248026,1.02792774178365,-1.0709645061828,-0.32360863919521,2.27950973735548,0.350984816564877,1.23242092821342,-1.33068544314475,-1.1968262333602,-0.388127657298393,0.964190787279084,-0.92452435881904,-0.0719302673384376,-0.629520916807201,-2.3991277402803,-0.0904707647893051,-1.53522355039182,1.71747904465863,-3.1017026883777,2.15112878684269,-1.45824268685344,1.6808622662465,-0.326107734658904,1.22467840500427,0.843737367915787,-0.281387576658423,-0.323005303380275,-1.53603641898238,1.04294493318364,2.22566177099511,-1.09256450482417
